0 0.000410059
0.000488281 0.00123018
0.000976562 0.0020503
0.00146484 0.00287042
0.00195312 0.00369055
0.00244141 0.00451068
0.00292969 0.00533082
0.00341797 0.00615096
0.00390625 0.00697112
0.00439453 0.00779128
0.00488281 0.00861146
0.00537109 0.00943165
0.00585938 0.0102518
0.00634766 0.0110721
0.00683594 0.0118923
0.00732422 0.0127125
0.0078125 0.0135328
0.00830078 0.0143531
0.00878906 0.0151734
0.00927734 0.0159937
0.00976562 0.0168141
0.0102539 0.0176344
0.0107422 0.0184548
0.0112305 0.0192752
0.0117188 0.0200957
0.012207 0.0209162
0.0126953 0.0217367
0.0131836 0.0225572
0.0136719 0.0233777
0.0141602 0.0241983
0.0146484 0.0250189
0.0151367 0.0258396
0.015625 0.0266603
0.0161133 0.027481
0.0166016 0.0283017
0.0170898 0.0291225
0.0175781 0.0299433
0.0180664 0.0307641
0.0185547 0.031585
0.019043 0.032406
0.0195312 0.0332269
0.0200195 0.0340479
0.0205078 0.0348689
0.0209961 0.03569
0.0214844 0.0365111
0.0219727 0.0373323
0.0224609 0.0381535
0.0229492 0.0389747
0.0234375 0.039796
0.0239258 0.0406173
0.0244141 0.0414386
0.0249023 0.04226
0.0253906 0.0430814
0.0258789 0.0439029
0.0263672 0.0447244
0.0268555 0.045546
0.0273438 0.0463676
0.027832 0.0471892
0.0283203 0.0480109
0.0288086 0.0488326
0.0292969 0.0496544
0.0297852 0.0504762
0.0302734 0.051298
0.0307617 0.0521199
0.03125 0.0529418
0.0317383 0.0537638
0.0322266 0.0545858
0.0327148 0.0554079
0.0332031 0.0562299
0.0336914 0.0570521
0.0341797 0.0578742
0.034668 0.0586964
0.0351562 0.0595187
0.0356445 0.060341
0.0361328 0.0611633
0.0366211 0.0619856
0.0371094 0.062808
0.0375977 0.0636305
0.0380859 0.0644529
0.0385742 0.0652754
0.0390625 0.066098
0.0395508 0.0669206
0.0400391 0.0677432
0.0405273 0.0685658
0.0410156 0.0693885
0.0415039 0.0702112
0.0419922 0.0710339
0.0424805 0.0718567
0.0429688 0.0726795
0.043457 0.0735023
0.0439453 0.0743252
0.0444336 0.0751481
0.0449219 0.075971
0.0454102 0.0767939
0.0458984 0.0776169
0.0463867 0.0784399
0.046875 0.0792629
0.0473633 0.0800859
0.0478516 0.080909
0.0483398 0.0817321
0.0488281 0.0825552
0.0493164 0.0833783
0.0498047 0.0842015
0.050293 0.0850247
0.0507812 0.0858479
0.0512695 0.0866711
0.0517578 0.0874943
0.0522461 0.0883176
0.0527344 0.0891408
0.0532227 0.0899641
0.0537109 0.0907874
0.0541992 0.0916107
0.0546875 0.0924341
0.0551758 0.0932574
0.0556641 0.0940807
0.0561523 0.0949041
0.0566406 0.0957275
0.0571289 0.0965508
0.0576172 0.0973742
0.0581055 0.0981976
0.0585938 0.099021
0.059082 0.0998445
0.0595703 0.100668
0.0600586 0.101491
0.0605469 0.102315
0.0610352 0.103138
0.0615234 0.103962
0.0620117 0.104785
0.0625 0.105608
0.0629883 0.106432
0.0634766 0.107255
0.0639648 0.108079
0.0644531 0.108902
0.0649414 0.109726
0.0654297 0.110549
0.065918 0.111373
0.0664062 0.112196
0.0668945 0.113019
0.0673828 0.113843
0.0678711 0.114666
0.0683594 0.11549
0.0688477 0.116313
0.0693359 0.117137
0.0698242 0.11796
0.0703125 0.118783
0.0708008 0.119607
0.0712891 0.12043
0.0717773 0.121253
0.0722656 0.122077
0.0727539 0.1229
0.0732422 0.123723
0.0737305 0.124547
0.0742188 0.12537
0.074707 0.126193
0.0751953 0.127017
0.0756836 0.12784
0.0761719 0.128663
0.0766602 0.129486
0.0771484 0.13031
0.0776367 0.131133
0.078125 0.131956
0.0786133 0.132779
0.0791016 0.133602
0.0795898 0.134425
0.0800781 0.135248
0.0805664 0.136072
0.0810547 0.136895
0.081543 0.137718
0.0820312 0.138541
0.0825195 0.139364
0.0830078 0.140187
0.0834961 0.14101
0.0839844 0.141833
0.0844727 0.142656
0.0849609 0.143479
0.0854492 0.144301
0.0859375 0.145124
0.0864258 0.145947
0.0869141 0.14677
0.0874023 0.147593
0.0878906 0.148416
0.0883789 0.149238
0.0888672 0.150061
0.0893555 0.150884
0.0898438 0.151706
0.090332 0.152529
0.0908203 0.153352
0.0913086 0.154174
0.0917969 0.154997
0.0922852 0.155819
0.0927734 0.156642
0.0932617 0.157465
0.09375 0.158287
0.0942383 0.159109
0.0947266 0.159932
0.0952148 0.160754
0.0957031 0.161577
0.0961914 0.162399
0.0966797 0.163221
0.097168 0.164043
0.0976562 0.164866
0.0981445 0.165688
0.0986328 0.16651
0.0991211 0.167332
0.0996094 0.168154
0.100098 0.168976
0.100586 0.169799
0.101074 0.170621
0.101562 0.171443
0.102051 0.172264
0.102539 0.173086
0.103027 0.173908
0.103516 0.17473
0.104004 0.175552
0.104492 0.176374
0.10498 0.177196
0.105469 0.178017
0.105957 0.178839
0.106445 0.179661
0.106934 0.180482
0.107422 0.181304
0.10791 0.182126
0.108398 0.182947
0.108887 0.183769
0.109375 0.18459
0.109863 0.185411
0.110352 0.186233
0.11084 0.187054
0.111328 0.187876
0.111816 0.188697
0.112305 0.189518
0.112793 0.190339
0.113281 0.19116
0.11377 0.191982
0.114258 0.192803
0.114746 0.193624
0.115234 0.194445
0.115723 0.195266
0.116211 0.196087
0.116699 0.196908
0.117188 0.197729
0.117676 0.198549
0.118164 0.19937
0.118652 0.200191
0.119141 0.201012
0.119629 0.201832
0.120117 0.202653
0.120605 0.203474
0.121094 0.204294
0.121582 0.205115
0.12207 0.205935
0.122559 0.206756
0.123047 0.207576
0.123535 0.208397
0.124023 0.209217
0.124512 0.210037
0.125 0.210857
0.125488 0.211678
0.125977 0.212498
0.126465 0.213318
0.126953 0.214138
0.127441 0.214958
0.12793 0.215778
0.128418 0.216598
0.128906 0.217418
0.129395 0.218238
0.129883 0.219058
0.130371 0.219878
0.130859 0.220697
0.131348 0.221517
0.131836 0.222337
0.132324 0.223156
0.132812 0.223976
0.133301 0.224795
0.133789 0.225615
0.134277 0.226434
0.134766 0.227254
0.135254 0.228073
0.135742 0.228892
0.13623 0.229712
0.136719 0.230531
0.137207 0.23135
0.137695 0.232169
0.138184 0.232988
0.138672 0.233807
0.13916 0.234626
0.139648 0.235445
0.140137 0.236264
0.140625 0.237083
0.141113 0.237902
0.141602 0.238721
0.14209 0.239539
0.142578 0.240358
0.143066 0.241177
0.143555 0.241995
0.144043 0.242814
0.144531 0.243632
0.14502 0.244451
0.145508 0.245269
0.145996 0.246087
0.146484 0.246906
0.146973 0.247724
0.147461 0.248542
0.147949 0.24936
0.148438 0.250178
0.148926 0.250996
0.149414 0.251814
0.149902 0.252632
0.150391 0.25345
0.150879 0.254268
0.151367 0.255086
0.151855 0.255904
0.152344 0.256721
0.152832 0.257539
0.15332 0.258357
0.153809 0.259174
0.154297 0.259992
0.154785 0.260809
0.155273 0.261626
0.155762 0.262444
0.15625 0.263261
0.156738 0.264078
0.157227 0.264895
0.157715 0.265713
0.158203 0.26653
0.158691 0.267347
0.15918 0.268164
0.159668 0.26898
0.160156 0.269797
0.160645 0.270614
0.161133 0.271431
0.161621 0.272248
0.162109 0.273064
0.162598 0.273881
0.163086 0.274697
0.163574 0.275514
0.164062 0.27633
0.164551 0.277146
0.165039 0.277963
0.165527 0.278779
0.166016 0.279595
0.166504 0.280411
0.166992 0.281227
0.16748 0.282043
0.167969 0.282859
0.168457 0.283675
0.168945 0.284491
0.169434 0.285307
0.169922 0.286123
0.17041 0.286938
0.170898 0.287754
0.171387 0.28857
0.171875 0.289385
0.172363 0.2902
0.172852 0.291016
0.17334 0.291831
0.173828 0.292646
0.174316 0.293462
0.174805 0.294277
0.175293 0.295092
0.175781 0.295907
0.17627 0.296722
0.176758 0.297537
0.177246 0.298352
0.177734 0.299166
0.178223 0.299981
0.178711 0.300796
0.179199 0.30161
0.179688 0.302425
0.180176 0.303239
0.180664 0.304054
0.181152 0.304868
0.181641 0.305682
0.182129 0.306497
0.182617 0.307311
0.183105 0.308125
0.183594 0.308939
0.184082 0.309753
0.18457 0.310567
0.185059 0.311381
0.185547 0.312194
0.186035 0.313008
0.186523 0.313822
0.187012 0.314635
0.1875 0.315449
0.187988 0.316262
0.188477 0.317076
0.188965 0.317889
0.189453 0.318702
0.189941 0.319515
0.19043 0.320329
0.190918 0.321142
0.191406 0.321955
0.191895 0.322767
0.192383 0.32358
0.192871 0.324393
0.193359 0.325206
0.193848 0.326018
0.194336 0.326831
0.194824 0.327644
0.195312 0.328456
0.195801 0.329268
0.196289 0.330081
0.196777 0.330893
0.197266 0.331705
0.197754 0.332517
0.198242 0.333329
0.19873 0.334141
0.199219 0.334953
0.199707 0.335765
0.200195 0.336577
0.200684 0.337388
0.201172 0.3382
0.20166 0.339011
0.202148 0.339823
0.202637 0.340634
0.203125 0.341446
0.203613 0.342257
0.204102 0.343068
0.20459 0.343879
0.205078 0.34469
0.205566 0.345501
0.206055 0.346312
0.206543 0.347123
0.207031 0.347934
0.20752 0.348744
0.208008 0.349555
0.208496 0.350365
0.208984 0.351176
0.209473 0.351986
0.209961 0.352796
0.210449 0.353607
0.210938 0.354417
0.211426 0.355227
0.211914 0.356037
0.212402 0.356847
0.212891 0.357657
0.213379 0.358466
0.213867 0.359276
0.214355 0.360086
0.214844 0.360895
0.215332 0.361705
0.21582 0.362514
0.216309 0.363323
0.216797 0.364133
0.217285 0.364942
0.217773 0.365751
0.218262 0.36656
0.21875 0.367369
0.219238 0.368177
0.219727 0.368986
0.220215 0.369795
0.220703 0.370603
0.221191 0.371412
0.22168 0.37222
0.222168 0.373029
0.222656 0.373837
0.223145 0.374645
0.223633 0.375453
0.224121 0.376261
0.224609 0.377069
0.225098 0.377877
0.225586 0.378685
0.226074 0.379492
0.226562 0.3803
0.227051 0.381107
0.227539 0.381915
0.228027 0.382722
0.228516 0.38353
0.229004 0.384337
0.229492 0.385144
0.22998 0.385951
0.230469 0.386758
0.230957 0.387565
0.231445 0.388371
0.231934 0.389178
0.232422 0.389985
0.23291 0.390791
0.233398 0.391598
0.233887 0.392404
0.234375 0.39321
0.234863 0.394016
0.235352 0.394822
0.23584 0.395628
0.236328 0.396434
0.236816 0.39724
0.237305 0.398046
0.237793 0.398851
0.238281 0.399657
0.23877 0.400462
0.239258 0.401268
0.239746 0.402073
0.240234 0.402878
0.240723 0.403683
0.241211 0.404488
0.241699 0.405293
0.242188 0.406098
0.242676 0.406903
0.243164 0.407707
0.243652 0.408512
0.244141 0.409316
0.244629 0.410121
0.245117 0.410925
0.245605 0.411729
0.246094 0.412533
0.246582 0.413337
0.24707 0.414141
0.247559 0.414945
0.248047 0.415748
0.248535 0.416552
0.249023 0.417355
0.249512 0.418159
0.25 0.418962
0.250488 0.419765
0.250977 0.420569
0.251465 0.421372
0.251953 0.422175
0.252441 0.422977
0.25293 0.42378
0.253418 0.424583
0.253906 0.425385
0.254395 0.426188
0.254883 0.42699
0.255371 0.427792
0.255859 0.428595
0.256348 0.429397
0.256836 0.430199
0.257324 0.431
0.257812 0.431802
0.258301 0.432604
0.258789 0.433405
0.259277 0.434207
0.259766 0.435008
0.260254 0.435809
0.260742 0.436611
0.26123 0.437412
0.261719 0.438213
0.262207 0.439014
0.262695 0.439814
0.263184 0.440615
0.263672 0.441415
0.26416 0.442216
0.264648 0.443016
0.265137 0.443816
0.265625 0.444617
0.266113 0.445417
0.266602 0.446217
0.26709 0.447016
0.267578 0.447816
0.268066 0.448616
0.268555 0.449415
0.269043 0.450215
0.269531 0.451014
0.27002 0.451813
0.270508 0.452612
0.270996 0.453411
0.271484 0.45421
0.271973 0.455009
0.272461 0.455807
0.272949 0.456606
0.273438 0.457404
0.273926 0.458203
0.274414 0.459001
0.274902 0.459799
0.275391 0.460597
0.275879 0.461395
0.276367 0.462193
0.276855 0.46299
0.277344 0.463788
0.277832 0.464585
0.27832 0.465383
0.278809 0.46618
0.279297 0.466977
0.279785 0.467774
0.280273 0.468571
0.280762 0.469367
0.28125 0.470164
0.281738 0.470961
0.282227 0.471757
0.282715 0.472553
0.283203 0.47335
0.283691 0.474146
0.28418 0.474942
0.284668 0.475737
0.285156 0.476533
0.285645 0.477329
0.286133 0.478124
0.286621 0.47892
0.287109 0.479715
0.287598 0.48051
0.288086 0.481305
0.288574 0.4821
0.289062 0.482895
0.289551 0.483689
0.290039 0.484484
0.290527 0.485278
0.291016 0.486073
0.291504 0.486867
0.291992 0.487661
0.29248 0.488455
0.292969 0.489249
0.293457 0.490042
0.293945 0.490836
0.294434 0.491629
0.294922 0.492423
0.29541 0.493216
0.295898 0.494009
0.296387 0.494802
0.296875 0.495595
0.297363 0.496388
0.297852 0.49718
0.29834 0.497973
0.298828 0.498765
0.299316 0.499557
0.299805 0.500349
0.300293 0.501141
0.300781 0.501933
0.30127 0.502725
0.301758 0.503516
0.302246 0.504308
0.302734 0.505099
0.303223 0.50589
0.303711 0.506682
0.304199 0.507473
0.304688 0.508263
0.305176 0.509054
0.305664 0.509845
0.306152 0.510635
0.306641 0.511425
0.307129 0.512215
0.307617 0.513005
0.308105 0.513795
0.308594 0.514585
0.309082 0.515375
0.30957 0.516164
0.310059 0.516954
0.310547 0.517743
0.311035 0.518532
0.311523 0.519321
0.312012 0.52011
0.3125 0.520899
0.312988 0.521687
0.313477 0.522476
0.313965 0.523264
0.314453 0.524052
0.314941 0.52484
0.31543 0.525628
0.315918 0.526416
0.316406 0.527203
0.316895 0.527991
0.317383 0.528778
0.317871 0.529565
0.318359 0.530352
0.318848 0.531139
0.319336 0.531926
0.319824 0.532713
0.320312 0.533499
0.320801 0.534285
0.321289 0.535072
0.321777 0.535858
0.322266 0.536644
0.322754 0.537429
0.323242 0.538215
0.32373 0.539
0.324219 0.539786
0.324707 0.540571
0.325195 0.541356
0.325684 0.542141
0.326172 0.542926
0.32666 0.54371
0.327148 0.544495
0.327637 0.545279
0.328125 0.546063
0.328613 0.546847
0.329102 0.547631
0.32959 0.548415
0.330078 0.549199
0.330566 0.549982
0.331055 0.550765
0.331543 0.551548
0.332031 0.552331
0.33252 0.553114
0.333008 0.553897
0.333496 0.554679
0.333984 0.555462
0.334473 0.556244
0.334961 0.557026
0.335449 0.557808
0.335938 0.55859
0.336426 0.559371
0.336914 0.560153
0.337402 0.560934
0.337891 0.561715
0.338379 0.562496
0.338867 0.563277
0.339355 0.564058
0.339844 0.564838
0.340332 0.565619
0.34082 0.566399
0.341309 0.567179
0.341797 0.567959
0.342285 0.568739
0.342773 0.569518
0.343262 0.570298
0.34375 0.571077
0.344238 0.571856
0.344727 0.572635
0.345215 0.573414
0.345703 0.574192
0.346191 0.574971
0.34668 0.575749
0.347168 0.576527
0.347656 0.577305
0.348145 0.578083
0.348633 0.57886
0.349121 0.579638
0.349609 0.580415
0.350098 0.581192
0.350586 0.581969
0.351074 0.582746
0.351562 0.583523
0.352051 0.584299
0.352539 0.585075
0.353027 0.585851
0.353516 0.586627
0.354004 0.587403
0.354492 0.588179
0.35498 0.588954
0.355469 0.589729
0.355957 0.590504
0.356445 0.591279
0.356934 0.592054
0.357422 0.592829
0.35791 0.593603
0.358398 0.594377
0.358887 0.595151
0.359375 0.595925
0.359863 0.596699
0.360352 0.597472
0.36084 0.598246
0.361328 0.599019
0.361816 0.599792
0.362305 0.600565
0.362793 0.601337
0.363281 0.60211
0.36377 0.602882
0.364258 0.603654
0.364746 0.604426
0.365234 0.605198
0.365723 0.605969
0.366211 0.60674
0.366699 0.607512
0.367188 0.608283
0.367676 0.609053
0.368164 0.609824
0.368652 0.610594
0.369141 0.611365
0.369629 0.612135
0.370117 0.612905
0.370605 0.613674
0.371094 0.614444
0.371582 0.615213
0.37207 0.615982
0.372559 0.616751
0.373047 0.61752
0.373535 0.618288
0.374023 0.619057
0.374512 0.619825
0.375 0.620593
0.375488 0.621361
0.375977 0.622128
0.376465 0.622896
0.376953 0.623663
0.377441 0.62443
0.37793 0.625197
0.378418 0.625963
0.378906 0.62673
0.379395 0.627496
0.379883 0.628262
0.380371 0.629028
0.380859 0.629793
0.381348 0.630559
0.381836 0.631324
0.382324 0.632089
0.382812 0.632854
0.383301 0.633619
0.383789 0.634383
0.384277 0.635147
0.384766 0.635911
0.385254 0.636675
0.385742 0.637439
0.38623 0.638202
0.386719 0.638965
0.387207 0.639728
0.387695 0.640491
0.388184 0.641253
0.388672 0.642016
0.38916 0.642778
0.389648 0.64354
0.390137 0.644302
0.390625 0.645063
0.391113 0.645825
0.391602 0.646586
0.39209 0.647347
0.392578 0.648107
0.393066 0.648868
0.393555 0.649628
0.394043 0.650388
0.394531 0.651148
0.39502 0.651907
0.395508 0.652667
0.395996 0.653426
0.396484 0.654185
0.396973 0.654944
0.397461 0.655702
0.397949 0.65646
0.398438 0.657218
0.398926 0.657976
0.399414 0.658734
0.399902 0.659491
0.400391 0.660248
0.400879 0.661005
0.401367 0.661762
0.401855 0.662519
0.402344 0.663275
0.402832 0.664031
0.40332 0.664787
0.403809 0.665542
0.404297 0.666298
0.404785 0.667053
0.405273 0.667808
0.405762 0.668562
0.40625 0.669317
0.406738 0.670071
0.407227 0.670825
0.407715 0.671579
0.408203 0.672332
0.408691 0.673086
0.40918 0.673839
0.409668 0.674592
0.410156 0.675344
0.410645 0.676096
0.411133 0.676848
0.411621 0.6776
0.412109 0.678352
0.412598 0.679103
0.413086 0.679854
0.413574 0.680605
0.414062 0.681356
0.414551 0.682106
0.415039 0.682857
0.415527 0.683606
0.416016 0.684356
0.416504 0.685106
0.416992 0.685855
0.41748 0.686604
0.417969 0.687352
0.418457 0.688101
0.418945 0.688849
0.419434 0.689597
0.419922 0.690345
0.42041 0.691092
0.420898 0.691839
0.421387 0.692586
0.421875 0.693333
0.422363 0.694079
0.422852 0.694825
0.42334 0.695571
0.423828 0.696317
0.424316 0.697062
0.424805 0.697807
0.425293 0.698552
0.425781 0.699297
0.42627 0.700041
0.426758 0.700785
0.427246 0.701529
0.427734 0.702272
0.428223 0.703016
0.428711 0.703759
0.429199 0.704501
0.429688 0.705244
0.430176 0.705986
0.430664 0.706728
0.431152 0.70747
0.431641 0.708211
0.432129 0.708952
0.432617 0.709693
0.433105 0.710434
0.433594 0.711174
0.434082 0.711914
0.43457 0.712654
0.435059 0.713393
0.435547 0.714132
0.436035 0.714871
0.436523 0.71561
0.437012 0.716348
0.4375 0.717086
0.437988 0.717824
0.438477 0.718561
0.438965 0.719299
0.439453 0.720036
0.439941 0.720772
0.44043 0.721509
0.440918 0.722245
0.441406 0.72298
0.441895 0.723716
0.442383 0.724451
0.442871 0.725186
0.443359 0.725921
0.443848 0.726655
0.444336 0.727389
0.444824 0.728123
0.445312 0.728856
0.445801 0.729589
0.446289 0.730322
0.446777 0.731054
0.447266 0.731787
0.447754 0.732519
0.448242 0.73325
0.44873 0.733982
0.449219 0.734713
0.449707 0.735443
0.450195 0.736174
0.450684 0.736904
0.451172 0.737634
0.45166 0.738363
0.452148 0.739092
0.452637 0.739821
0.453125 0.74055
0.453613 0.741278
0.454102 0.742006
0.45459 0.742733
0.455078 0.74346
0.455566 0.744187
0.456055 0.744914
0.456543 0.74564
0.457031 0.746366
0.45752 0.747092
0.458008 0.747817
0.458496 0.748542
0.458984 0.749267
0.459473 0.749991
0.459961 0.750716
0.460449 0.751439
0.460938 0.752163
0.461426 0.752886
0.461914 0.753608
0.462402 0.754331
0.462891 0.755053
0.463379 0.755774
0.463867 0.756496
0.464355 0.757217
0.464844 0.757938
0.465332 0.758658
0.46582 0.759378
0.466309 0.760098
0.466797 0.760817
0.467285 0.761536
0.467773 0.762255
0.468262 0.762973
0.46875 0.763691
0.469238 0.764408
0.469727 0.765126
0.470215 0.765842
0.470703 0.766559
0.471191 0.767275
0.47168 0.767991
0.472168 0.768706
0.472656 0.769421
0.473145 0.770136
0.473633 0.770851
0.474121 0.771565
0.474609 0.772278
0.475098 0.772992
0.475586 0.773704
0.476074 0.774417
0.476562 0.775129
0.477051 0.775841
0.477539 0.776552
0.478027 0.777263
0.478516 0.777974
0.479004 0.778684
0.479492 0.779394
0.47998 0.780104
0.480469 0.780813
0.480957 0.781522
0.481445 0.78223
0.481934 0.782938
0.482422 0.783646
0.48291 0.784353
0.483398 0.78506
0.483887 0.785766
0.484375 0.786473
0.484863 0.787178
0.485352 0.787884
0.48584 0.788588
0.486328 0.789293
0.486816 0.789997
0.487305 0.790701
0.487793 0.791404
0.488281 0.792107
0.48877 0.792809
0.489258 0.793511
0.489746 0.794213
0.490234 0.794914
0.490723 0.795615
0.491211 0.796316
0.491699 0.797016
0.492188 0.797715
0.492676 0.798414
0.493164 0.799113
0.493652 0.799811
0.494141 0.800509
0.494629 0.801205
0.495117 0.801898
0.495605 0.802582
0.496094 0.803231
0.496582 0.803768
0.49707 0.803916
0.497559 0.802737
0.498047 0.797017
0.498535 0.775875
0.499023 0.703637
0.499512 0.479796
0.5 2.5093e-14
0.500488 -0.479796
0.500977 -0.703637
0.501465 -0.775875
0.501953 -0.797017
0.502441 -0.802737
0.50293 -0.803916
0.503418 -0.803768
0.503906 -0.803231
0.504395 -0.802582
0.504883 -0.801898
0.505371 -0.801205
0.505859 -0.800509
0.506348 -0.799811
0.506836 -0.799113
0.507324 -0.798414
0.507812 -0.797715
0.508301 -0.797016
0.508789 -0.796316
0.509277 -0.795615
0.509766 -0.794914
0.510254 -0.794213
0.510742 -0.793511
0.51123 -0.792809
0.511719 -0.792107
0.512207 -0.791404
0.512695 -0.790701
0.513184 -0.789997
0.513672 -0.789293
0.51416 -0.788588
0.514648 -0.787884
0.515137 -0.787178
0.515625 -0.786473
0.516113 -0.785766
0.516602 -0.78506
0.51709 -0.784353
0.517578 -0.783646
0.518066 -0.782938
0.518555 -0.78223
0.519043 -0.781522
0.519531 -0.780813
0.52002 -0.780104
0.520508 -0.779394
0.520996 -0.778684
0.521484 -0.777974
0.521973 -0.777263
0.522461 -0.776552
0.522949 -0.775841
0.523438 -0.775129
0.523926 -0.774417
0.524414 -0.773704
0.524902 -0.772992
0.525391 -0.772278
0.525879 -0.771565
0.526367 -0.770851
0.526855 -0.770136
0.527344 -0.769421
0.527832 -0.768706
0.52832 -0.767991
0.528809 -0.767275
0.529297 -0.766559
0.529785 -0.765842
0.530273 -0.765126
0.530762 -0.764408
0.53125 -0.763691
0.531738 -0.762973
0.532227 -0.762255
0.532715 -0.761536
0.533203 -0.760817
0.533691 -0.760098
0.53418 -0.759378
0.534668 -0.758658
0.535156 -0.757938
0.535645 -0.757217
0.536133 -0.756496
0.536621 -0.755774
0.537109 -0.755053
0.537598 -0.754331
0.538086 -0.753608
0.538574 -0.752886
0.539062 -0.752163
0.539551 -0.751439
0.540039 -0.750716
0.540527 -0.749991
0.541016 -0.749267
0.541504 -0.748542
0.541992 -0.747817
0.54248 -0.747092
0.542969 -0.746366
0.543457 -0.74564
0.543945 -0.744914
0.544434 -0.744187
0.544922 -0.74346
0.54541 -0.742733
0.545898 -0.742006
0.546387 -0.741278
0.546875 -0.74055
0.547363 -0.739821
0.547852 -0.739092
0.54834 -0.738363
0.548828 -0.737634
0.549316 -0.736904
0.549805 -0.736174
0.550293 -0.735443
0.550781 -0.734713
0.55127 -0.733982
0.551758 -0.73325
0.552246 -0.732519
0.552734 -0.731787
0.553223 -0.731054
0.553711 -0.730322
0.554199 -0.729589
0.554688 -0.728856
0.555176 -0.728123
0.555664 -0.727389
0.556152 -0.726655
0.556641 -0.725921
0.557129 -0.725186
0.557617 -0.724451
0.558105 -0.723716
0.558594 -0.72298
0.559082 -0.722245
0.55957 -0.721509
0.560059 -0.720772
0.560547 -0.720036
0.561035 -0.719299
0.561523 -0.718561
0.562012 -0.717824
0.5625 -0.717086
0.562988 -0.716348
0.563477 -0.71561
0.563965 -0.714871
0.564453 -0.714132
0.564941 -0.713393
0.56543 -0.712654
0.565918 -0.711914
0.566406 -0.711174
0.566895 -0.710434
0.567383 -0.709693
0.567871 -0.708952
0.568359 -0.708211
0.568848 -0.70747
0.569336 -0.706728
0.569824 -0.705986
0.570312 -0.705244
0.570801 -0.704501
0.571289 -0.703759
0.571777 -0.703016
0.572266 -0.702272
0.572754 -0.701529
0.573242 -0.700785
0.57373 -0.700041
0.574219 -0.699297
0.574707 -0.698552
0.575195 -0.697807
0.575684 -0.697062
0.576172 -0.696317
0.57666 -0.695571
0.577148 -0.694825
0.577637 -0.694079
0.578125 -0.693333
0.578613 -0.692586
0.579102 -0.691839
0.57959 -0.691092
0.580078 -0.690345
0.580566 -0.689597
0.581055 -0.688849
0.581543 -0.688101
0.582031 -0.687352
0.58252 -0.686604
0.583008 -0.685855
0.583496 -0.685106
0.583984 -0.684356
0.584473 -0.683606
0.584961 -0.682857
0.585449 -0.682106
0.585938 -0.681356
0.586426 -0.680605
0.586914 -0.679854
0.587402 -0.679103
0.587891 -0.678352
0.588379 -0.6776
0.588867 -0.676848
0.589355 -0.676096
0.589844 -0.675344
0.590332 -0.674592
0.59082 -0.673839
0.591309 -0.673086
0.591797 -0.672332
0.592285 -0.671579
0.592773 -0.670825
0.593262 -0.670071
0.59375 -0.669317
0.594238 -0.668562
0.594727 -0.667808
0.595215 -0.667053
0.595703 -0.666298
0.596191 -0.665542
0.59668 -0.664787
0.597168 -0.664031
0.597656 -0.663275
0.598145 -0.662519
0.598633 -0.661762
0.599121 -0.661005
0.599609 -0.660248
0.600098 -0.659491
0.600586 -0.658734
0.601074 -0.657976
0.601562 -0.657218
0.602051 -0.65646
0.602539 -0.655702
0.603027 -0.654944
0.603516 -0.654185
0.604004 -0.653426
0.604492 -0.652667
0.60498 -0.651907
0.605469 -0.651148
0.605957 -0.650388
0.606445 -0.649628
0.606934 -0.648868
0.607422 -0.648107
0.60791 -0.647347
0.608398 -0.646586
0.608887 -0.645825
0.609375 -0.645063
0.609863 -0.644302
0.610352 -0.64354
0.61084 -0.642778
0.611328 -0.642016
0.611816 -0.641253
0.612305 -0.640491
0.612793 -0.639728
0.613281 -0.638965
0.61377 -0.638202
0.614258 -0.637439
0.614746 -0.636675
0.615234 -0.635911
0.615723 -0.635147
0.616211 -0.634383
0.616699 -0.633619
0.617188 -0.632854
0.617676 -0.632089
0.618164 -0.631324
0.618652 -0.630559
0.619141 -0.629793
0.619629 -0.629028
0.620117 -0.628262
0.620605 -0.627496
0.621094 -0.62673
0.621582 -0.625963
0.62207 -0.625197
0.622559 -0.62443
0.623047 -0.623663
0.623535 -0.622896
0.624023 -0.622128
0.624512 -0.621361
0.625 -0.620593
0.625488 -0.619825
0.625977 -0.619057
0.626465 -0.618288
0.626953 -0.61752
0.627441 -0.616751
0.62793 -0.615982
0.628418 -0.615213
0.628906 -0.614444
0.629395 -0.613674
0.629883 -0.612905
0.630371 -0.612135
0.630859 -0.611365
0.631348 -0.610594
0.631836 -0.609824
0.632324 -0.609053
0.632812 -0.608283
0.633301 -0.607512
0.633789 -0.60674
0.634277 -0.605969
0.634766 -0.605198
0.635254 -0.604426
0.635742 -0.603654
0.63623 -0.602882
0.636719 -0.60211
0.637207 -0.601337
0.637695 -0.600565
0.638184 -0.599792
0.638672 -0.599019
0.63916 -0.598246
0.639648 -0.597472
0.640137 -0.596699
0.640625 -0.595925
0.641113 -0.595151
0.641602 -0.594377
0.64209 -0.593603
0.642578 -0.592829
0.643066 -0.592054
0.643555 -0.591279
0.644043 -0.590504
0.644531 -0.589729
0.64502 -0.588954
0.645508 -0.588179
0.645996 -0.587403
0.646484 -0.586627
0.646973 -0.585851
0.647461 -0.585075
0.647949 -0.584299
0.648438 -0.583523
0.648926 -0.582746
0.649414 -0.581969
0.649902 -0.581192
0.650391 -0.580415
0.650879 -0.579638
0.651367 -0.57886
0.651855 -0.578083
0.652344 -0.577305
0.652832 -0.576527
0.65332 -0.575749
0.653809 -0.574971
0.654297 -0.574192
0.654785 -0.573414
0.655273 -0.572635
0.655762 -0.571856
0.65625 -0.571077
0.656738 -0.570298
0.657227 -0.569518
0.657715 -0.568739
0.658203 -0.567959
0.658691 -0.567179
0.65918 -0.566399
0.659668 -0.565619
0.660156 -0.564838
0.660645 -0.564058
0.661133 -0.563277
0.661621 -0.562496
0.662109 -0.561715
0.662598 -0.560934
0.663086 -0.560153
0.663574 -0.559371
0.664062 -0.55859
0.664551 -0.557808
0.665039 -0.557026
0.665527 -0.556244
0.666016 -0.555462
0.666504 -0.554679
0.666992 -0.553897
0.66748 -0.553114
0.667969 -0.552331
0.668457 -0.551548
0.668945 -0.550765
0.669434 -0.549982
0.669922 -0.549199
0.67041 -0.548415
0.670898 -0.547631
0.671387 -0.546847
0.671875 -0.546063
0.672363 -0.545279
0.672852 -0.544495
0.67334 -0.54371
0.673828 -0.542926
0.674316 -0.542141
0.674805 -0.541356
0.675293 -0.540571
0.675781 -0.539786
0.67627 -0.539
0.676758 -0.538215
0.677246 -0.537429
0.677734 -0.536644
0.678223 -0.535858
0.678711 -0.535072
0.679199 -0.534285
0.679688 -0.533499
0.680176 -0.532713
0.680664 -0.531926
0.681152 -0.531139
0.681641 -0.530352
0.682129 -0.529565
0.682617 -0.528778
0.683105 -0.527991
0.683594 -0.527203
0.684082 -0.526416
0.68457 -0.525628
0.685059 -0.52484
0.685547 -0.524052
0.686035 -0.523264
0.686523 -0.522476
0.687012 -0.521687
0.6875 -0.520899
0.687988 -0.52011
0.688477 -0.519321
0.688965 -0.518532
0.689453 -0.517743
0.689941 -0.516954
0.69043 -0.516164
0.690918 -0.515375
0.691406 -0.514585
0.691895 -0.513795
0.692383 -0.513005
0.692871 -0.512215
0.693359 -0.511425
0.693848 -0.510635
0.694336 -0.509845
0.694824 -0.509054
0.695312 -0.508263
0.695801 -0.507473
0.696289 -0.506682
0.696777 -0.50589
0.697266 -0.505099
0.697754 -0.504308
0.698242 -0.503516
0.69873 -0.502725
0.699219 -0.501933
0.699707 -0.501141
0.700195 -0.500349
0.700684 -0.499557
0.701172 -0.498765
0.70166 -0.497973
0.702148 -0.49718
0.702637 -0.496388
0.703125 -0.495595
0.703613 -0.494802
0.704102 -0.494009
0.70459 -0.493216
0.705078 -0.492423
0.705566 -0.491629
0.706055 -0.490836
0.706543 -0.490042
0.707031 -0.489249
0.70752 -0.488455
0.708008 -0.487661
0.708496 -0.486867
0.708984 -0.486073
0.709473 -0.485278
0.709961 -0.484484
0.710449 -0.483689
0.710938 -0.482895
0.711426 -0.4821
0.711914 -0.481305
0.712402 -0.48051
0.712891 -0.479715
0.713379 -0.47892
0.713867 -0.478124
0.714355 -0.477329
0.714844 -0.476533
0.715332 -0.475737
0.71582 -0.474942
0.716309 -0.474146
0.716797 -0.47335
0.717285 -0.472553
0.717773 -0.471757
0.718262 -0.470961
0.71875 -0.470164
0.719238 -0.469367
0.719727 -0.468571
0.720215 -0.467774
0.720703 -0.466977
0.721191 -0.46618
0.72168 -0.465383
0.722168 -0.464585
0.722656 -0.463788
0.723145 -0.46299
0.723633 -0.462193
0.724121 -0.461395
0.724609 -0.460597
0.725098 -0.459799
0.725586 -0.459001
0.726074 -0.458203
0.726562 -0.457404
0.727051 -0.456606
0.727539 -0.455807
0.728027 -0.455009
0.728516 -0.45421
0.729004 -0.453411
0.729492 -0.452612
0.72998 -0.451813
0.730469 -0.451014
0.730957 -0.450215
0.731445 -0.449415
0.731934 -0.448616
0.732422 -0.447816
0.73291 -0.447016
0.733398 -0.446217
0.733887 -0.445417
0.734375 -0.444617
0.734863 -0.443816
0.735352 -0.443016
0.73584 -0.442216
0.736328 -0.441415
0.736816 -0.440615
0.737305 -0.439814
0.737793 -0.439014
0.738281 -0.438213
0.73877 -0.437412
0.739258 -0.436611
0.739746 -0.435809
0.740234 -0.435008
0.740723 -0.434207
0.741211 -0.433405
0.741699 -0.432604
0.742188 -0.431802
0.742676 -0.431
0.743164 -0.430199
0.743652 -0.429397
0.744141 -0.428595
0.744629 -0.427792
0.745117 -0.42699
0.745605 -0.426188
0.746094 -0.425385
0.746582 -0.424583
0.74707 -0.42378
0.747559 -0.422977
0.748047 -0.422175
0.748535 -0.421372
0.749023 -0.420569
0.749512 -0.419765
0.75 -0.418962
0.750488 -0.418159
0.750977 -0.417355
0.751465 -0.416552
0.751953 -0.415748
0.752441 -0.414945
0.75293 -0.414141
0.753418 -0.413337
0.753906 -0.412533
0.754395 -0.411729
0.754883 -0.410925
0.755371 -0.410121
0.755859 -0.409316
0.756348 -0.408512
0.756836 -0.407707
0.757324 -0.406903
0.757812 -0.406098
0.758301 -0.405293
0.758789 -0.404488
0.759277 -0.403683
0.759766 -0.402878
0.760254 -0.402073
0.760742 -0.401268
0.76123 -0.400462
0.761719 -0.399657
0.762207 -0.398851
0.762695 -0.398046
0.763184 -0.39724
0.763672 -0.396434
0.76416 -0.395628
0.764648 -0.394822
0.765137 -0.394016
0.765625 -0.39321
0.766113 -0.392404
0.766602 -0.391598
0.76709 -0.390791
0.767578 -0.389985
0.768066 -0.389178
0.768555 -0.388371
0.769043 -0.387565
0.769531 -0.386758
0.77002 -0.385951
0.770508 -0.385144
0.770996 -0.384337
0.771484 -0.38353
0.771973 -0.382722
0.772461 -0.381915
0.772949 -0.381107
0.773438 -0.3803
0.773926 -0.379492
0.774414 -0.378685
0.774902 -0.377877
0.775391 -0.377069
0.775879 -0.376261
0.776367 -0.375453
0.776855 -0.374645
0.777344 -0.373837
0.777832 -0.373029
0.77832 -0.37222
0.778809 -0.371412
0.779297 -0.370603
0.779785 -0.369795
0.780273 -0.368986
0.780762 -0.368177
0.78125 -0.367369
0.781738 -0.36656
0.782227 -0.365751
0.782715 -0.364942
0.783203 -0.364133
0.783691 -0.363323
0.78418 -0.362514
0.784668 -0.361705
0.785156 -0.360895
0.785645 -0.360086
0.786133 -0.359276
0.786621 -0.358466
0.787109 -0.357657
0.787598 -0.356847
0.788086 -0.356037
0.788574 -0.355227
0.789062 -0.354417
0.789551 -0.353607
0.790039 -0.352796
0.790527 -0.351986
0.791016 -0.351176
0.791504 -0.350365
0.791992 -0.349555
0.79248 -0.348744
0.792969 -0.347934
0.793457 -0.347123
0.793945 -0.346312
0.794434 -0.345501
0.794922 -0.34469
0.79541 -0.343879
0.795898 -0.343068
0.796387 -0.342257
0.796875 -0.341446
0.797363 -0.340634
0.797852 -0.339823
0.79834 -0.339011
0.798828 -0.3382
0.799316 -0.337388
0.799805 -0.336577
0.800293 -0.335765
0.800781 -0.334953
0.80127 -0.334141
0.801758 -0.333329
0.802246 -0.332517
0.802734 -0.331705
0.803223 -0.330893
0.803711 -0.330081
0.804199 -0.329268
0.804688 -0.328456
0.805176 -0.327644
0.805664 -0.326831
0.806152 -0.326018
0.806641 -0.325206
0.807129 -0.324393
0.807617 -0.32358
0.808105 -0.322767
0.808594 -0.321955
0.809082 -0.321142
0.80957 -0.320329
0.810059 -0.319515
0.810547 -0.318702
0.811035 -0.317889
0.811523 -0.317076
0.812012 -0.316262
0.8125 -0.315449
0.812988 -0.314635
0.813477 -0.313822
0.813965 -0.313008
0.814453 -0.312194
0.814941 -0.311381
0.81543 -0.310567
0.815918 -0.309753
0.816406 -0.308939
0.816895 -0.308125
0.817383 -0.307311
0.817871 -0.306497
0.818359 -0.305682
0.818848 -0.304868
0.819336 -0.304054
0.819824 -0.303239
0.820312 -0.302425
0.820801 -0.30161
0.821289 -0.300796
0.821777 -0.299981
0.822266 -0.299166
0.822754 -0.298352
0.823242 -0.297537
0.82373 -0.296722
0.824219 -0.295907
0.824707 -0.295092
0.825195 -0.294277
0.825684 -0.293462
0.826172 -0.292646
0.82666 -0.291831
0.827148 -0.291016
0.827637 -0.2902
0.828125 -0.289385
0.828613 -0.28857
0.829102 -0.287754
0.82959 -0.286938
0.830078 -0.286123
0.830566 -0.285307
0.831055 -0.284491
0.831543 -0.283675
0.832031 -0.282859
0.83252 -0.282043
0.833008 -0.281227
0.833496 -0.280411
0.833984 -0.279595
0.834473 -0.278779
0.834961 -0.277963
0.835449 -0.277146
0.835938 -0.27633
0.836426 -0.275514
0.836914 -0.274697
0.837402 -0.273881
0.837891 -0.273064
0.838379 -0.272248
0.838867 -0.271431
0.839355 -0.270614
0.839844 -0.269797
0.840332 -0.26898
0.84082 -0.268164
0.841309 -0.267347
0.841797 -0.26653
0.842285 -0.265713
0.842773 -0.264895
0.843262 -0.264078
0.84375 -0.263261
0.844238 -0.262444
0.844727 -0.261626
0.845215 -0.260809
0.845703 -0.259992
0.846191 -0.259174
0.84668 -0.258357
0.847168 -0.257539
0.847656 -0.256721
0.848145 -0.255904
0.848633 -0.255086
0.849121 -0.254268
0.849609 -0.25345
0.850098 -0.252632
0.850586 -0.251814
0.851074 -0.250996
0.851562 -0.250178
0.852051 -0.24936
0.852539 -0.248542
0.853027 -0.247724
0.853516 -0.246906
0.854004 -0.246087
0.854492 -0.245269
0.85498 -0.244451
0.855469 -0.243632
0.855957 -0.242814
0.856445 -0.241995
0.856934 -0.241177
0.857422 -0.240358
0.85791 -0.239539
0.858398 -0.238721
0.858887 -0.237902
0.859375 -0.237083
0.859863 -0.236264
0.860352 -0.235445
0.86084 -0.234626
0.861328 -0.233807
0.861816 -0.232988
0.862305 -0.232169
0.862793 -0.23135
0.863281 -0.230531
0.86377 -0.229712
0.864258 -0.228892
0.864746 -0.228073
0.865234 -0.227254
0.865723 -0.226434
0.866211 -0.225615
0.866699 -0.224795
0.867188 -0.223976
0.867676 -0.223156
0.868164 -0.222337
0.868652 -0.221517
0.869141 -0.220697
0.869629 -0.219878
0.870117 -0.219058
0.870605 -0.218238
0.871094 -0.217418
0.871582 -0.216598
0.87207 -0.215778
0.872559 -0.214958
0.873047 -0.214138
0.873535 -0.213318
0.874023 -0.212498
0.874512 -0.211678
0.875 -0.210857
0.875488 -0.210037
0.875977 -0.209217
0.876465 -0.208397
0.876953 -0.207576
0.877441 -0.206756
0.87793 -0.205935
0.878418 -0.205115
0.878906 -0.204294
0.879395 -0.203474
0.879883 -0.202653
0.880371 -0.201832
0.880859 -0.201012
0.881348 -0.200191
0.881836 -0.19937
0.882324 -0.198549
0.882812 -0.197729
0.883301 -0.196908
0.883789 -0.196087
0.884277 -0.195266
0.884766 -0.194445
0.885254 -0.193624
0.885742 -0.192803
0.88623 -0.191982
0.886719 -0.19116
0.887207 -0.190339
0.887695 -0.189518
0.888184 -0.188697
0.888672 -0.187876
0.88916 -0.187054
0.889648 -0.186233
0.890137 -0.185411
0.890625 -0.18459
0.891113 -0.183769
0.891602 -0.182947
0.89209 -0.182126
0.892578 -0.181304
0.893066 -0.180482
0.893555 -0.179661
0.894043 -0.178839
0.894531 -0.178017
0.89502 -0.177196
0.895508 -0.176374
0.895996 -0.175552
0.896484 -0.17473
0.896973 -0.173908
0.897461 -0.173086
0.897949 -0.172264
0.898438 -0.171443
0.898926 -0.170621
0.899414 -0.169799
0.899902 -0.168976
0.900391 -0.168154
0.900879 -0.167332
0.901367 -0.16651
0.901855 -0.165688
0.902344 -0.164866
0.902832 -0.164043
0.90332 -0.163221
0.903809 -0.162399
0.904297 -0.161577
0.904785 -0.160754
0.905273 -0.159932
0.905762 -0.159109
0.90625 -0.158287
0.906738 -0.157465
0.907227 -0.156642
0.907715 -0.155819
0.908203 -0.154997
0.908691 -0.154174
0.90918 -0.153352
0.909668 -0.152529
0.910156 -0.151706
0.910645 -0.150884
0.911133 -0.150061
0.911621 -0.149238
0.912109 -0.148416
0.912598 -0.147593
0.913086 -0.14677
0.913574 -0.145947
0.914062 -0.145124
0.914551 -0.144301
0.915039 -0.143479
0.915527 -0.142656
0.916016 -0.141833
0.916504 -0.14101
0.916992 -0.140187
0.91748 -0.139364
0.917969 -0.138541
0.918457 -0.137718
0.918945 -0.136895
0.919434 -0.136072
0.919922 -0.135248
0.92041 -0.134425
0.920898 -0.133602
0.921387 -0.132779
0.921875 -0.131956
0.922363 -0.131133
0.922852 -0.13031
0.92334 -0.129486
0.923828 -0.128663
0.924316 -0.12784
0.924805 -0.127017
0.925293 -0.126193
0.925781 -0.12537
0.92627 -0.124547
0.926758 -0.123723
0.927246 -0.1229
0.927734 -0.122077
0.928223 -0.121253
0.928711 -0.12043
0.929199 -0.119607
0.929688 -0.118783
0.930176 -0.11796
0.930664 -0.117137
0.931152 -0.116313
0.931641 -0.11549
0.932129 -0.114666
0.932617 -0.113843
0.933105 -0.113019
0.933594 -0.112196
0.934082 -0.111373
0.93457 -0.110549
0.935059 -0.109726
0.935547 -0.108902
0.936035 -0.108079
0.936523 -0.107255
0.937012 -0.106432
0.9375 -0.105608
0.937988 -0.104785
0.938477 -0.103962
0.938965 -0.103138
0.939453 -0.102315
0.939941 -0.101491
0.94043 -0.100668
0.940918 -0.0998445
0.941406 -0.099021
0.941895 -0.0981976
0.942383 -0.0973742
0.942871 -0.0965508
0.943359 -0.0957275
0.943848 -0.0949041
0.944336 -0.0940807
0.944824 -0.0932574
0.945312 -0.0924341
0.945801 -0.0916107
0.946289 -0.0907874
0.946777 -0.0899641
0.947266 -0.0891408
0.947754 -0.0883176
0.948242 -0.0874943
0.94873 -0.0866711
0.949219 -0.0858479
0.949707 -0.0850247
0.950195 -0.0842015
0.950684 -0.0833783
0.951172 -0.0825552
0.95166 -0.0817321
0.952148 -0.080909
0.952637 -0.0800859
0.953125 -0.0792629
0.953613 -0.0784399
0.954102 -0.0776169
0.95459 -0.0767939
0.955078 -0.075971
0.955566 -0.0751481
0.956055 -0.0743252
0.956543 -0.0735023
0.957031 -0.0726795
0.95752 -0.0718567
0.958008 -0.0710339
0.958496 -0.0702112
0.958984 -0.0693885
0.959473 -0.0685658
0.959961 -0.0677432
0.960449 -0.0669206
0.960938 -0.066098
0.961426 -0.0652754
0.961914 -0.0644529
0.962402 -0.0636305
0.962891 -0.062808
0.963379 -0.0619856
0.963867 -0.0611633
0.964355 -0.060341
0.964844 -0.0595187
0.965332 -0.0586964
0.96582 -0.0578742
0.966309 -0.0570521
0.966797 -0.0562299
0.967285 -0.0554079
0.967773 -0.0545858
0.968262 -0.0537638
0.96875 -0.0529418
0.969238 -0.0521199
0.969727 -0.051298
0.970215 -0.0504762
0.970703 -0.0496544
0.971191 -0.0488326
0.97168 -0.0480109
0.972168 -0.0471892
0.972656 -0.0463676
0.973145 -0.045546
0.973633 -0.0447244
0.974121 -0.0439029
0.974609 -0.0430814
0.975098 -0.04226
0.975586 -0.0414386
0.976074 -0.0406173
0.976562 -0.039796
0.977051 -0.0389747
0.977539 -0.0381535
0.978027 -0.0373323
0.978516 -0.0365111
0.979004 -0.03569
0.979492 -0.0348689
0.97998 -0.0340479
0.980469 -0.0332269
0.980957 -0.032406
0.981445 -0.031585
0.981934 -0.0307641
0.982422 -0.0299433
0.98291 -0.0291225
0.983398 -0.0283017
0.983887 -0.027481
0.984375 -0.0266603
0.984863 -0.0258396
0.985352 -0.0250189
0.98584 -0.0241983
0.986328 -0.0233777
0.986816 -0.0225572
0.987305 -0.0217367
0.987793 -0.0209162
0.988281 -0.0200957
0.98877 -0.0192752
0.989258 -0.0184548
0.989746 -0.0176344
0.990234 -0.0168141
0.990723 -0.0159937
0.991211 -0.0151734
0.991699 -0.0143531
0.992188 -0.0135328
0.992676 -0.0127125
0.993164 -0.0118923
0.993652 -0.0110721
0.994141 -0.0102518
0.994629 -0.00943165
0.995117 -0.00861146
0.995605 -0.00779128
0.996094 -0.00697112
0.996582 -0.00615096
0.99707 -0.00533082
0.997559 -0.00451068
0.998047 -0.00369055
0.998535 -0.00287042
0.999023 -0.0020503
0.999512 -0.00123018
1 -0.000410059
