0 0.000408724
0.000488281 0.00122617
0.000976562 0.00204362
0.00146484 0.00286108
0.00195312 0.00367853
0.00244141 0.004496
0.00292969 0.00531347
0.00341797 0.00613094
0.00390625 0.00694843
0.00439453 0.00776592
0.00488281 0.00858343
0.00537109 0.00940095
0.00585938 0.0102185
0.00634766 0.011036
0.00683594 0.0118536
0.00732422 0.0126712
0.0078125 0.0134888
0.00830078 0.0143064
0.00878906 0.015124
0.00927734 0.0159416
0.00976562 0.0167593
0.0102539 0.017577
0.0107422 0.0183947
0.0112305 0.0192125
0.0117188 0.0200302
0.012207 0.020848
0.0126953 0.0216659
0.0131836 0.0224837
0.0136719 0.0233016
0.0141602 0.0241195
0.0146484 0.0249374
0.0151367 0.0257554
0.015625 0.0265734
0.0161133 0.0273914
0.0166016 0.0282095
0.0170898 0.0290276
0.0175781 0.0298457
0.0180664 0.0306639
0.0185547 0.0314821
0.019043 0.0323004
0.0195312 0.0331186
0.0200195 0.0339369
0.0205078 0.0347553
0.0209961 0.0355737
0.0214844 0.0363921
0.0219727 0.0372106
0.0224609 0.0380291
0.0229492 0.0388476
0.0234375 0.0396662
0.0239258 0.0404848
0.0244141 0.0413035
0.0249023 0.0421222
0.0253906 0.0429409
0.0258789 0.0437597
0.0263672 0.0445786
0.0268555 0.0453974
0.0273438 0.0462163
0.027832 0.0470353
0.0283203 0.0478543
0.0288086 0.0486733
0.0292969 0.0494924
0.0297852 0.0503115
0.0302734 0.0511306
0.0307617 0.0519498
0.03125 0.0527691
0.0317383 0.0535883
0.0322266 0.0544076
0.0327148 0.055227
0.0332031 0.0560464
0.0336914 0.0568658
0.0341797 0.0576853
0.034668 0.0585048
0.0351562 0.0593244
0.0356445 0.0601439
0.0361328 0.0609636
0.0366211 0.0617832
0.0371094 0.0626029
0.0375977 0.0634227
0.0380859 0.0642424
0.0385742 0.0650622
0.0390625 0.0658821
0.0395508 0.0667019
0.0400391 0.0675219
0.0405273 0.0683418
0.0410156 0.0691618
0.0415039 0.0699818
0.0419922 0.0708018
0.0424805 0.0716219
0.0429688 0.072442
0.043457 0.0732621
0.0439453 0.0740823
0.0444336 0.0749025
0.0449219 0.0757227
0.0454102 0.0765429
0.0458984 0.0773632
0.0463867 0.0781835
0.046875 0.0790038
0.0473633 0.0798241
0.0478516 0.0806445
0.0483398 0.0814649
0.0488281 0.0822853
0.0493164 0.0831057
0.0498047 0.0839262
0.050293 0.0847467
0.0507812 0.0855672
0.0512695 0.0863877
0.0517578 0.0872082
0.0522461 0.0880288
0.0527344 0.0888493
0.0532227 0.0896699
0.0537109 0.0904905
0.0541992 0.0913111
0.0546875 0.0921317
0.0551758 0.0929524
0.0556641 0.093773
0.0561523 0.0945937
0.0566406 0.0954144
0.0571289 0.096235
0.0576172 0.0970557
0.0581055 0.0978764
0.0585938 0.0986971
0.059082 0.0995179
0.0595703 0.100339
0.0600586 0.101159
0.0605469 0.10198
0.0610352 0.102801
0.0615234 0.103622
0.0620117 0.104442
0.0625 0.105263
0.0629883 0.106084
0.0634766 0.106904
0.0639648 0.107725
0.0644531 0.108546
0.0649414 0.109367
0.0654297 0.110187
0.065918 0.111008
0.0664062 0.111829
0.0668945 0.11265
0.0673828 0.11347
0.0678711 0.114291
0.0683594 0.115112
0.0688477 0.115933
0.0693359 0.116753
0.0698242 0.117574
0.0703125 0.118395
0.0708008 0.119215
0.0712891 0.120036
0.0717773 0.120857
0.0722656 0.121677
0.0727539 0.122498
0.0732422 0.123319
0.0737305 0.124139
0.0742188 0.12496
0.074707 0.125781
0.0751953 0.126601
0.0756836 0.127422
0.0761719 0.128242
0.0766602 0.129063
0.0771484 0.129883
0.0776367 0.130704
0.078125 0.131524
0.0786133 0.132345
0.0791016 0.133165
0.0795898 0.133986
0.0800781 0.134806
0.0805664 0.135627
0.0810547 0.136447
0.081543 0.137267
0.0820312 0.138088
0.0825195 0.138908
0.0830078 0.139728
0.0834961 0.140549
0.0839844 0.141369
0.0844727 0.142189
0.0849609 0.143009
0.0854492 0.14383
0.0859375 0.14465
0.0864258 0.14547
0.0869141 0.14629
0.0874023 0.14711
0.0878906 0.14793
0.0883789 0.148751
0.0888672 0.149571
0.0893555 0.150391
0.0898438 0.151211
0.090332 0.152031
0.0908203 0.152851
0.0913086 0.15367
0.0917969 0.15449
0.0922852 0.15531
0.0927734 0.15613
0.0932617 0.15695
0.09375 0.15777
0.0942383 0.158589
0.0947266 0.159409
0.0952148 0.160229
0.0957031 0.161049
0.0961914 0.161868
0.0966797 0.162688
0.097168 0.163508
0.0976562 0.164327
0.0981445 0.165147
0.0986328 0.165966
0.0991211 0.166786
0.0996094 0.167605
0.100098 0.168425
0.100586 0.169244
0.101074 0.170063
0.101562 0.170883
0.102051 0.171702
0.102539 0.172521
0.103027 0.17334
0.103516 0.17416
0.104004 0.174979
0.104492 0.175798
0.10498 0.176617
0.105469 0.177436
0.105957 0.178255
0.106445 0.179074
0.106934 0.179893
0.107422 0.180712
0.10791 0.181531
0.108398 0.18235
0.108887 0.183169
0.109375 0.183988
0.109863 0.184806
0.110352 0.185625
0.11084 0.186444
0.111328 0.187262
0.111816 0.188081
0.112305 0.1889
0.112793 0.189718
0.113281 0.190537
0.11377 0.191355
0.114258 0.192174
0.114746 0.192992
0.115234 0.193811
0.115723 0.194629
0.116211 0.195447
0.116699 0.196265
0.117188 0.197084
0.117676 0.197902
0.118164 0.19872
0.118652 0.199538
0.119141 0.200356
0.119629 0.201174
0.120117 0.201992
0.120605 0.20281
0.121094 0.203628
0.121582 0.204446
0.12207 0.205264
0.122559 0.206082
0.123047 0.2069
0.123535 0.207717
0.124023 0.208535
0.124512 0.209353
0.125 0.21017
0.125488 0.210988
0.125977 0.211805
0.126465 0.212623
0.126953 0.21344
0.127441 0.214258
0.12793 0.215075
0.128418 0.215892
0.128906 0.21671
0.129395 0.217527
0.129883 0.218344
0.130371 0.219161
0.130859 0.219978
0.131348 0.220796
0.131836 0.221613
0.132324 0.22243
0.132812 0.223247
0.133301 0.224063
0.133789 0.22488
0.134277 0.225697
0.134766 0.226514
0.135254 0.227331
0.135742 0.228147
0.13623 0.228964
0.136719 0.229781
0.137207 0.230597
0.137695 0.231414
0.138184 0.23223
0.138672 0.233047
0.13916 0.233863
0.139648 0.234679
0.140137 0.235495
0.140625 0.236312
0.141113 0.237128
0.141602 0.237944
0.14209 0.23876
0.142578 0.239576
0.143066 0.240392
0.143555 0.241208
0.144043 0.242024
0.144531 0.24284
0.14502 0.243656
0.145508 0.244472
0.145996 0.245287
0.146484 0.246103
0.146973 0.246919
0.147461 0.247734
0.147949 0.24855
0.148438 0.249365
0.148926 0.250181
0.149414 0.250996
0.149902 0.251811
0.150391 0.252627
0.150879 0.253442
0.151367 0.254257
0.151855 0.255072
0.152344 0.255887
0.152832 0.256702
0.15332 0.257517
0.153809 0.258332
0.154297 0.259147
0.154785 0.259962
0.155273 0.260777
0.155762 0.261591
0.15625 0.262406
0.156738 0.263221
0.157227 0.264035
0.157715 0.26485
0.158203 0.265664
0.158691 0.266479
0.15918 0.267293
0.159668 0.268107
0.160156 0.268922
0.160645 0.269736
0.161133 0.27055
0.161621 0.271364
0.162109 0.272178
0.162598 0.272992
0.163086 0.273806
0.163574 0.27462
0.164062 0.275434
0.164551 0.276247
0.165039 0.277061
0.165527 0.277875
0.166016 0.278688
0.166504 0.279502
0.166992 0.280316
0.16748 0.281129
0.167969 0.281942
0.168457 0.282756
0.168945 0.283569
0.169434 0.284382
0.169922 0.285195
0.17041 0.286008
0.170898 0.286821
0.171387 0.287634
0.171875 0.288447
0.172363 0.28926
0.172852 0.290073
0.17334 0.290886
0.173828 0.291698
0.174316 0.292511
0.174805 0.293324
0.175293 0.294136
0.175781 0.294949
0.17627 0.295761
0.176758 0.296573
0.177246 0.297386
0.177734 0.298198
0.178223 0.29901
0.178711 0.299822
0.179199 0.300634
0.179688 0.301446
0.180176 0.302258
0.180664 0.30307
0.181152 0.303882
0.181641 0.304693
0.182129 0.305505
0.182617 0.306317
0.183105 0.307128
0.183594 0.30794
0.184082 0.308751
0.18457 0.309562
0.185059 0.310374
0.185547 0.311185
0.186035 0.311996
0.186523 0.312807
0.187012 0.313618
0.1875 0.314429
0.187988 0.31524
0.188477 0.316051
0.188965 0.316862
0.189453 0.317672
0.189941 0.318483
0.19043 0.319294
0.190918 0.320104
0.191406 0.320914
0.191895 0.321725
0.192383 0.322535
0.192871 0.323345
0.193359 0.324156
0.193848 0.324966
0.194336 0.325776
0.194824 0.326586
0.195312 0.327396
0.195801 0.328206
0.196289 0.329015
0.196777 0.329825
0.197266 0.330635
0.197754 0.331444
0.198242 0.332254
0.19873 0.333063
0.199219 0.333872
0.199707 0.334682
0.200195 0.335491
0.200684 0.3363
0.201172 0.337109
0.20166 0.337918
0.202148 0.338727
0.202637 0.339536
0.203125 0.340345
0.203613 0.341154
0.204102 0.341962
0.20459 0.342771
0.205078 0.343579
0.205566 0.344388
0.206055 0.345196
0.206543 0.346004
0.207031 0.346813
0.20752 0.347621
0.208008 0.348429
0.208496 0.349237
0.208984 0.350045
0.209473 0.350853
0.209961 0.351661
0.210449 0.352468
0.210938 0.353276
0.211426 0.354083
0.211914 0.354891
0.212402 0.355698
0.212891 0.356506
0.213379 0.357313
0.213867 0.35812
0.214355 0.358927
0.214844 0.359734
0.215332 0.360541
0.21582 0.361348
0.216309 0.362155
0.216797 0.362962
0.217285 0.363768
0.217773 0.364575
0.218262 0.365381
0.21875 0.366188
0.219238 0.366994
0.219727 0.3678
0.220215 0.368606
0.220703 0.369413
0.221191 0.370219
0.22168 0.371025
0.222168 0.37183
0.222656 0.372636
0.223145 0.373442
0.223633 0.374248
0.224121 0.375053
0.224609 0.375859
0.225098 0.376664
0.225586 0.377469
0.226074 0.378274
0.226562 0.37908
0.227051 0.379885
0.227539 0.38069
0.228027 0.381494
0.228516 0.382299
0.229004 0.383104
0.229492 0.383909
0.22998 0.384713
0.230469 0.385518
0.230957 0.386322
0.231445 0.387126
0.231934 0.38793
0.232422 0.388735
0.23291 0.389539
0.233398 0.390343
0.233887 0.391147
0.234375 0.39195
0.234863 0.392754
0.235352 0.393558
0.23584 0.394361
0.236328 0.395165
0.236816 0.395968
0.237305 0.396771
0.237793 0.397574
0.238281 0.398377
0.23877 0.39918
0.239258 0.399983
0.239746 0.400786
0.240234 0.401589
0.240723 0.402392
0.241211 0.403194
0.241699 0.403997
0.242188 0.404799
0.242676 0.405601
0.243164 0.406404
0.243652 0.407206
0.244141 0.408008
0.244629 0.40881
0.245117 0.409611
0.245605 0.410413
0.246094 0.411215
0.246582 0.412016
0.24707 0.412818
0.247559 0.413619
0.248047 0.414421
0.248535 0.415222
0.249023 0.416023
0.249512 0.416824
0.25 0.417625
0.250488 0.418426
0.250977 0.419226
0.251465 0.420027
0.251953 0.420827
0.252441 0.421628
0.25293 0.422428
0.253418 0.423229
0.253906 0.424029
0.254395 0.424829
0.254883 0.425629
0.255371 0.426429
0.255859 0.427228
0.256348 0.428028
0.256836 0.428828
0.257324 0.429627
0.257812 0.430426
0.258301 0.431226
0.258789 0.432025
0.259277 0.432824
0.259766 0.433623
0.260254 0.434422
0.260742 0.435221
0.26123 0.436019
0.261719 0.436818
0.262207 0.437616
0.262695 0.438415
0.263184 0.439213
0.263672 0.440011
0.26416 0.440809
0.264648 0.441607
0.265137 0.442405
0.265625 0.443203
0.266113 0.444
0.266602 0.444798
0.26709 0.445596
0.267578 0.446393
0.268066 0.44719
0.268555 0.447987
0.269043 0.448784
0.269531 0.449581
0.27002 0.450378
0.270508 0.451175
0.270996 0.451971
0.271484 0.452768
0.271973 0.453564
0.272461 0.454361
0.272949 0.455157
0.273438 0.455953
0.273926 0.456749
0.274414 0.457545
0.274902 0.458341
0.275391 0.459136
0.275879 0.459932
0.276367 0.460727
0.276855 0.461523
0.277344 0.462318
0.277832 0.463113
0.27832 0.463908
0.278809 0.464703
0.279297 0.465498
0.279785 0.466292
0.280273 0.467087
0.280762 0.467881
0.28125 0.468676
0.281738 0.46947
0.282227 0.470264
0.282715 0.471058
0.283203 0.471852
0.283691 0.472646
0.28418 0.473439
0.284668 0.474233
0.285156 0.475026
0.285645 0.475819
0.286133 0.476613
0.286621 0.477406
0.287109 0.478199
0.287598 0.478992
0.288086 0.479784
0.288574 0.480577
0.289062 0.481369
0.289551 0.482162
0.290039 0.482954
0.290527 0.483746
0.291016 0.484538
0.291504 0.48533
0.291992 0.486122
0.29248 0.486914
0.292969 0.487705
0.293457 0.488497
0.293945 0.489288
0.294434 0.490079
0.294922 0.49087
0.29541 0.491661
0.295898 0.492452
0.296387 0.493243
0.296875 0.494033
0.297363 0.494824
0.297852 0.495614
0.29834 0.496404
0.298828 0.497194
0.299316 0.497984
0.299805 0.498774
0.300293 0.499564
0.300781 0.500354
0.30127 0.501143
0.301758 0.501932
0.302246 0.502722
0.302734 0.503511
0.303223 0.5043
0.303711 0.505089
0.304199 0.505877
0.304688 0.506666
0.305176 0.507454
0.305664 0.508243
0.306152 0.509031
0.306641 0.509819
0.307129 0.510607
0.307617 0.511395
0.308105 0.512182
0.308594 0.51297
0.309082 0.513757
0.30957 0.514545
0.310059 0.515332
0.310547 0.516119
0.311035 0.516906
0.311523 0.517693
0.312012 0.518479
0.3125 0.519266
0.312988 0.520052
0.313477 0.520838
0.313965 0.521624
0.314453 0.52241
0.314941 0.523196
0.31543 0.523982
0.315918 0.524767
0.316406 0.525553
0.316895 0.526338
0.317383 0.527123
0.317871 0.527908
0.318359 0.528693
0.318848 0.529478
0.319336 0.530263
0.319824 0.531047
0.320312 0.531831
0.320801 0.532616
0.321289 0.5334
0.321777 0.534184
0.322266 0.534967
0.322754 0.535751
0.323242 0.536534
0.32373 0.537318
0.324219 0.538101
0.324707 0.538884
0.325195 0.539667
0.325684 0.54045
0.326172 0.541232
0.32666 0.542015
0.327148 0.542797
0.327637 0.543579
0.328125 0.544361
0.328613 0.545143
0.329102 0.545925
0.32959 0.546707
0.330078 0.547488
0.330566 0.548269
0.331055 0.549051
0.331543 0.549832
0.332031 0.550613
0.33252 0.551393
0.333008 0.552174
0.333496 0.552954
0.333984 0.553735
0.334473 0.554515
0.334961 0.555295
0.335449 0.556074
0.335938 0.556854
0.336426 0.557634
0.336914 0.558413
0.337402 0.559192
0.337891 0.559971
0.338379 0.56075
0.338867 0.561529
0.339355 0.562308
0.339844 0.563086
0.340332 0.563864
0.34082 0.564642
0.341309 0.56542
0.341797 0.566198
0.342285 0.566976
0.342773 0.567753
0.343262 0.568531
0.34375 0.569308
0.344238 0.570085
0.344727 0.570862
0.345215 0.571639
0.345703 0.572415
0.346191 0.573192
0.34668 0.573968
0.347168 0.574744
0.347656 0.57552
0.348145 0.576296
0.348633 0.577071
0.349121 0.577847
0.349609 0.578622
0.350098 0.579397
0.350586 0.580172
0.351074 0.580947
0.351562 0.581721
0.352051 0.582496
0.352539 0.58327
0.353027 0.584044
0.353516 0.584818
0.354004 0.585592
0.354492 0.586365
0.35498 0.587139
0.355469 0.587912
0.355957 0.588685
0.356445 0.589458
0.356934 0.590231
0.357422 0.591003
0.35791 0.591776
0.358398 0.592548
0.358887 0.59332
0.359375 0.594092
0.359863 0.594864
0.360352 0.595635
0.36084 0.596407
0.361328 0.597178
0.361816 0.597949
0.362305 0.59872
0.362793 0.59949
0.363281 0.600261
0.36377 0.601031
0.364258 0.601801
0.364746 0.602571
0.365234 0.603341
0.365723 0.604111
0.366211 0.60488
0.366699 0.605649
0.367188 0.606418
0.367676 0.607187
0.368164 0.607956
0.368652 0.608724
0.369141 0.609493
0.369629 0.610261
0.370117 0.611029
0.370605 0.611797
0.371094 0.612564
0.371582 0.613332
0.37207 0.614099
0.372559 0.614866
0.373047 0.615633
0.373535 0.616399
0.374023 0.617166
0.374512 0.617932
0.375 0.618698
0.375488 0.619464
0.375977 0.62023
0.376465 0.620995
0.376953 0.621761
0.377441 0.622526
0.37793 0.623291
0.378418 0.624056
0.378906 0.62482
0.379395 0.625585
0.379883 0.626349
0.380371 0.627113
0.380859 0.627877
0.381348 0.62864
0.381836 0.629403
0.382324 0.630167
0.382812 0.63093
0.383301 0.631692
0.383789 0.632455
0.384277 0.633217
0.384766 0.63398
0.385254 0.634742
0.385742 0.635503
0.38623 0.636265
0.386719 0.637026
0.387207 0.637788
0.387695 0.638549
0.388184 0.639309
0.388672 0.64007
0.38916 0.64083
0.389648 0.641591
0.390137 0.642351
0.390625 0.64311
0.391113 0.64387
0.391602 0.644629
0.39209 0.645388
0.392578 0.646147
0.393066 0.646906
0.393555 0.647664
0.394043 0.648423
0.394531 0.649181
0.39502 0.649939
0.395508 0.650696
0.395996 0.651454
0.396484 0.652211
0.396973 0.652968
0.397461 0.653725
0.397949 0.654481
0.398438 0.655238
0.398926 0.655994
0.399414 0.65675
0.399902 0.657505
0.400391 0.658261
0.400879 0.659016
0.401367 0.659771
0.401855 0.660526
0.402344 0.661281
0.402832 0.662035
0.40332 0.662789
0.403809 0.663543
0.404297 0.664297
0.404785 0.66505
0.405273 0.665803
0.405762 0.666556
0.40625 0.667309
0.406738 0.668062
0.407227 0.668814
0.407715 0.669566
0.408203 0.670318
0.408691 0.67107
0.40918 0.671821
0.409668 0.672572
0.410156 0.673323
0.410645 0.674074
0.411133 0.674824
0.411621 0.675575
0.412109 0.676325
0.412598 0.677074
0.413086 0.677824
0.413574 0.678573
0.414062 0.679322
0.414551 0.680071
0.415039 0.68082
0.415527 0.681568
0.416016 0.682316
0.416504 0.683064
0.416992 0.683812
0.41748 0.684559
0.417969 0.685306
0.418457 0.686053
0.418945 0.6868
0.419434 0.687546
0.419922 0.688292
0.42041 0.689038
0.420898 0.689784
0.421387 0.690529
0.421875 0.691274
0.422363 0.692019
0.422852 0.692764
0.42334 0.693508
0.423828 0.694252
0.424316 0.694996
0.424805 0.69574
0.425293 0.696483
0.425781 0.697226
0.42627 0.697969
0.426758 0.698712
0.427246 0.699454
0.427734 0.700196
0.428223 0.700938
0.428711 0.701679
0.429199 0.702421
0.429688 0.703162
0.430176 0.703902
0.430664 0.704643
0.431152 0.705383
0.431641 0.706123
0.432129 0.706863
0.432617 0.707602
0.433105 0.708341
0.433594 0.70908
0.434082 0.709819
0.43457 0.710557
0.435059 0.711295
0.435547 0.712033
0.436035 0.712771
0.436523 0.713508
0.437012 0.714245
0.4375 0.714981
0.437988 0.715718
0.438477 0.716454
0.438965 0.71719
0.439453 0.717925
0.439941 0.718661
0.44043 0.719396
0.440918 0.72013
0.441406 0.720865
0.441895 0.721599
0.442383 0.722333
0.442871 0.723066
0.443359 0.7238
0.443848 0.724533
0.444336 0.725265
0.444824 0.725998
0.445312 0.72673
0.445801 0.727462
0.446289 0.728193
0.446777 0.728925
0.447266 0.729656
0.447754 0.730386
0.448242 0.731117
0.44873 0.731847
0.449219 0.732576
0.449707 0.733306
0.450195 0.734035
0.450684 0.734764
0.451172 0.735493
0.45166 0.736221
0.452148 0.736949
0.452637 0.737676
0.453125 0.738404
0.453613 0.739131
0.454102 0.739857
0.45459 0.740584
0.455078 0.74131
0.455566 0.742036
0.456055 0.742761
0.456543 0.743486
0.457031 0.744211
0.45752 0.744936
0.458008 0.74566
0.458496 0.746384
0.458984 0.747107
0.459473 0.747831
0.459961 0.748554
0.460449 0.749276
0.460938 0.749998
0.461426 0.75072
0.461914 0.751442
0.462402 0.752163
0.462891 0.752884
0.463379 0.753605
0.463867 0.754325
0.464355 0.755045
0.464844 0.755765
0.465332 0.756484
0.46582 0.757203
0.466309 0.757922
0.466797 0.75864
0.467285 0.759358
0.467773 0.760076
0.468262 0.760793
0.46875 0.76151
0.469238 0.762226
0.469727 0.762943
0.470215 0.763658
0.470703 0.764374
0.471191 0.765089
0.47168 0.765804
0.472168 0.766519
0.472656 0.767233
0.473145 0.767947
0.473633 0.76866
0.474121 0.769373
0.474609 0.770086
0.475098 0.770798
0.475586 0.77151
0.476074 0.772222
0.476562 0.772933
0.477051 0.773644
0.477539 0.774355
0.478027 0.775065
0.478516 0.775775
0.479004 0.776484
0.479492 0.777193
0.47998 0.777902
0.480469 0.77861
0.480957 0.779318
0.481445 0.780026
0.481934 0.780733
0.482422 0.78144
0.48291 0.782146
0.483398 0.782852
0.483887 0.783558
0.484375 0.784263
0.484863 0.784968
0.485352 0.785673
0.48584 0.786377
0.486328 0.787081
0.486816 0.787784
0.487305 0.788487
0.487793 0.789189
0.488281 0.789892
0.48877 0.790593
0.489258 0.791295
0.489746 0.791996
0.490234 0.792696
0.490723 0.793396
0.491211 0.794096
0.491699 0.794796
0.492188 0.795495
0.492676 0.796193
0.493164 0.796891
0.493652 0.797589
0.494141 0.798286
0.494629 0.798982
0.495117 0.799674
0.495605 0.800356
0.496094 0.801004
0.496582 0.801538
0.49707 0.801678
0.497559 0.800477
0.498047 0.7947
0.498535 0.773424
0.499023 0.700962
0.499512 0.47736
0.5 2.52822e-14
0.500488 -0.47736
0.500977 -0.700962
0.501465 -0.773424
0.501953 -0.7947
0.502441 -0.800477
0.50293 -0.801678
0.503418 -0.801538
0.503906 -0.801004
0.504395 -0.800356
0.504883 -0.799674
0.505371 -0.798982
0.505859 -0.798286
0.506348 -0.797589
0.506836 -0.796891
0.507324 -0.796193
0.507812 -0.795495
0.508301 -0.794796
0.508789 -0.794096
0.509277 -0.793396
0.509766 -0.792696
0.510254 -0.791996
0.510742 -0.791295
0.51123 -0.790593
0.511719 -0.789892
0.512207 -0.789189
0.512695 -0.788487
0.513184 -0.787784
0.513672 -0.787081
0.51416 -0.786377
0.514648 -0.785673
0.515137 -0.784968
0.515625 -0.784263
0.516113 -0.783558
0.516602 -0.782852
0.51709 -0.782146
0.517578 -0.78144
0.518066 -0.780733
0.518555 -0.780026
0.519043 -0.779318
0.519531 -0.77861
0.52002 -0.777902
0.520508 -0.777193
0.520996 -0.776484
0.521484 -0.775775
0.521973 -0.775065
0.522461 -0.774355
0.522949 -0.773644
0.523438 -0.772933
0.523926 -0.772222
0.524414 -0.77151
0.524902 -0.770798
0.525391 -0.770086
0.525879 -0.769373
0.526367 -0.76866
0.526855 -0.767947
0.527344 -0.767233
0.527832 -0.766519
0.52832 -0.765804
0.528809 -0.765089
0.529297 -0.764374
0.529785 -0.763658
0.530273 -0.762943
0.530762 -0.762226
0.53125 -0.76151
0.531738 -0.760793
0.532227 -0.760076
0.532715 -0.759358
0.533203 -0.75864
0.533691 -0.757922
0.53418 -0.757203
0.534668 -0.756484
0.535156 -0.755765
0.535645 -0.755045
0.536133 -0.754325
0.536621 -0.753605
0.537109 -0.752884
0.537598 -0.752163
0.538086 -0.751442
0.538574 -0.75072
0.539062 -0.749998
0.539551 -0.749276
0.540039 -0.748554
0.540527 -0.747831
0.541016 -0.747107
0.541504 -0.746384
0.541992 -0.74566
0.54248 -0.744936
0.542969 -0.744211
0.543457 -0.743486
0.543945 -0.742761
0.544434 -0.742036
0.544922 -0.74131
0.54541 -0.740584
0.545898 -0.739857
0.546387 -0.739131
0.546875 -0.738404
0.547363 -0.737676
0.547852 -0.736949
0.54834 -0.736221
0.548828 -0.735493
0.549316 -0.734764
0.549805 -0.734035
0.550293 -0.733306
0.550781 -0.732576
0.55127 -0.731847
0.551758 -0.731117
0.552246 -0.730386
0.552734 -0.729656
0.553223 -0.728925
0.553711 -0.728193
0.554199 -0.727462
0.554688 -0.72673
0.555176 -0.725998
0.555664 -0.725265
0.556152 -0.724533
0.556641 -0.7238
0.557129 -0.723066
0.557617 -0.722333
0.558105 -0.721599
0.558594 -0.720865
0.559082 -0.72013
0.55957 -0.719396
0.560059 -0.718661
0.560547 -0.717925
0.561035 -0.71719
0.561523 -0.716454
0.562012 -0.715718
0.5625 -0.714981
0.562988 -0.714245
0.563477 -0.713508
0.563965 -0.712771
0.564453 -0.712033
0.564941 -0.711295
0.56543 -0.710557
0.565918 -0.709819
0.566406 -0.70908
0.566895 -0.708341
0.567383 -0.707602
0.567871 -0.706863
0.568359 -0.706123
0.568848 -0.705383
0.569336 -0.704643
0.569824 -0.703902
0.570312 -0.703162
0.570801 -0.702421
0.571289 -0.701679
0.571777 -0.700938
0.572266 -0.700196
0.572754 -0.699454
0.573242 -0.698712
0.57373 -0.697969
0.574219 -0.697226
0.574707 -0.696483
0.575195 -0.69574
0.575684 -0.694996
0.576172 -0.694252
0.57666 -0.693508
0.577148 -0.692764
0.577637 -0.692019
0.578125 -0.691274
0.578613 -0.690529
0.579102 -0.689784
0.57959 -0.689038
0.580078 -0.688292
0.580566 -0.687546
0.581055 -0.6868
0.581543 -0.686053
0.582031 -0.685306
0.58252 -0.684559
0.583008 -0.683812
0.583496 -0.683064
0.583984 -0.682316
0.584473 -0.681568
0.584961 -0.68082
0.585449 -0.680071
0.585938 -0.679322
0.586426 -0.678573
0.586914 -0.677824
0.587402 -0.677074
0.587891 -0.676325
0.588379 -0.675575
0.588867 -0.674824
0.589355 -0.674074
0.589844 -0.673323
0.590332 -0.672572
0.59082 -0.671821
0.591309 -0.67107
0.591797 -0.670318
0.592285 -0.669566
0.592773 -0.668814
0.593262 -0.668062
0.59375 -0.667309
0.594238 -0.666556
0.594727 -0.665803
0.595215 -0.66505
0.595703 -0.664297
0.596191 -0.663543
0.59668 -0.662789
0.597168 -0.662035
0.597656 -0.661281
0.598145 -0.660526
0.598633 -0.659771
0.599121 -0.659016
0.599609 -0.658261
0.600098 -0.657505
0.600586 -0.65675
0.601074 -0.655994
0.601562 -0.655238
0.602051 -0.654481
0.602539 -0.653725
0.603027 -0.652968
0.603516 -0.652211
0.604004 -0.651454
0.604492 -0.650696
0.60498 -0.649939
0.605469 -0.649181
0.605957 -0.648423
0.606445 -0.647664
0.606934 -0.646906
0.607422 -0.646147
0.60791 -0.645388
0.608398 -0.644629
0.608887 -0.64387
0.609375 -0.64311
0.609863 -0.642351
0.610352 -0.641591
0.61084 -0.64083
0.611328 -0.64007
0.611816 -0.639309
0.612305 -0.638549
0.612793 -0.637788
0.613281 -0.637026
0.61377 -0.636265
0.614258 -0.635503
0.614746 -0.634742
0.615234 -0.63398
0.615723 -0.633217
0.616211 -0.632455
0.616699 -0.631692
0.617188 -0.63093
0.617676 -0.630167
0.618164 -0.629403
0.618652 -0.62864
0.619141 -0.627877
0.619629 -0.627113
0.620117 -0.626349
0.620605 -0.625585
0.621094 -0.62482
0.621582 -0.624056
0.62207 -0.623291
0.622559 -0.622526
0.623047 -0.621761
0.623535 -0.620995
0.624023 -0.62023
0.624512 -0.619464
0.625 -0.618698
0.625488 -0.617932
0.625977 -0.617166
0.626465 -0.616399
0.626953 -0.615633
0.627441 -0.614866
0.62793 -0.614099
0.628418 -0.613332
0.628906 -0.612564
0.629395 -0.611797
0.629883 -0.611029
0.630371 -0.610261
0.630859 -0.609493
0.631348 -0.608724
0.631836 -0.607956
0.632324 -0.607187
0.632812 -0.606418
0.633301 -0.605649
0.633789 -0.60488
0.634277 -0.604111
0.634766 -0.603341
0.635254 -0.602571
0.635742 -0.601801
0.63623 -0.601031
0.636719 -0.600261
0.637207 -0.59949
0.637695 -0.59872
0.638184 -0.597949
0.638672 -0.597178
0.63916 -0.596407
0.639648 -0.595635
0.640137 -0.594864
0.640625 -0.594092
0.641113 -0.59332
0.641602 -0.592548
0.64209 -0.591776
0.642578 -0.591003
0.643066 -0.590231
0.643555 -0.589458
0.644043 -0.588685
0.644531 -0.587912
0.64502 -0.587139
0.645508 -0.586365
0.645996 -0.585592
0.646484 -0.584818
0.646973 -0.584044
0.647461 -0.58327
0.647949 -0.582496
0.648438 -0.581721
0.648926 -0.580947
0.649414 -0.580172
0.649902 -0.579397
0.650391 -0.578622
0.650879 -0.577847
0.651367 -0.577071
0.651855 -0.576296
0.652344 -0.57552
0.652832 -0.574744
0.65332 -0.573968
0.653809 -0.573192
0.654297 -0.572415
0.654785 -0.571639
0.655273 -0.570862
0.655762 -0.570085
0.65625 -0.569308
0.656738 -0.568531
0.657227 -0.567753
0.657715 -0.566976
0.658203 -0.566198
0.658691 -0.56542
0.65918 -0.564642
0.659668 -0.563864
0.660156 -0.563086
0.660645 -0.562308
0.661133 -0.561529
0.661621 -0.56075
0.662109 -0.559971
0.662598 -0.559192
0.663086 -0.558413
0.663574 -0.557634
0.664062 -0.556854
0.664551 -0.556074
0.665039 -0.555295
0.665527 -0.554515
0.666016 -0.553735
0.666504 -0.552954
0.666992 -0.552174
0.66748 -0.551393
0.667969 -0.550613
0.668457 -0.549832
0.668945 -0.549051
0.669434 -0.548269
0.669922 -0.547488
0.67041 -0.546707
0.670898 -0.545925
0.671387 -0.545143
0.671875 -0.544361
0.672363 -0.543579
0.672852 -0.542797
0.67334 -0.542015
0.673828 -0.541232
0.674316 -0.54045
0.674805 -0.539667
0.675293 -0.538884
0.675781 -0.538101
0.67627 -0.537318
0.676758 -0.536534
0.677246 -0.535751
0.677734 -0.534967
0.678223 -0.534184
0.678711 -0.5334
0.679199 -0.532616
0.679688 -0.531831
0.680176 -0.531047
0.680664 -0.530263
0.681152 -0.529478
0.681641 -0.528693
0.682129 -0.527908
0.682617 -0.527123
0.683105 -0.526338
0.683594 -0.525553
0.684082 -0.524767
0.68457 -0.523982
0.685059 -0.523196
0.685547 -0.52241
0.686035 -0.521624
0.686523 -0.520838
0.687012 -0.520052
0.6875 -0.519266
0.687988 -0.518479
0.688477 -0.517693
0.688965 -0.516906
0.689453 -0.516119
0.689941 -0.515332
0.69043 -0.514545
0.690918 -0.513757
0.691406 -0.51297
0.691895 -0.512182
0.692383 -0.511395
0.692871 -0.510607
0.693359 -0.509819
0.693848 -0.509031
0.694336 -0.508243
0.694824 -0.507454
0.695312 -0.506666
0.695801 -0.505877
0.696289 -0.505089
0.696777 -0.5043
0.697266 -0.503511
0.697754 -0.502722
0.698242 -0.501932
0.69873 -0.501143
0.699219 -0.500354
0.699707 -0.499564
0.700195 -0.498774
0.700684 -0.497984
0.701172 -0.497194
0.70166 -0.496404
0.702148 -0.495614
0.702637 -0.494824
0.703125 -0.494033
0.703613 -0.493243
0.704102 -0.492452
0.70459 -0.491661
0.705078 -0.49087
0.705566 -0.490079
0.706055 -0.489288
0.706543 -0.488497
0.707031 -0.487705
0.70752 -0.486914
0.708008 -0.486122
0.708496 -0.48533
0.708984 -0.484538
0.709473 -0.483746
0.709961 -0.482954
0.710449 -0.482162
0.710938 -0.481369
0.711426 -0.480577
0.711914 -0.479784
0.712402 -0.478992
0.712891 -0.478199
0.713379 -0.477406
0.713867 -0.476613
0.714355 -0.475819
0.714844 -0.475026
0.715332 -0.474233
0.71582 -0.473439
0.716309 -0.472646
0.716797 -0.471852
0.717285 -0.471058
0.717773 -0.470264
0.718262 -0.46947
0.71875 -0.468676
0.719238 -0.467881
0.719727 -0.467087
0.720215 -0.466292
0.720703 -0.465498
0.721191 -0.464703
0.72168 -0.463908
0.722168 -0.463113
0.722656 -0.462318
0.723145 -0.461523
0.723633 -0.460727
0.724121 -0.459932
0.724609 -0.459136
0.725098 -0.458341
0.725586 -0.457545
0.726074 -0.456749
0.726562 -0.455953
0.727051 -0.455157
0.727539 -0.454361
0.728027 -0.453564
0.728516 -0.452768
0.729004 -0.451971
0.729492 -0.451175
0.72998 -0.450378
0.730469 -0.449581
0.730957 -0.448784
0.731445 -0.447987
0.731934 -0.44719
0.732422 -0.446393
0.73291 -0.445596
0.733398 -0.444798
0.733887 -0.444
0.734375 -0.443203
0.734863 -0.442405
0.735352 -0.441607
0.73584 -0.440809
0.736328 -0.440011
0.736816 -0.439213
0.737305 -0.438415
0.737793 -0.437616
0.738281 -0.436818
0.73877 -0.436019
0.739258 -0.435221
0.739746 -0.434422
0.740234 -0.433623
0.740723 -0.432824
0.741211 -0.432025
0.741699 -0.431226
0.742188 -0.430426
0.742676 -0.429627
0.743164 -0.428828
0.743652 -0.428028
0.744141 -0.427228
0.744629 -0.426429
0.745117 -0.425629
0.745605 -0.424829
0.746094 -0.424029
0.746582 -0.423229
0.74707 -0.422428
0.747559 -0.421628
0.748047 -0.420827
0.748535 -0.420027
0.749023 -0.419226
0.749512 -0.418426
0.75 -0.417625
0.750488 -0.416824
0.750977 -0.416023
0.751465 -0.415222
0.751953 -0.414421
0.752441 -0.413619
0.75293 -0.412818
0.753418 -0.412016
0.753906 -0.411215
0.754395 -0.410413
0.754883 -0.409611
0.755371 -0.40881
0.755859 -0.408008
0.756348 -0.407206
0.756836 -0.406404
0.757324 -0.405601
0.757812 -0.404799
0.758301 -0.403997
0.758789 -0.403194
0.759277 -0.402392
0.759766 -0.401589
0.760254 -0.400786
0.760742 -0.399983
0.76123 -0.39918
0.761719 -0.398377
0.762207 -0.397574
0.762695 -0.396771
0.763184 -0.395968
0.763672 -0.395165
0.76416 -0.394361
0.764648 -0.393558
0.765137 -0.392754
0.765625 -0.39195
0.766113 -0.391147
0.766602 -0.390343
0.76709 -0.389539
0.767578 -0.388735
0.768066 -0.38793
0.768555 -0.387126
0.769043 -0.386322
0.769531 -0.385518
0.77002 -0.384713
0.770508 -0.383909
0.770996 -0.383104
0.771484 -0.382299
0.771973 -0.381494
0.772461 -0.38069
0.772949 -0.379885
0.773438 -0.37908
0.773926 -0.378274
0.774414 -0.377469
0.774902 -0.376664
0.775391 -0.375859
0.775879 -0.375053
0.776367 -0.374248
0.776855 -0.373442
0.777344 -0.372636
0.777832 -0.37183
0.77832 -0.371025
0.778809 -0.370219
0.779297 -0.369413
0.779785 -0.368606
0.780273 -0.3678
0.780762 -0.366994
0.78125 -0.366188
0.781738 -0.365381
0.782227 -0.364575
0.782715 -0.363768
0.783203 -0.362962
0.783691 -0.362155
0.78418 -0.361348
0.784668 -0.360541
0.785156 -0.359734
0.785645 -0.358927
0.786133 -0.35812
0.786621 -0.357313
0.787109 -0.356506
0.787598 -0.355698
0.788086 -0.354891
0.788574 -0.354083
0.789062 -0.353276
0.789551 -0.352468
0.790039 -0.351661
0.790527 -0.350853
0.791016 -0.350045
0.791504 -0.349237
0.791992 -0.348429
0.79248 -0.347621
0.792969 -0.346813
0.793457 -0.346004
0.793945 -0.345196
0.794434 -0.344388
0.794922 -0.343579
0.79541 -0.342771
0.795898 -0.341962
0.796387 -0.341154
0.796875 -0.340345
0.797363 -0.339536
0.797852 -0.338727
0.79834 -0.337918
0.798828 -0.337109
0.799316 -0.3363
0.799805 -0.335491
0.800293 -0.334682
0.800781 -0.333872
0.80127 -0.333063
0.801758 -0.332254
0.802246 -0.331444
0.802734 -0.330635
0.803223 -0.329825
0.803711 -0.329015
0.804199 -0.328206
0.804688 -0.327396
0.805176 -0.326586
0.805664 -0.325776
0.806152 -0.324966
0.806641 -0.324156
0.807129 -0.323345
0.807617 -0.322535
0.808105 -0.321725
0.808594 -0.320914
0.809082 -0.320104
0.80957 -0.319294
0.810059 -0.318483
0.810547 -0.317672
0.811035 -0.316862
0.811523 -0.316051
0.812012 -0.31524
0.8125 -0.314429
0.812988 -0.313618
0.813477 -0.312807
0.813965 -0.311996
0.814453 -0.311185
0.814941 -0.310374
0.81543 -0.309562
0.815918 -0.308751
0.816406 -0.30794
0.816895 -0.307128
0.817383 -0.306317
0.817871 -0.305505
0.818359 -0.304693
0.818848 -0.303882
0.819336 -0.30307
0.819824 -0.302258
0.820312 -0.301446
0.820801 -0.300634
0.821289 -0.299822
0.821777 -0.29901
0.822266 -0.298198
0.822754 -0.297386
0.823242 -0.296573
0.82373 -0.295761
0.824219 -0.294949
0.824707 -0.294136
0.825195 -0.293324
0.825684 -0.292511
0.826172 -0.291698
0.82666 -0.290886
0.827148 -0.290073
0.827637 -0.28926
0.828125 -0.288447
0.828613 -0.287634
0.829102 -0.286821
0.82959 -0.286008
0.830078 -0.285195
0.830566 -0.284382
0.831055 -0.283569
0.831543 -0.282756
0.832031 -0.281942
0.83252 -0.281129
0.833008 -0.280316
0.833496 -0.279502
0.833984 -0.278688
0.834473 -0.277875
0.834961 -0.277061
0.835449 -0.276247
0.835938 -0.275434
0.836426 -0.27462
0.836914 -0.273806
0.837402 -0.272992
0.837891 -0.272178
0.838379 -0.271364
0.838867 -0.27055
0.839355 -0.269736
0.839844 -0.268922
0.840332 -0.268107
0.84082 -0.267293
0.841309 -0.266479
0.841797 -0.265664
0.842285 -0.26485
0.842773 -0.264035
0.843262 -0.263221
0.84375 -0.262406
0.844238 -0.261591
0.844727 -0.260777
0.845215 -0.259962
0.845703 -0.259147
0.846191 -0.258332
0.84668 -0.257517
0.847168 -0.256702
0.847656 -0.255887
0.848145 -0.255072
0.848633 -0.254257
0.849121 -0.253442
0.849609 -0.252627
0.850098 -0.251811
0.850586 -0.250996
0.851074 -0.250181
0.851562 -0.249365
0.852051 -0.24855
0.852539 -0.247734
0.853027 -0.246919
0.853516 -0.246103
0.854004 -0.245287
0.854492 -0.244472
0.85498 -0.243656
0.855469 -0.24284
0.855957 -0.242024
0.856445 -0.241208
0.856934 -0.240392
0.857422 -0.239576
0.85791 -0.23876
0.858398 -0.237944
0.858887 -0.237128
0.859375 -0.236312
0.859863 -0.235495
0.860352 -0.234679
0.86084 -0.233863
0.861328 -0.233047
0.861816 -0.23223
0.862305 -0.231414
0.862793 -0.230597
0.863281 -0.229781
0.86377 -0.228964
0.864258 -0.228147
0.864746 -0.227331
0.865234 -0.226514
0.865723 -0.225697
0.866211 -0.22488
0.866699 -0.224063
0.867188 -0.223247
0.867676 -0.22243
0.868164 -0.221613
0.868652 -0.220796
0.869141 -0.219978
0.869629 -0.219161
0.870117 -0.218344
0.870605 -0.217527
0.871094 -0.21671
0.871582 -0.215892
0.87207 -0.215075
0.872559 -0.214258
0.873047 -0.21344
0.873535 -0.212623
0.874023 -0.211805
0.874512 -0.210988
0.875 -0.21017
0.875488 -0.209353
0.875977 -0.208535
0.876465 -0.207717
0.876953 -0.2069
0.877441 -0.206082
0.87793 -0.205264
0.878418 -0.204446
0.878906 -0.203628
0.879395 -0.20281
0.879883 -0.201992
0.880371 -0.201174
0.880859 -0.200356
0.881348 -0.199538
0.881836 -0.19872
0.882324 -0.197902
0.882812 -0.197084
0.883301 -0.196265
0.883789 -0.195447
0.884277 -0.194629
0.884766 -0.193811
0.885254 -0.192992
0.885742 -0.192174
0.88623 -0.191355
0.886719 -0.190537
0.887207 -0.189718
0.887695 -0.1889
0.888184 -0.188081
0.888672 -0.187262
0.88916 -0.186444
0.889648 -0.185625
0.890137 -0.184806
0.890625 -0.183988
0.891113 -0.183169
0.891602 -0.18235
0.89209 -0.181531
0.892578 -0.180712
0.893066 -0.179893
0.893555 -0.179074
0.894043 -0.178255
0.894531 -0.177436
0.89502 -0.176617
0.895508 -0.175798
0.895996 -0.174979
0.896484 -0.17416
0.896973 -0.17334
0.897461 -0.172521
0.897949 -0.171702
0.898438 -0.170883
0.898926 -0.170063
0.899414 -0.169244
0.899902 -0.168425
0.900391 -0.167605
0.900879 -0.166786
0.901367 -0.165966
0.901855 -0.165147
0.902344 -0.164327
0.902832 -0.163508
0.90332 -0.162688
0.903809 -0.161868
0.904297 -0.161049
0.904785 -0.160229
0.905273 -0.159409
0.905762 -0.158589
0.90625 -0.15777
0.906738 -0.15695
0.907227 -0.15613
0.907715 -0.15531
0.908203 -0.15449
0.908691 -0.15367
0.90918 -0.152851
0.909668 -0.152031
0.910156 -0.151211
0.910645 -0.150391
0.911133 -0.149571
0.911621 -0.148751
0.912109 -0.14793
0.912598 -0.14711
0.913086 -0.14629
0.913574 -0.14547
0.914062 -0.14465
0.914551 -0.14383
0.915039 -0.143009
0.915527 -0.142189
0.916016 -0.141369
0.916504 -0.140549
0.916992 -0.139728
0.91748 -0.138908
0.917969 -0.138088
0.918457 -0.137267
0.918945 -0.136447
0.919434 -0.135627
0.919922 -0.134806
0.92041 -0.133986
0.920898 -0.133165
0.921387 -0.132345
0.921875 -0.131524
0.922363 -0.130704
0.922852 -0.129883
0.92334 -0.129063
0.923828 -0.128242
0.924316 -0.127422
0.924805 -0.126601
0.925293 -0.125781
0.925781 -0.12496
0.92627 -0.124139
0.926758 -0.123319
0.927246 -0.122498
0.927734 -0.121677
0.928223 -0.120857
0.928711 -0.120036
0.929199 -0.119215
0.929688 -0.118395
0.930176 -0.117574
0.930664 -0.116753
0.931152 -0.115933
0.931641 -0.115112
0.932129 -0.114291
0.932617 -0.11347
0.933105 -0.11265
0.933594 -0.111829
0.934082 -0.111008
0.93457 -0.110187
0.935059 -0.109367
0.935547 -0.108546
0.936035 -0.107725
0.936523 -0.106904
0.937012 -0.106084
0.9375 -0.105263
0.937988 -0.104442
0.938477 -0.103622
0.938965 -0.102801
0.939453 -0.10198
0.939941 -0.101159
0.94043 -0.100339
0.940918 -0.0995179
0.941406 -0.0986971
0.941895 -0.0978764
0.942383 -0.0970557
0.942871 -0.096235
0.943359 -0.0954144
0.943848 -0.0945937
0.944336 -0.093773
0.944824 -0.0929524
0.945312 -0.0921317
0.945801 -0.0913111
0.946289 -0.0904905
0.946777 -0.0896699
0.947266 -0.0888493
0.947754 -0.0880288
0.948242 -0.0872082
0.94873 -0.0863877
0.949219 -0.0855672
0.949707 -0.0847467
0.950195 -0.0839262
0.950684 -0.0831057
0.951172 -0.0822853
0.95166 -0.0814649
0.952148 -0.0806445
0.952637 -0.0798241
0.953125 -0.0790038
0.953613 -0.0781835
0.954102 -0.0773632
0.95459 -0.0765429
0.955078 -0.0757227
0.955566 -0.0749025
0.956055 -0.0740823
0.956543 -0.0732621
0.957031 -0.072442
0.95752 -0.0716219
0.958008 -0.0708018
0.958496 -0.0699818
0.958984 -0.0691618
0.959473 -0.0683418
0.959961 -0.0675219
0.960449 -0.0667019
0.960938 -0.0658821
0.961426 -0.0650622
0.961914 -0.0642424
0.962402 -0.0634227
0.962891 -0.0626029
0.963379 -0.0617832
0.963867 -0.0609636
0.964355 -0.0601439
0.964844 -0.0593244
0.965332 -0.0585048
0.96582 -0.0576853
0.966309 -0.0568658
0.966797 -0.0560464
0.967285 -0.055227
0.967773 -0.0544076
0.968262 -0.0535883
0.96875 -0.0527691
0.969238 -0.0519498
0.969727 -0.0511306
0.970215 -0.0503115
0.970703 -0.0494924
0.971191 -0.0486733
0.97168 -0.0478543
0.972168 -0.0470353
0.972656 -0.0462163
0.973145 -0.0453974
0.973633 -0.0445786
0.974121 -0.0437597
0.974609 -0.0429409
0.975098 -0.0421222
0.975586 -0.0413035
0.976074 -0.0404848
0.976562 -0.0396662
0.977051 -0.0388476
0.977539 -0.0380291
0.978027 -0.0372106
0.978516 -0.0363921
0.979004 -0.0355737
0.979492 -0.0347553
0.97998 -0.0339369
0.980469 -0.0331186
0.980957 -0.0323004
0.981445 -0.0314821
0.981934 -0.0306639
0.982422 -0.0298457
0.98291 -0.0290276
0.983398 -0.0282095
0.983887 -0.0273914
0.984375 -0.0265734
0.984863 -0.0257554
0.985352 -0.0249374
0.98584 -0.0241195
0.986328 -0.0233016
0.986816 -0.0224837
0.987305 -0.0216659
0.987793 -0.020848
0.988281 -0.0200302
0.98877 -0.0192125
0.989258 -0.0183947
0.989746 -0.017577
0.990234 -0.0167593
0.990723 -0.0159416
0.991211 -0.015124
0.991699 -0.0143064
0.992188 -0.0134888
0.992676 -0.0126712
0.993164 -0.0118536
0.993652 -0.011036
0.994141 -0.0102185
0.994629 -0.00940095
0.995117 -0.00858343
0.995605 -0.00776592
0.996094 -0.00694843
0.996582 -0.00613094
0.99707 -0.00531347
0.997559 -0.004496
0.998047 -0.00367853
0.998535 -0.00286108
0.999023 -0.00204362
0.999512 -0.00122617
1 -0.000408724
