0 0.000374472
0.000488281 0.00112342
0.000976562 0.00187236
0.00146484 0.00262131
0.00195312 0.00337026
0.00244141 0.00411922
0.00292969 0.00486818
0.00341797 0.00561714
0.00390625 0.00636611
0.00439453 0.00711509
0.00488281 0.00786407
0.00537109 0.00861306
0.00585938 0.00936206
0.00634766 0.0101111
0.00683594 0.0108601
0.00732422 0.0116091
0.0078125 0.0123582
0.00830078 0.0131072
0.00878906 0.0138563
0.00927734 0.0146054
0.00976562 0.0153545
0.0102539 0.0161036
0.0107422 0.0168527
0.0112305 0.0176018
0.0117188 0.018351
0.012207 0.0191002
0.0126953 0.0198494
0.0131836 0.0205986
0.0136719 0.0213478
0.0141602 0.0220971
0.0146484 0.0228464
0.0151367 0.0235957
0.015625 0.024345
0.0161133 0.0250943
0.0166016 0.0258437
0.0170898 0.0265931
0.0175781 0.0273425
0.0180664 0.0280919
0.0185547 0.0288414
0.019043 0.0295909
0.0195312 0.0303404
0.0200195 0.0310899
0.0205078 0.0318395
0.0209961 0.032589
0.0214844 0.0333387
0.0219727 0.0340883
0.0224609 0.034838
0.0229492 0.0355877
0.0234375 0.0363374
0.0239258 0.0370872
0.0244141 0.0378369
0.0249023 0.0385867
0.0253906 0.0393366
0.0258789 0.0400865
0.0263672 0.0408364
0.0268555 0.0415863
0.0273438 0.0423362
0.027832 0.0430862
0.0283203 0.0438362
0.0288086 0.0445863
0.0292969 0.0453364
0.0297852 0.0460865
0.0302734 0.0468366
0.0307617 0.0475868
0.03125 0.048337
0.0317383 0.0490872
0.0322266 0.0498375
0.0327148 0.0505878
0.0332031 0.0513381
0.0336914 0.0520884
0.0341797 0.0528388
0.034668 0.0535892
0.0351562 0.0543397
0.0356445 0.0550901
0.0361328 0.0558406
0.0366211 0.0565911
0.0371094 0.0573417
0.0375977 0.0580923
0.0380859 0.0588429
0.0385742 0.0595935
0.0390625 0.0603442
0.0395508 0.0610949
0.0400391 0.0618456
0.0405273 0.0625964
0.0410156 0.0633472
0.0415039 0.064098
0.0419922 0.0648488
0.0424805 0.0655996
0.0429688 0.0663505
0.043457 0.0671014
0.0439453 0.0678524
0.0444336 0.0686033
0.0449219 0.0693543
0.0454102 0.0701053
0.0458984 0.0708564
0.0463867 0.0716074
0.046875 0.0723585
0.0473633 0.0731096
0.0478516 0.0738607
0.0483398 0.0746118
0.0488281 0.075363
0.0493164 0.0761142
0.0498047 0.0768654
0.050293 0.0776166
0.0507812 0.0783679
0.0512695 0.0791191
0.0517578 0.0798704
0.0522461 0.0806217
0.0527344 0.081373
0.0532227 0.0821244
0.0537109 0.0828757
0.0541992 0.0836271
0.0546875 0.0843784
0.0551758 0.0851298
0.0556641 0.0858813
0.0561523 0.0866327
0.0566406 0.0873841
0.0571289 0.0881356
0.0576172 0.088887
0.0581055 0.0896385
0.0585938 0.09039
0.059082 0.0911415
0.0595703 0.091893
0.0600586 0.0926445
0.0605469 0.0933961
0.0610352 0.0941476
0.0615234 0.0948991
0.0620117 0.0956507
0.0625 0.0964023
0.0629883 0.0971538
0.0634766 0.0979054
0.0639648 0.098657
0.0644531 0.0994086
0.0649414 0.10016
0.0654297 0.100912
0.065918 0.101663
0.0664062 0.102415
0.0668945 0.103167
0.0673828 0.103918
0.0678711 0.10467
0.0683594 0.105421
0.0688477 0.106173
0.0693359 0.106925
0.0698242 0.107676
0.0703125 0.108428
0.0708008 0.10918
0.0712891 0.109931
0.0717773 0.110683
0.0722656 0.111434
0.0727539 0.112186
0.0732422 0.112938
0.0737305 0.113689
0.0742188 0.114441
0.074707 0.115192
0.0751953 0.115944
0.0756836 0.116696
0.0761719 0.117447
0.0766602 0.118199
0.0771484 0.11895
0.0776367 0.119702
0.078125 0.120453
0.0786133 0.121205
0.0791016 0.121957
0.0795898 0.122708
0.0800781 0.12346
0.0805664 0.124211
0.0810547 0.124963
0.081543 0.125714
0.0820312 0.126466
0.0825195 0.127217
0.0830078 0.127969
0.0834961 0.12872
0.0839844 0.129472
0.0844727 0.130223
0.0849609 0.130974
0.0854492 0.131726
0.0859375 0.132477
0.0864258 0.133229
0.0869141 0.13398
0.0874023 0.134731
0.0878906 0.135483
0.0883789 0.136234
0.0888672 0.136985
0.0893555 0.137737
0.0898438 0.138488
0.090332 0.139239
0.0908203 0.139991
0.0913086 0.140742
0.0917969 0.141493
0.0922852 0.142244
0.0927734 0.142996
0.0932617 0.143747
0.09375 0.144498
0.0942383 0.145249
0.0947266 0.146
0.0952148 0.146751
0.0957031 0.147502
0.0961914 0.148253
0.0966797 0.149005
0.097168 0.149756
0.0976562 0.150507
0.0981445 0.151258
0.0986328 0.152009
0.0991211 0.15276
0.0996094 0.153511
0.100098 0.154262
0.100586 0.155012
0.101074 0.155763
0.101562 0.156514
0.102051 0.157265
0.102539 0.158016
0.103027 0.158767
0.103516 0.159517
0.104004 0.160268
0.104492 0.161019
0.10498 0.16177
0.105469 0.16252
0.105957 0.163271
0.106445 0.164022
0.106934 0.164772
0.107422 0.165523
0.10791 0.166274
0.108398 0.167024
0.108887 0.167775
0.109375 0.168525
0.109863 0.169276
0.110352 0.170026
0.11084 0.170777
0.111328 0.171527
0.111816 0.172278
0.112305 0.173028
0.112793 0.173778
0.113281 0.174529
0.11377 0.175279
0.114258 0.176029
0.114746 0.17678
0.115234 0.17753
0.115723 0.17828
0.116211 0.17903
0.116699 0.17978
0.117188 0.18053
0.117676 0.181281
0.118164 0.182031
0.118652 0.182781
0.119141 0.183531
0.119629 0.184281
0.120117 0.185031
0.120605 0.185781
0.121094 0.186531
0.121582 0.18728
0.12207 0.18803
0.122559 0.18878
0.123047 0.18953
0.123535 0.19028
0.124023 0.19103
0.124512 0.191779
0.125 0.192529
0.125488 0.193279
0.125977 0.194028
0.126465 0.194778
0.126953 0.195528
0.127441 0.196277
0.12793 0.197027
0.128418 0.197776
0.128906 0.198526
0.129395 0.199275
0.129883 0.200025
0.130371 0.200774
0.130859 0.201523
0.131348 0.202273
0.131836 0.203022
0.132324 0.203771
0.132812 0.20452
0.133301 0.20527
0.133789 0.206019
0.134277 0.206768
0.134766 0.207517
0.135254 0.208266
0.135742 0.209015
0.13623 0.209764
0.136719 0.210513
0.137207 0.211262
0.137695 0.212011
0.138184 0.21276
0.138672 0.213509
0.13916 0.214258
0.139648 0.215007
0.140137 0.215755
0.140625 0.216504
0.141113 0.217253
0.141602 0.218002
0.14209 0.21875
0.142578 0.219499
0.143066 0.220247
0.143555 0.220996
0.144043 0.221745
0.144531 0.222493
0.14502 0.223241
0.145508 0.22399
0.145996 0.224738
0.146484 0.225487
0.146973 0.226235
0.147461 0.226983
0.147949 0.227732
0.148438 0.22848
0.148926 0.229228
0.149414 0.229976
0.149902 0.230724
0.150391 0.231472
0.150879 0.23222
0.151367 0.232968
0.151855 0.233716
0.152344 0.234464
0.152832 0.235212
0.15332 0.23596
0.153809 0.236708
0.154297 0.237456
0.154785 0.238203
0.155273 0.238951
0.155762 0.239699
0.15625 0.240447
0.156738 0.241194
0.157227 0.241942
0.157715 0.242689
0.158203 0.243437
0.158691 0.244184
0.15918 0.244932
0.159668 0.245679
0.160156 0.246427
0.160645 0.247174
0.161133 0.247921
0.161621 0.248668
0.162109 0.249416
0.162598 0.250163
0.163086 0.25091
0.163574 0.251657
0.164062 0.252404
0.164551 0.253151
0.165039 0.253898
0.165527 0.254645
0.166016 0.255392
0.166504 0.256139
0.166992 0.256886
0.16748 0.257633
0.167969 0.258379
0.168457 0.259126
0.168945 0.259873
0.169434 0.260619
0.169922 0.261366
0.17041 0.262113
0.170898 0.262859
0.171387 0.263606
0.171875 0.264352
0.172363 0.265098
0.172852 0.265845
0.17334 0.266591
0.173828 0.267337
0.174316 0.268084
0.174805 0.26883
0.175293 0.269576
0.175781 0.270322
0.17627 0.271068
0.176758 0.271814
0.177246 0.27256
0.177734 0.273306
0.178223 0.274052
0.178711 0.274798
0.179199 0.275544
0.179688 0.276289
0.180176 0.277035
0.180664 0.277781
0.181152 0.278527
0.181641 0.279272
0.182129 0.280018
0.182617 0.280763
0.183105 0.281509
0.183594 0.282254
0.184082 0.283
0.18457 0.283745
0.185059 0.28449
0.185547 0.285236
0.186035 0.285981
0.186523 0.286726
0.187012 0.287471
0.1875 0.288216
0.187988 0.288961
0.188477 0.289706
0.188965 0.290451
0.189453 0.291196
0.189941 0.291941
0.19043 0.292686
0.190918 0.29343
0.191406 0.294175
0.191895 0.29492
0.192383 0.295664
0.192871 0.296409
0.193359 0.297154
0.193848 0.297898
0.194336 0.298643
0.194824 0.299387
0.195312 0.300131
0.195801 0.300876
0.196289 0.30162
0.196777 0.302364
0.197266 0.303108
0.197754 0.303852
0.198242 0.304596
0.19873 0.30534
0.199219 0.306084
0.199707 0.306828
0.200195 0.307572
0.200684 0.308316
0.201172 0.30906
0.20166 0.309804
0.202148 0.310547
0.202637 0.311291
0.203125 0.312035
0.203613 0.312778
0.204102 0.313522
0.20459 0.314265
0.205078 0.315008
0.205566 0.315752
0.206055 0.316495
0.206543 0.317238
0.207031 0.317981
0.20752 0.318725
0.208008 0.319468
0.208496 0.320211
0.208984 0.320954
0.209473 0.321697
0.209961 0.32244
0.210449 0.323182
0.210938 0.323925
0.211426 0.324668
0.211914 0.325411
0.212402 0.326153
0.212891 0.326896
0.213379 0.327638
0.213867 0.328381
0.214355 0.329123
0.214844 0.329866
0.215332 0.330608
0.21582 0.33135
0.216309 0.332092
0.216797 0.332834
0.217285 0.333577
0.217773 0.334319
0.218262 0.335061
0.21875 0.335803
0.219238 0.336544
0.219727 0.337286
0.220215 0.338028
0.220703 0.33877
0.221191 0.339511
0.22168 0.340253
0.222168 0.340995
0.222656 0.341736
0.223145 0.342478
0.223633 0.343219
0.224121 0.34396
0.224609 0.344702
0.225098 0.345443
0.225586 0.346184
0.226074 0.346925
0.226562 0.347666
0.227051 0.348407
0.227539 0.349148
0.228027 0.349889
0.228516 0.35063
0.229004 0.351371
0.229492 0.352111
0.22998 0.352852
0.230469 0.353593
0.230957 0.354333
0.231445 0.355074
0.231934 0.355814
0.232422 0.356554
0.23291 0.357295
0.233398 0.358035
0.233887 0.358775
0.234375 0.359515
0.234863 0.360255
0.235352 0.360995
0.23584 0.361735
0.236328 0.362475
0.236816 0.363215
0.237305 0.363955
0.237793 0.364695
0.238281 0.365434
0.23877 0.366174
0.239258 0.366913
0.239746 0.367653
0.240234 0.368392
0.240723 0.369132
0.241211 0.369871
0.241699 0.37061
0.242188 0.371349
0.242676 0.372088
0.243164 0.372827
0.243652 0.373566
0.244141 0.374305
0.244629 0.375044
0.245117 0.375783
0.245605 0.376522
0.246094 0.37726
0.246582 0.377999
0.24707 0.378738
0.247559 0.379476
0.248047 0.380215
0.248535 0.380953
0.249023 0.381691
0.249512 0.382429
0.25 0.383168
0.250488 0.383906
0.250977 0.384644
0.251465 0.385382
0.251953 0.38612
0.252441 0.386857
0.25293 0.387595
0.253418 0.388333
0.253906 0.389071
0.254395 0.389808
0.254883 0.390546
0.255371 0.391283
0.255859 0.392021
0.256348 0.392758
0.256836 0.393495
0.257324 0.394232
0.257812 0.394969
0.258301 0.395706
0.258789 0.396443
0.259277 0.39718
0.259766 0.397917
0.260254 0.398654
0.260742 0.399391
0.26123 0.400127
0.261719 0.400864
0.262207 0.4016
0.262695 0.402337
0.263184 0.403073
0.263672 0.403809
0.26416 0.404546
0.264648 0.405282
0.265137 0.406018
0.265625 0.406754
0.266113 0.40749
0.266602 0.408226
0.26709 0.408962
0.267578 0.409697
0.268066 0.410433
0.268555 0.411169
0.269043 0.411904
0.269531 0.41264
0.27002 0.413375
0.270508 0.41411
0.270996 0.414846
0.271484 0.415581
0.271973 0.416316
0.272461 0.417051
0.272949 0.417786
0.273438 0.418521
0.273926 0.419255
0.274414 0.41999
0.274902 0.420725
0.275391 0.421459
0.275879 0.422194
0.276367 0.422928
0.276855 0.423663
0.277344 0.424397
0.277832 0.425131
0.27832 0.425865
0.278809 0.426599
0.279297 0.427333
0.279785 0.428067
0.280273 0.428801
0.280762 0.429535
0.28125 0.430269
0.281738 0.431002
0.282227 0.431736
0.282715 0.432469
0.283203 0.433203
0.283691 0.433936
0.28418 0.434669
0.284668 0.435402
0.285156 0.436135
0.285645 0.436868
0.286133 0.437601
0.286621 0.438334
0.287109 0.439067
0.287598 0.4398
0.288086 0.440532
0.288574 0.441265
0.289062 0.441997
0.289551 0.442729
0.290039 0.443462
0.290527 0.444194
0.291016 0.444926
0.291504 0.445658
0.291992 0.44639
0.29248 0.447122
0.292969 0.447854
0.293457 0.448586
0.293945 0.449317
0.294434 0.450049
0.294922 0.45078
0.29541 0.451512
0.295898 0.452243
0.296387 0.452974
0.296875 0.453705
0.297363 0.454436
0.297852 0.455167
0.29834 0.455898
0.298828 0.456629
0.299316 0.45736
0.299805 0.458091
0.300293 0.458821
0.300781 0.459552
0.30127 0.460282
0.301758 0.461012
0.302246 0.461743
0.302734 0.462473
0.303223 0.463203
0.303711 0.463933
0.304199 0.464663
0.304688 0.465392
0.305176 0.466122
0.305664 0.466852
0.306152 0.467581
0.306641 0.468311
0.307129 0.46904
0.307617 0.469769
0.308105 0.470499
0.308594 0.471228
0.309082 0.471957
0.30957 0.472686
0.310059 0.473415
0.310547 0.474143
0.311035 0.474872
0.311523 0.475601
0.312012 0.476329
0.3125 0.477057
0.312988 0.477786
0.313477 0.478514
0.313965 0.479242
0.314453 0.47997
0.314941 0.480698
0.31543 0.481426
0.315918 0.482154
0.316406 0.482881
0.316895 0.483609
0.317383 0.484337
0.317871 0.485064
0.318359 0.485791
0.318848 0.486519
0.319336 0.487246
0.319824 0.487973
0.320312 0.4887
0.320801 0.489427
0.321289 0.490153
0.321777 0.49088
0.322266 0.491607
0.322754 0.492333
0.323242 0.493059
0.32373 0.493786
0.324219 0.494512
0.324707 0.495238
0.325195 0.495964
0.325684 0.49669
0.326172 0.497416
0.32666 0.498141
0.327148 0.498867
0.327637 0.499593
0.328125 0.500318
0.328613 0.501043
0.329102 0.501769
0.32959 0.502494
0.330078 0.503219
0.330566 0.503944
0.331055 0.504668
0.331543 0.505393
0.332031 0.506118
0.33252 0.506842
0.333008 0.507567
0.333496 0.508291
0.333984 0.509015
0.334473 0.50974
0.334961 0.510464
0.335449 0.511188
0.335938 0.511911
0.336426 0.512635
0.336914 0.513359
0.337402 0.514082
0.337891 0.514806
0.338379 0.515529
0.338867 0.516252
0.339355 0.516976
0.339844 0.517699
0.340332 0.518421
0.34082 0.519144
0.341309 0.519867
0.341797 0.52059
0.342285 0.521312
0.342773 0.522035
0.343262 0.522757
0.34375 0.523479
0.344238 0.524201
0.344727 0.524923
0.345215 0.525645
0.345703 0.526367
0.346191 0.527088
0.34668 0.52781
0.347168 0.528532
0.347656 0.529253
0.348145 0.529974
0.348633 0.530695
0.349121 0.531416
0.349609 0.532137
0.350098 0.532858
0.350586 0.533579
0.351074 0.534299
0.351562 0.53502
0.352051 0.53574
0.352539 0.53646
0.353027 0.537181
0.353516 0.537901
0.354004 0.538621
0.354492 0.53934
0.35498 0.54006
0.355469 0.54078
0.355957 0.541499
0.356445 0.542219
0.356934 0.542938
0.357422 0.543657
0.35791 0.544376
0.358398 0.545095
0.358887 0.545814
0.359375 0.546532
0.359863 0.547251
0.360352 0.547969
0.36084 0.548688
0.361328 0.549406
0.361816 0.550124
0.362305 0.550842
0.362793 0.55156
0.363281 0.552278
0.36377 0.552996
0.364258 0.553713
0.364746 0.554431
0.365234 0.555148
0.365723 0.555865
0.366211 0.556582
0.366699 0.557299
0.367188 0.558016
0.367676 0.558733
0.368164 0.559449
0.368652 0.560166
0.369141 0.560882
0.369629 0.561598
0.370117 0.562314
0.370605 0.56303
0.371094 0.563746
0.371582 0.564462
0.37207 0.565178
0.372559 0.565893
0.373047 0.566609
0.373535 0.567324
0.374023 0.568039
0.374512 0.568754
0.375 0.569469
0.375488 0.570184
0.375977 0.570898
0.376465 0.571613
0.376953 0.572327
0.377441 0.573042
0.37793 0.573756
0.378418 0.57447
0.378906 0.575184
0.379395 0.575897
0.379883 0.576611
0.380371 0.577325
0.380859 0.578038
0.381348 0.578751
0.381836 0.579464
0.382324 0.580177
0.382812 0.58089
0.383301 0.581603
0.383789 0.582316
0.384277 0.583028
0.384766 0.583741
0.385254 0.584453
0.385742 0.585165
0.38623 0.585877
0.386719 0.586589
0.387207 0.5873
0.387695 0.588012
0.388184 0.588724
0.388672 0.589435
0.38916 0.590146
0.389648 0.590857
0.390137 0.591568
0.390625 0.592279
0.391113 0.592989
0.391602 0.5937
0.39209 0.59441
0.392578 0.595121
0.393066 0.595831
0.393555 0.596541
0.394043 0.59725
0.394531 0.59796
0.39502 0.59867
0.395508 0.599379
0.395996 0.600088
0.396484 0.600798
0.396973 0.601507
0.397461 0.602215
0.397949 0.602924
0.398438 0.603633
0.398926 0.604341
0.399414 0.605049
0.399902 0.605758
0.400391 0.606466
0.400879 0.607174
0.401367 0.607881
0.401855 0.608589
0.402344 0.609296
0.402832 0.610004
0.40332 0.610711
0.403809 0.611418
0.404297 0.612125
0.404785 0.612831
0.405273 0.613538
0.405762 0.614245
0.40625 0.614951
0.406738 0.615657
0.407227 0.616363
0.407715 0.617069
0.408203 0.617775
0.408691 0.61848
0.40918 0.619186
0.409668 0.619891
0.410156 0.620596
0.410645 0.621301
0.411133 0.622006
0.411621 0.62271
0.412109 0.623415
0.412598 0.624119
0.413086 0.624824
0.413574 0.625528
0.414062 0.626231
0.414551 0.626935
0.415039 0.627639
0.415527 0.628342
0.416016 0.629046
0.416504 0.629749
0.416992 0.630452
0.41748 0.631155
0.417969 0.631857
0.418457 0.63256
0.418945 0.633262
0.419434 0.633964
0.419922 0.634666
0.42041 0.635368
0.420898 0.63607
0.421387 0.636772
0.421875 0.637473
0.422363 0.638174
0.422852 0.638875
0.42334 0.639576
0.423828 0.640277
0.424316 0.640978
0.424805 0.641678
0.425293 0.642379
0.425781 0.643079
0.42627 0.643779
0.426758 0.644479
0.427246 0.645178
0.427734 0.645878
0.428223 0.646577
0.428711 0.647276
0.429199 0.647975
0.429688 0.648674
0.430176 0.649373
0.430664 0.650071
0.431152 0.650769
0.431641 0.651468
0.432129 0.652166
0.432617 0.652863
0.433105 0.653561
0.433594 0.654259
0.434082 0.654956
0.43457 0.655653
0.435059 0.65635
0.435547 0.657047
0.436035 0.657743
0.436523 0.65844
0.437012 0.659136
0.4375 0.659832
0.437988 0.660528
0.438477 0.661224
0.438965 0.661919
0.439453 0.662615
0.439941 0.66331
0.44043 0.664005
0.440918 0.6647
0.441406 0.665395
0.441895 0.666089
0.442383 0.666784
0.442871 0.667478
0.443359 0.668172
0.443848 0.668866
0.444336 0.669559
0.444824 0.670253
0.445312 0.670946
0.445801 0.671639
0.446289 0.672332
0.446777 0.673025
0.447266 0.673717
0.447754 0.674409
0.448242 0.675102
0.44873 0.675794
0.449219 0.676485
0.449707 0.677177
0.450195 0.677868
0.450684 0.67856
0.451172 0.679251
0.45166 0.679942
0.452148 0.680632
0.452637 0.681323
0.453125 0.682013
0.453613 0.682703
0.454102 0.683393
0.45459 0.684083
0.455078 0.684772
0.455566 0.685462
0.456055 0.686151
0.456543 0.68684
0.457031 0.687528
0.45752 0.688217
0.458008 0.688905
0.458496 0.689594
0.458984 0.690282
0.459473 0.690969
0.459961 0.691657
0.460449 0.692344
0.460938 0.693031
0.461426 0.693718
0.461914 0.694405
0.462402 0.695092
0.462891 0.695778
0.463379 0.696464
0.463867 0.69715
0.464355 0.697836
0.464844 0.698522
0.465332 0.699207
0.46582 0.699892
0.466309 0.700577
0.466797 0.701262
0.467285 0.701946
0.467773 0.702631
0.468262 0.703315
0.46875 0.703999
0.469238 0.704682
0.469727 0.705366
0.470215 0.706049
0.470703 0.706732
0.471191 0.707415
0.47168 0.708098
0.472168 0.70878
0.472656 0.709463
0.473145 0.710145
0.473633 0.710826
0.474121 0.711508
0.474609 0.712189
0.475098 0.71287
0.475586 0.713551
0.476074 0.714232
0.476562 0.714913
0.477051 0.715593
0.477539 0.716273
0.478027 0.716953
0.478516 0.717632
0.479004 0.718312
0.479492 0.718991
0.47998 0.71967
0.480469 0.720349
0.480957 0.721027
0.481445 0.721705
0.481934 0.722383
0.482422 0.723061
0.48291 0.723739
0.483398 0.724416
0.483887 0.725093
0.484375 0.72577
0.484863 0.726447
0.485352 0.727123
0.48584 0.7278
0.486328 0.728476
0.486816 0.729151
0.487305 0.729827
0.487793 0.730502
0.488281 0.731177
0.48877 0.731852
0.489258 0.732527
0.489746 0.733201
0.490234 0.733875
0.490723 0.734549
0.491211 0.735222
0.491699 0.735896
0.492188 0.736569
0.492676 0.737242
0.493164 0.737914
0.493652 0.738587
0.494141 0.739258
0.494629 0.739927
0.495117 0.740591
0.495605 0.741237
0.496094 0.741828
0.496582 0.742244
0.49707 0.742103
0.497559 0.740191
0.498047 0.732669
0.498535 0.707577
0.499023 0.629521
0.499512 0.414433
0.5 2.41199e-14
0.500488 -0.414433
0.500977 -0.629521
0.501465 -0.707577
0.501953 -0.732669
0.502441 -0.740191
0.50293 -0.742103
0.503418 -0.742244
0.503906 -0.741828
0.504395 -0.741237
0.504883 -0.740591
0.505371 -0.739927
0.505859 -0.739258
0.506348 -0.738587
0.506836 -0.737914
0.507324 -0.737242
0.507812 -0.736569
0.508301 -0.735896
0.508789 -0.735222
0.509277 -0.734549
0.509766 -0.733875
0.510254 -0.733201
0.510742 -0.732527
0.51123 -0.731852
0.511719 -0.731177
0.512207 -0.730502
0.512695 -0.729827
0.513184 -0.729151
0.513672 -0.728476
0.51416 -0.7278
0.514648 -0.727123
0.515137 -0.726447
0.515625 -0.72577
0.516113 -0.725093
0.516602 -0.724416
0.51709 -0.723739
0.517578 -0.723061
0.518066 -0.722383
0.518555 -0.721705
0.519043 -0.721027
0.519531 -0.720349
0.52002 -0.71967
0.520508 -0.718991
0.520996 -0.718312
0.521484 -0.717632
0.521973 -0.716953
0.522461 -0.716273
0.522949 -0.715593
0.523438 -0.714913
0.523926 -0.714232
0.524414 -0.713551
0.524902 -0.71287
0.525391 -0.712189
0.525879 -0.711508
0.526367 -0.710826
0.526855 -0.710145
0.527344 -0.709463
0.527832 -0.70878
0.52832 -0.708098
0.528809 -0.707415
0.529297 -0.706732
0.529785 -0.706049
0.530273 -0.705366
0.530762 -0.704682
0.53125 -0.703999
0.531738 -0.703315
0.532227 -0.702631
0.532715 -0.701946
0.533203 -0.701262
0.533691 -0.700577
0.53418 -0.699892
0.534668 -0.699207
0.535156 -0.698522
0.535645 -0.697836
0.536133 -0.69715
0.536621 -0.696464
0.537109 -0.695778
0.537598 -0.695092
0.538086 -0.694405
0.538574 -0.693718
0.539062 -0.693031
0.539551 -0.692344
0.540039 -0.691657
0.540527 -0.690969
0.541016 -0.690282
0.541504 -0.689594
0.541992 -0.688905
0.54248 -0.688217
0.542969 -0.687528
0.543457 -0.68684
0.543945 -0.686151
0.544434 -0.685462
0.544922 -0.684772
0.54541 -0.684083
0.545898 -0.683393
0.546387 -0.682703
0.546875 -0.682013
0.547363 -0.681323
0.547852 -0.680632
0.54834 -0.679942
0.548828 -0.679251
0.549316 -0.67856
0.549805 -0.677868
0.550293 -0.677177
0.550781 -0.676485
0.55127 -0.675794
0.551758 -0.675102
0.552246 -0.674409
0.552734 -0.673717
0.553223 -0.673025
0.553711 -0.672332
0.554199 -0.671639
0.554688 -0.670946
0.555176 -0.670253
0.555664 -0.669559
0.556152 -0.668866
0.556641 -0.668172
0.557129 -0.667478
0.557617 -0.666784
0.558105 -0.666089
0.558594 -0.665395
0.559082 -0.6647
0.55957 -0.664005
0.560059 -0.66331
0.560547 -0.662615
0.561035 -0.661919
0.561523 -0.661224
0.562012 -0.660528
0.5625 -0.659832
0.562988 -0.659136
0.563477 -0.65844
0.563965 -0.657743
0.564453 -0.657047
0.564941 -0.65635
0.56543 -0.655653
0.565918 -0.654956
0.566406 -0.654259
0.566895 -0.653561
0.567383 -0.652863
0.567871 -0.652166
0.568359 -0.651468
0.568848 -0.650769
0.569336 -0.650071
0.569824 -0.649373
0.570312 -0.648674
0.570801 -0.647975
0.571289 -0.647276
0.571777 -0.646577
0.572266 -0.645878
0.572754 -0.645178
0.573242 -0.644479
0.57373 -0.643779
0.574219 -0.643079
0.574707 -0.642379
0.575195 -0.641678
0.575684 -0.640978
0.576172 -0.640277
0.57666 -0.639576
0.577148 -0.638875
0.577637 -0.638174
0.578125 -0.637473
0.578613 -0.636772
0.579102 -0.63607
0.57959 -0.635368
0.580078 -0.634666
0.580566 -0.633964
0.581055 -0.633262
0.581543 -0.63256
0.582031 -0.631857
0.58252 -0.631155
0.583008 -0.630452
0.583496 -0.629749
0.583984 -0.629046
0.584473 -0.628342
0.584961 -0.627639
0.585449 -0.626935
0.585938 -0.626231
0.586426 -0.625528
0.586914 -0.624824
0.587402 -0.624119
0.587891 -0.623415
0.588379 -0.62271
0.588867 -0.622006
0.589355 -0.621301
0.589844 -0.620596
0.590332 -0.619891
0.59082 -0.619186
0.591309 -0.61848
0.591797 -0.617775
0.592285 -0.617069
0.592773 -0.616363
0.593262 -0.615657
0.59375 -0.614951
0.594238 -0.614245
0.594727 -0.613538
0.595215 -0.612831
0.595703 -0.612125
0.596191 -0.611418
0.59668 -0.610711
0.597168 -0.610004
0.597656 -0.609296
0.598145 -0.608589
0.598633 -0.607881
0.599121 -0.607174
0.599609 -0.606466
0.600098 -0.605758
0.600586 -0.605049
0.601074 -0.604341
0.601562 -0.603633
0.602051 -0.602924
0.602539 -0.602215
0.603027 -0.601507
0.603516 -0.600798
0.604004 -0.600088
0.604492 -0.599379
0.60498 -0.59867
0.605469 -0.59796
0.605957 -0.59725
0.606445 -0.596541
0.606934 -0.595831
0.607422 -0.595121
0.60791 -0.59441
0.608398 -0.5937
0.608887 -0.592989
0.609375 -0.592279
0.609863 -0.591568
0.610352 -0.590857
0.61084 -0.590146
0.611328 -0.589435
0.611816 -0.588724
0.612305 -0.588012
0.612793 -0.5873
0.613281 -0.586589
0.61377 -0.585877
0.614258 -0.585165
0.614746 -0.584453
0.615234 -0.583741
0.615723 -0.583028
0.616211 -0.582316
0.616699 -0.581603
0.617188 -0.58089
0.617676 -0.580177
0.618164 -0.579464
0.618652 -0.578751
0.619141 -0.578038
0.619629 -0.577325
0.620117 -0.576611
0.620605 -0.575897
0.621094 -0.575184
0.621582 -0.57447
0.62207 -0.573756
0.622559 -0.573042
0.623047 -0.572327
0.623535 -0.571613
0.624023 -0.570898
0.624512 -0.570184
0.625 -0.569469
0.625488 -0.568754
0.625977 -0.568039
0.626465 -0.567324
0.626953 -0.566609
0.627441 -0.565893
0.62793 -0.565178
0.628418 -0.564462
0.628906 -0.563746
0.629395 -0.56303
0.629883 -0.562314
0.630371 -0.561598
0.630859 -0.560882
0.631348 -0.560166
0.631836 -0.559449
0.632324 -0.558733
0.632812 -0.558016
0.633301 -0.557299
0.633789 -0.556582
0.634277 -0.555865
0.634766 -0.555148
0.635254 -0.554431
0.635742 -0.553713
0.63623 -0.552996
0.636719 -0.552278
0.637207 -0.55156
0.637695 -0.550842
0.638184 -0.550124
0.638672 -0.549406
0.63916 -0.548688
0.639648 -0.547969
0.640137 -0.547251
0.640625 -0.546532
0.641113 -0.545814
0.641602 -0.545095
0.64209 -0.544376
0.642578 -0.543657
0.643066 -0.542938
0.643555 -0.542219
0.644043 -0.541499
0.644531 -0.54078
0.64502 -0.54006
0.645508 -0.53934
0.645996 -0.538621
0.646484 -0.537901
0.646973 -0.537181
0.647461 -0.53646
0.647949 -0.53574
0.648438 -0.53502
0.648926 -0.534299
0.649414 -0.533579
0.649902 -0.532858
0.650391 -0.532137
0.650879 -0.531416
0.651367 -0.530695
0.651855 -0.529974
0.652344 -0.529253
0.652832 -0.528532
0.65332 -0.52781
0.653809 -0.527088
0.654297 -0.526367
0.654785 -0.525645
0.655273 -0.524923
0.655762 -0.524201
0.65625 -0.523479
0.656738 -0.522757
0.657227 -0.522035
0.657715 -0.521312
0.658203 -0.52059
0.658691 -0.519867
0.65918 -0.519144
0.659668 -0.518421
0.660156 -0.517699
0.660645 -0.516976
0.661133 -0.516252
0.661621 -0.515529
0.662109 -0.514806
0.662598 -0.514082
0.663086 -0.513359
0.663574 -0.512635
0.664062 -0.511911
0.664551 -0.511188
0.665039 -0.510464
0.665527 -0.50974
0.666016 -0.509015
0.666504 -0.508291
0.666992 -0.507567
0.66748 -0.506842
0.667969 -0.506118
0.668457 -0.505393
0.668945 -0.504668
0.669434 -0.503944
0.669922 -0.503219
0.67041 -0.502494
0.670898 -0.501769
0.671387 -0.501043
0.671875 -0.500318
0.672363 -0.499593
0.672852 -0.498867
0.67334 -0.498141
0.673828 -0.497416
0.674316 -0.49669
0.674805 -0.495964
0.675293 -0.495238
0.675781 -0.494512
0.67627 -0.493786
0.676758 -0.493059
0.677246 -0.492333
0.677734 -0.491607
0.678223 -0.49088
0.678711 -0.490153
0.679199 -0.489427
0.679688 -0.4887
0.680176 -0.487973
0.680664 -0.487246
0.681152 -0.486519
0.681641 -0.485791
0.682129 -0.485064
0.682617 -0.484337
0.683105 -0.483609
0.683594 -0.482881
0.684082 -0.482154
0.68457 -0.481426
0.685059 -0.480698
0.685547 -0.47997
0.686035 -0.479242
0.686523 -0.478514
0.687012 -0.477786
0.6875 -0.477057
0.687988 -0.476329
0.688477 -0.475601
0.688965 -0.474872
0.689453 -0.474143
0.689941 -0.473415
0.69043 -0.472686
0.690918 -0.471957
0.691406 -0.471228
0.691895 -0.470499
0.692383 -0.469769
0.692871 -0.46904
0.693359 -0.468311
0.693848 -0.467581
0.694336 -0.466852
0.694824 -0.466122
0.695312 -0.465392
0.695801 -0.464663
0.696289 -0.463933
0.696777 -0.463203
0.697266 -0.462473
0.697754 -0.461743
0.698242 -0.461012
0.69873 -0.460282
0.699219 -0.459552
0.699707 -0.458821
0.700195 -0.458091
0.700684 -0.45736
0.701172 -0.456629
0.70166 -0.455898
0.702148 -0.455167
0.702637 -0.454436
0.703125 -0.453705
0.703613 -0.452974
0.704102 -0.452243
0.70459 -0.451512
0.705078 -0.45078
0.705566 -0.450049
0.706055 -0.449317
0.706543 -0.448586
0.707031 -0.447854
0.70752 -0.447122
0.708008 -0.44639
0.708496 -0.445658
0.708984 -0.444926
0.709473 -0.444194
0.709961 -0.443462
0.710449 -0.442729
0.710938 -0.441997
0.711426 -0.441265
0.711914 -0.440532
0.712402 -0.4398
0.712891 -0.439067
0.713379 -0.438334
0.713867 -0.437601
0.714355 -0.436868
0.714844 -0.436135
0.715332 -0.435402
0.71582 -0.434669
0.716309 -0.433936
0.716797 -0.433203
0.717285 -0.432469
0.717773 -0.431736
0.718262 -0.431002
0.71875 -0.430269
0.719238 -0.429535
0.719727 -0.428801
0.720215 -0.428067
0.720703 -0.427333
0.721191 -0.426599
0.72168 -0.425865
0.722168 -0.425131
0.722656 -0.424397
0.723145 -0.423663
0.723633 -0.422928
0.724121 -0.422194
0.724609 -0.421459
0.725098 -0.420725
0.725586 -0.41999
0.726074 -0.419255
0.726562 -0.418521
0.727051 -0.417786
0.727539 -0.417051
0.728027 -0.416316
0.728516 -0.415581
0.729004 -0.414846
0.729492 -0.41411
0.72998 -0.413375
0.730469 -0.41264
0.730957 -0.411904
0.731445 -0.411169
0.731934 -0.410433
0.732422 -0.409697
0.73291 -0.408962
0.733398 -0.408226
0.733887 -0.40749
0.734375 -0.406754
0.734863 -0.406018
0.735352 -0.405282
0.73584 -0.404546
0.736328 -0.403809
0.736816 -0.403073
0.737305 -0.402337
0.737793 -0.4016
0.738281 -0.400864
0.73877 -0.400127
0.739258 -0.399391
0.739746 -0.398654
0.740234 -0.397917
0.740723 -0.39718
0.741211 -0.396443
0.741699 -0.395706
0.742188 -0.394969
0.742676 -0.394232
0.743164 -0.393495
0.743652 -0.392758
0.744141 -0.392021
0.744629 -0.391283
0.745117 -0.390546
0.745605 -0.389808
0.746094 -0.389071
0.746582 -0.388333
0.74707 -0.387595
0.747559 -0.386857
0.748047 -0.38612
0.748535 -0.385382
0.749023 -0.384644
0.749512 -0.383906
0.75 -0.383168
0.750488 -0.382429
0.750977 -0.381691
0.751465 -0.380953
0.751953 -0.380215
0.752441 -0.379476
0.75293 -0.378738
0.753418 -0.377999
0.753906 -0.37726
0.754395 -0.376522
0.754883 -0.375783
0.755371 -0.375044
0.755859 -0.374305
0.756348 -0.373566
0.756836 -0.372827
0.757324 -0.372088
0.757812 -0.371349
0.758301 -0.37061
0.758789 -0.369871
0.759277 -0.369132
0.759766 -0.368392
0.760254 -0.367653
0.760742 -0.366913
0.76123 -0.366174
0.761719 -0.365434
0.762207 -0.364695
0.762695 -0.363955
0.763184 -0.363215
0.763672 -0.362475
0.76416 -0.361735
0.764648 -0.360995
0.765137 -0.360255
0.765625 -0.359515
0.766113 -0.358775
0.766602 -0.358035
0.76709 -0.357295
0.767578 -0.356554
0.768066 -0.355814
0.768555 -0.355074
0.769043 -0.354333
0.769531 -0.353593
0.77002 -0.352852
0.770508 -0.352111
0.770996 -0.351371
0.771484 -0.35063
0.771973 -0.349889
0.772461 -0.349148
0.772949 -0.348407
0.773438 -0.347666
0.773926 -0.346925
0.774414 -0.346184
0.774902 -0.345443
0.775391 -0.344702
0.775879 -0.34396
0.776367 -0.343219
0.776855 -0.342478
0.777344 -0.341736
0.777832 -0.340995
0.77832 -0.340253
0.778809 -0.339511
0.779297 -0.33877
0.779785 -0.338028
0.780273 -0.337286
0.780762 -0.336544
0.78125 -0.335803
0.781738 -0.335061
0.782227 -0.334319
0.782715 -0.333577
0.783203 -0.332834
0.783691 -0.332092
0.78418 -0.33135
0.784668 -0.330608
0.785156 -0.329866
0.785645 -0.329123
0.786133 -0.328381
0.786621 -0.327638
0.787109 -0.326896
0.787598 -0.326153
0.788086 -0.325411
0.788574 -0.324668
0.789062 -0.323925
0.789551 -0.323182
0.790039 -0.32244
0.790527 -0.321697
0.791016 -0.320954
0.791504 -0.320211
0.791992 -0.319468
0.79248 -0.318725
0.792969 -0.317981
0.793457 -0.317238
0.793945 -0.316495
0.794434 -0.315752
0.794922 -0.315008
0.79541 -0.314265
0.795898 -0.313522
0.796387 -0.312778
0.796875 -0.312035
0.797363 -0.311291
0.797852 -0.310547
0.79834 -0.309804
0.798828 -0.30906
0.799316 -0.308316
0.799805 -0.307572
0.800293 -0.306828
0.800781 -0.306084
0.80127 -0.30534
0.801758 -0.304596
0.802246 -0.303852
0.802734 -0.303108
0.803223 -0.302364
0.803711 -0.30162
0.804199 -0.300876
0.804688 -0.300131
0.805176 -0.299387
0.805664 -0.298643
0.806152 -0.297898
0.806641 -0.297154
0.807129 -0.296409
0.807617 -0.295664
0.808105 -0.29492
0.808594 -0.294175
0.809082 -0.29343
0.80957 -0.292686
0.810059 -0.291941
0.810547 -0.291196
0.811035 -0.290451
0.811523 -0.289706
0.812012 -0.288961
0.8125 -0.288216
0.812988 -0.287471
0.813477 -0.286726
0.813965 -0.285981
0.814453 -0.285236
0.814941 -0.28449
0.81543 -0.283745
0.815918 -0.283
0.816406 -0.282254
0.816895 -0.281509
0.817383 -0.280763
0.817871 -0.280018
0.818359 -0.279272
0.818848 -0.278527
0.819336 -0.277781
0.819824 -0.277035
0.820312 -0.276289
0.820801 -0.275544
0.821289 -0.274798
0.821777 -0.274052
0.822266 -0.273306
0.822754 -0.27256
0.823242 -0.271814
0.82373 -0.271068
0.824219 -0.270322
0.824707 -0.269576
0.825195 -0.26883
0.825684 -0.268084
0.826172 -0.267337
0.82666 -0.266591
0.827148 -0.265845
0.827637 -0.265098
0.828125 -0.264352
0.828613 -0.263606
0.829102 -0.262859
0.82959 -0.262113
0.830078 -0.261366
0.830566 -0.260619
0.831055 -0.259873
0.831543 -0.259126
0.832031 -0.258379
0.83252 -0.257633
0.833008 -0.256886
0.833496 -0.256139
0.833984 -0.255392
0.834473 -0.254645
0.834961 -0.253898
0.835449 -0.253151
0.835938 -0.252404
0.836426 -0.251657
0.836914 -0.25091
0.837402 -0.250163
0.837891 -0.249416
0.838379 -0.248668
0.838867 -0.247921
0.839355 -0.247174
0.839844 -0.246427
0.840332 -0.245679
0.84082 -0.244932
0.841309 -0.244184
0.841797 -0.243437
0.842285 -0.242689
0.842773 -0.241942
0.843262 -0.241194
0.84375 -0.240447
0.844238 -0.239699
0.844727 -0.238951
0.845215 -0.238203
0.845703 -0.237456
0.846191 -0.236708
0.84668 -0.23596
0.847168 -0.235212
0.847656 -0.234464
0.848145 -0.233716
0.848633 -0.232968
0.849121 -0.23222
0.849609 -0.231472
0.850098 -0.230724
0.850586 -0.229976
0.851074 -0.229228
0.851562 -0.22848
0.852051 -0.227732
0.852539 -0.226983
0.853027 -0.226235
0.853516 -0.225487
0.854004 -0.224738
0.854492 -0.22399
0.85498 -0.223241
0.855469 -0.222493
0.855957 -0.221745
0.856445 -0.220996
0.856934 -0.220247
0.857422 -0.219499
0.85791 -0.21875
0.858398 -0.218002
0.858887 -0.217253
0.859375 -0.216504
0.859863 -0.215755
0.860352 -0.215007
0.86084 -0.214258
0.861328 -0.213509
0.861816 -0.21276
0.862305 -0.212011
0.862793 -0.211262
0.863281 -0.210513
0.86377 -0.209764
0.864258 -0.209015
0.864746 -0.208266
0.865234 -0.207517
0.865723 -0.206768
0.866211 -0.206019
0.866699 -0.20527
0.867188 -0.20452
0.867676 -0.203771
0.868164 -0.203022
0.868652 -0.202273
0.869141 -0.201523
0.869629 -0.200774
0.870117 -0.200025
0.870605 -0.199275
0.871094 -0.198526
0.871582 -0.197776
0.87207 -0.197027
0.872559 -0.196277
0.873047 -0.195528
0.873535 -0.194778
0.874023 -0.194028
0.874512 -0.193279
0.875 -0.192529
0.875488 -0.191779
0.875977 -0.19103
0.876465 -0.19028
0.876953 -0.18953
0.877441 -0.18878
0.87793 -0.18803
0.878418 -0.18728
0.878906 -0.186531
0.879395 -0.185781
0.879883 -0.185031
0.880371 -0.184281
0.880859 -0.183531
0.881348 -0.182781
0.881836 -0.182031
0.882324 -0.181281
0.882812 -0.18053
0.883301 -0.17978
0.883789 -0.17903
0.884277 -0.17828
0.884766 -0.17753
0.885254 -0.17678
0.885742 -0.176029
0.88623 -0.175279
0.886719 -0.174529
0.887207 -0.173778
0.887695 -0.173028
0.888184 -0.172278
0.888672 -0.171527
0.88916 -0.170777
0.889648 -0.170026
0.890137 -0.169276
0.890625 -0.168525
0.891113 -0.167775
0.891602 -0.167024
0.89209 -0.166274
0.892578 -0.165523
0.893066 -0.164772
0.893555 -0.164022
0.894043 -0.163271
0.894531 -0.16252
0.89502 -0.16177
0.895508 -0.161019
0.895996 -0.160268
0.896484 -0.159517
0.896973 -0.158767
0.897461 -0.158016
0.897949 -0.157265
0.898438 -0.156514
0.898926 -0.155763
0.899414 -0.155012
0.899902 -0.154262
0.900391 -0.153511
0.900879 -0.15276
0.901367 -0.152009
0.901855 -0.151258
0.902344 -0.150507
0.902832 -0.149756
0.90332 -0.149005
0.903809 -0.148253
0.904297 -0.147502
0.904785 -0.146751
0.905273 -0.146
0.905762 -0.145249
0.90625 -0.144498
0.906738 -0.143747
0.907227 -0.142996
0.907715 -0.142244
0.908203 -0.141493
0.908691 -0.140742
0.90918 -0.139991
0.909668 -0.139239
0.910156 -0.138488
0.910645 -0.137737
0.911133 -0.136985
0.911621 -0.136234
0.912109 -0.135483
0.912598 -0.134731
0.913086 -0.13398
0.913574 -0.133229
0.914062 -0.132477
0.914551 -0.131726
0.915039 -0.130974
0.915527 -0.130223
0.916016 -0.129472
0.916504 -0.12872
0.916992 -0.127969
0.91748 -0.127217
0.917969 -0.126466
0.918457 -0.125714
0.918945 -0.124963
0.919434 -0.124211
0.919922 -0.12346
0.92041 -0.122708
0.920898 -0.121957
0.921387 -0.121205
0.921875 -0.120453
0.922363 -0.119702
0.922852 -0.11895
0.92334 -0.118199
0.923828 -0.117447
0.924316 -0.116696
0.924805 -0.115944
0.925293 -0.115192
0.925781 -0.114441
0.92627 -0.113689
0.926758 -0.112938
0.927246 -0.112186
0.927734 -0.111434
0.928223 -0.110683
0.928711 -0.109931
0.929199 -0.10918
0.929688 -0.108428
0.930176 -0.107676
0.930664 -0.106925
0.931152 -0.106173
0.931641 -0.105421
0.932129 -0.10467
0.932617 -0.103918
0.933105 -0.103167
0.933594 -0.102415
0.934082 -0.101663
0.93457 -0.100912
0.935059 -0.10016
0.935547 -0.0994086
0.936035 -0.098657
0.936523 -0.0979054
0.937012 -0.0971538
0.9375 -0.0964023
0.937988 -0.0956507
0.938477 -0.0948991
0.938965 -0.0941476
0.939453 -0.0933961
0.939941 -0.0926445
0.94043 -0.091893
0.940918 -0.0911415
0.941406 -0.09039
0.941895 -0.0896385
0.942383 -0.088887
0.942871 -0.0881356
0.943359 -0.0873841
0.943848 -0.0866327
0.944336 -0.0858813
0.944824 -0.0851298
0.945312 -0.0843784
0.945801 -0.0836271
0.946289 -0.0828757
0.946777 -0.0821244
0.947266 -0.081373
0.947754 -0.0806217
0.948242 -0.0798704
0.94873 -0.0791191
0.949219 -0.0783679
0.949707 -0.0776166
0.950195 -0.0768654
0.950684 -0.0761142
0.951172 -0.075363
0.95166 -0.0746118
0.952148 -0.0738607
0.952637 -0.0731096
0.953125 -0.0723585
0.953613 -0.0716074
0.954102 -0.0708564
0.95459 -0.0701053
0.955078 -0.0693543
0.955566 -0.0686033
0.956055 -0.0678524
0.956543 -0.0671014
0.957031 -0.0663505
0.95752 -0.0655996
0.958008 -0.0648488
0.958496 -0.064098
0.958984 -0.0633472
0.959473 -0.0625964
0.959961 -0.0618456
0.960449 -0.0610949
0.960938 -0.0603442
0.961426 -0.0595935
0.961914 -0.0588429
0.962402 -0.0580923
0.962891 -0.0573417
0.963379 -0.0565911
0.963867 -0.0558406
0.964355 -0.0550901
0.964844 -0.0543397
0.965332 -0.0535892
0.96582 -0.0528388
0.966309 -0.0520884
0.966797 -0.0513381
0.967285 -0.0505878
0.967773 -0.0498375
0.968262 -0.0490872
0.96875 -0.048337
0.969238 -0.0475868
0.969727 -0.0468366
0.970215 -0.0460865
0.970703 -0.0453364
0.971191 -0.0445863
0.97168 -0.0438362
0.972168 -0.0430862
0.972656 -0.0423362
0.973145 -0.0415863
0.973633 -0.0408364
0.974121 -0.0400865
0.974609 -0.0393366
0.975098 -0.0385867
0.975586 -0.0378369
0.976074 -0.0370872
0.976562 -0.0363374
0.977051 -0.0355877
0.977539 -0.034838
0.978027 -0.0340883
0.978516 -0.0333387
0.979004 -0.032589
0.979492 -0.0318395
0.97998 -0.0310899
0.980469 -0.0303404
0.980957 -0.0295909
0.981445 -0.0288414
0.981934 -0.0280919
0.982422 -0.0273425
0.98291 -0.0265931
0.983398 -0.0258437
0.983887 -0.0250943
0.984375 -0.024345
0.984863 -0.0235957
0.985352 -0.0228464
0.98584 -0.0220971
0.986328 -0.0213478
0.986816 -0.0205986
0.987305 -0.0198494
0.987793 -0.0191002
0.988281 -0.018351
0.98877 -0.0176018
0.989258 -0.0168527
0.989746 -0.0161036
0.990234 -0.0153545
0.990723 -0.0146054
0.991211 -0.0138563
0.991699 -0.0131072
0.992188 -0.0123582
0.992676 -0.0116091
0.993164 -0.0108601
0.993652 -0.0101111
0.994141 -0.00936206
0.994629 -0.00861306
0.995117 -0.00786407
0.995605 -0.00711509
0.996094 -0.00636611
0.996582 -0.00561714
0.99707 -0.00486818
0.997559 -0.00411922
0.998047 -0.00337026
0.998535 -0.00262131
0.999023 -0.00187236
0.999512 -0.00112342
1 -0.000374472
