0 0.000440739
0.000488281 0.00132222
0.000976562 0.0022037
0.00146484 0.00308518
0.00195312 0.00396668
0.00244141 0.00484817
0.00292969 0.00572968
0.00341797 0.0066112
0.00390625 0.00749273
0.00439453 0.00837427
0.00488281 0.00925583
0.00537109 0.0101374
0.00585938 0.011019
0.00634766 0.0119006
0.00683594 0.0127823
0.00732422 0.0136639
0.0078125 0.0145456
0.00830078 0.0154273
0.00878906 0.0163091
0.00927734 0.0171908
0.00976562 0.0180726
0.0102539 0.0189544
0.0107422 0.0198363
0.0112305 0.0207182
0.0117188 0.0216001
0.012207 0.0224821
0.0126953 0.0233641
0.0131836 0.0242462
0.0136719 0.0251282
0.0141602 0.0260104
0.0146484 0.0268925
0.0151367 0.0277747
0.015625 0.028657
0.0161133 0.0295393
0.0166016 0.0304216
0.0170898 0.031304
0.0175781 0.0321865
0.0180664 0.0330689
0.0185547 0.0339515
0.019043 0.0348341
0.0195312 0.0357167
0.0200195 0.0365994
0.0205078 0.0374821
0.0209961 0.0383649
0.0214844 0.0392477
0.0219727 0.0401306
0.0224609 0.0410136
0.0229492 0.0418966
0.0234375 0.0427796
0.0239258 0.0436627
0.0244141 0.0445459
0.0249023 0.0454291
0.0253906 0.0463123
0.0258789 0.0471956
0.0263672 0.048079
0.0268555 0.0489624
0.0273438 0.0498459
0.027832 0.0507294
0.0283203 0.051613
0.0288086 0.0524966
0.0292969 0.0533803
0.0297852 0.054264
0.0302734 0.0551478
0.0307617 0.0560317
0.03125 0.0569156
0.0317383 0.0577995
0.0322266 0.0586835
0.0327148 0.0595675
0.0332031 0.0604516
0.0336914 0.0613358
0.0341797 0.0622199
0.034668 0.0631042
0.0351562 0.0639885
0.0356445 0.0648728
0.0361328 0.0657571
0.0366211 0.0666416
0.0371094 0.067526
0.0375977 0.0684105
0.0380859 0.0692951
0.0385742 0.0701796
0.0390625 0.0710643
0.0395508 0.0719489
0.0400391 0.0728336
0.0405273 0.0737184
0.0410156 0.0746032
0.0415039 0.075488
0.0419922 0.0763728
0.0424805 0.0772577
0.0429688 0.0781426
0.043457 0.0790276
0.0439453 0.0799125
0.0444336 0.0807976
0.0449219 0.0816826
0.0454102 0.0825677
0.0458984 0.0834527
0.0463867 0.0843379
0.046875 0.085223
0.0473633 0.0861082
0.0478516 0.0869934
0.0483398 0.0878786
0.0488281 0.0887638
0.0493164 0.0896491
0.0498047 0.0905344
0.050293 0.0914196
0.0507812 0.092305
0.0512695 0.0931903
0.0517578 0.0940756
0.0522461 0.094961
0.0527344 0.0958463
0.0532227 0.0967317
0.0537109 0.0976171
0.0541992 0.0985025
0.0546875 0.0993879
0.0551758 0.100273
0.0556641 0.101159
0.0561523 0.102044
0.0566406 0.10293
0.0571289 0.103815
0.0576172 0.1047
0.0581055 0.105586
0.0585938 0.106471
0.059082 0.107357
0.0595703 0.108242
0.0600586 0.109128
0.0605469 0.110013
0.0610352 0.110899
0.0615234 0.111784
0.0620117 0.112669
0.0625 0.113555
0.0629883 0.11444
0.0634766 0.115326
0.0639648 0.116211
0.0644531 0.117096
0.0649414 0.117982
0.0654297 0.118867
0.065918 0.119753
0.0664062 0.120638
0.0668945 0.121523
0.0673828 0.122409
0.0678711 0.123294
0.0683594 0.124179
0.0688477 0.125064
0.0693359 0.12595
0.0698242 0.126835
0.0703125 0.12772
0.0708008 0.128605
0.0712891 0.129491
0.0717773 0.130376
0.0722656 0.131261
0.0727539 0.132146
0.0732422 0.133031
0.0737305 0.133916
0.0742188 0.134801
0.074707 0.135686
0.0751953 0.136571
0.0756836 0.137456
0.0761719 0.138341
0.0766602 0.139226
0.0771484 0.140111
0.0776367 0.140996
0.078125 0.141881
0.0786133 0.142766
0.0791016 0.143651
0.0795898 0.144535
0.0800781 0.14542
0.0805664 0.146305
0.0810547 0.147189
0.081543 0.148074
0.0820312 0.148959
0.0825195 0.149843
0.0830078 0.150728
0.0834961 0.151612
0.0839844 0.152497
0.0844727 0.153381
0.0849609 0.154266
0.0854492 0.15515
0.0859375 0.156035
0.0864258 0.156919
0.0869141 0.157803
0.0874023 0.158688
0.0878906 0.159572
0.0883789 0.160456
0.0888672 0.16134
0.0893555 0.162224
0.0898438 0.163108
0.090332 0.163993
0.0908203 0.164877
0.0913086 0.165761
0.0917969 0.166645
0.0922852 0.167528
0.0927734 0.168412
0.0932617 0.169296
0.09375 0.17018
0.0942383 0.171064
0.0947266 0.171947
0.0952148 0.172831
0.0957031 0.173715
0.0961914 0.174598
0.0966797 0.175482
0.097168 0.176365
0.0976562 0.177249
0.0981445 0.178132
0.0986328 0.179016
0.0991211 0.179899
0.0996094 0.180782
0.100098 0.181666
0.100586 0.182549
0.101074 0.183432
0.101562 0.184315
0.102051 0.185198
0.102539 0.186081
0.103027 0.186964
0.103516 0.187847
0.104004 0.18873
0.104492 0.189613
0.10498 0.190496
0.105469 0.191379
0.105957 0.192262
0.106445 0.193144
0.106934 0.194027
0.107422 0.194909
0.10791 0.195792
0.108398 0.196675
0.108887 0.197557
0.109375 0.198439
0.109863 0.199322
0.110352 0.200204
0.11084 0.201086
0.111328 0.201969
0.111816 0.202851
0.112305 0.203733
0.112793 0.204615
0.113281 0.205497
0.11377 0.206379
0.114258 0.207261
0.114746 0.208143
0.115234 0.209025
0.115723 0.209906
0.116211 0.210788
0.116699 0.21167
0.117188 0.212552
0.117676 0.213433
0.118164 0.214315
0.118652 0.215196
0.119141 0.216078
0.119629 0.216959
0.120117 0.21784
0.120605 0.218722
0.121094 0.219603
0.121582 0.220484
0.12207 0.221365
0.122559 0.222246
0.123047 0.223127
0.123535 0.224008
0.124023 0.224889
0.124512 0.22577
0.125 0.226651
0.125488 0.227531
0.125977 0.228412
0.126465 0.229293
0.126953 0.230173
0.127441 0.231054
0.12793 0.231934
0.128418 0.232814
0.128906 0.233695
0.129395 0.234575
0.129883 0.235455
0.130371 0.236335
0.130859 0.237216
0.131348 0.238096
0.131836 0.238976
0.132324 0.239856
0.132812 0.240735
0.133301 0.241615
0.133789 0.242495
0.134277 0.243375
0.134766 0.244254
0.135254 0.245134
0.135742 0.246013
0.13623 0.246893
0.136719 0.247772
0.137207 0.248652
0.137695 0.249531
0.138184 0.25041
0.138672 0.251289
0.13916 0.252168
0.139648 0.253047
0.140137 0.253926
0.140625 0.254805
0.141113 0.255684
0.141602 0.256563
0.14209 0.257442
0.142578 0.25832
0.143066 0.259199
0.143555 0.260077
0.144043 0.260956
0.144531 0.261834
0.14502 0.262713
0.145508 0.263591
0.145996 0.264469
0.146484 0.265347
0.146973 0.266225
0.147461 0.267103
0.147949 0.267981
0.148438 0.268859
0.148926 0.269737
0.149414 0.270615
0.149902 0.271492
0.150391 0.27237
0.150879 0.273247
0.151367 0.274125
0.151855 0.275002
0.152344 0.27588
0.152832 0.276757
0.15332 0.277634
0.153809 0.278511
0.154297 0.279388
0.154785 0.280265
0.155273 0.281142
0.155762 0.282019
0.15625 0.282896
0.156738 0.283772
0.157227 0.284649
0.157715 0.285526
0.158203 0.286402
0.158691 0.287278
0.15918 0.288155
0.159668 0.289031
0.160156 0.289907
0.160645 0.290783
0.161133 0.291659
0.161621 0.292535
0.162109 0.293411
0.162598 0.294287
0.163086 0.295163
0.163574 0.296038
0.164062 0.296914
0.164551 0.29779
0.165039 0.298665
0.165527 0.29954
0.166016 0.300416
0.166504 0.301291
0.166992 0.302166
0.16748 0.303041
0.167969 0.303916
0.168457 0.304791
0.168945 0.305666
0.169434 0.306541
0.169922 0.307415
0.17041 0.30829
0.170898 0.309164
0.171387 0.310039
0.171875 0.310913
0.172363 0.311788
0.172852 0.312662
0.17334 0.313536
0.173828 0.31441
0.174316 0.315284
0.174805 0.316158
0.175293 0.317032
0.175781 0.317905
0.17627 0.318779
0.176758 0.319653
0.177246 0.320526
0.177734 0.321399
0.178223 0.322273
0.178711 0.323146
0.179199 0.324019
0.179688 0.324892
0.180176 0.325765
0.180664 0.326638
0.181152 0.327511
0.181641 0.328384
0.182129 0.329256
0.182617 0.330129
0.183105 0.331001
0.183594 0.331874
0.184082 0.332746
0.18457 0.333618
0.185059 0.33449
0.185547 0.335362
0.186035 0.336234
0.186523 0.337106
0.187012 0.337978
0.1875 0.338849
0.187988 0.339721
0.188477 0.340593
0.188965 0.341464
0.189453 0.342335
0.189941 0.343207
0.19043 0.344078
0.190918 0.344949
0.191406 0.34582
0.191895 0.346691
0.192383 0.347561
0.192871 0.348432
0.193359 0.349303
0.193848 0.350173
0.194336 0.351044
0.194824 0.351914
0.195312 0.352784
0.195801 0.353654
0.196289 0.354524
0.196777 0.355394
0.197266 0.356264
0.197754 0.357134
0.198242 0.358004
0.19873 0.358873
0.199219 0.359743
0.199707 0.360612
0.200195 0.361481
0.200684 0.36235
0.201172 0.36322
0.20166 0.364089
0.202148 0.364957
0.202637 0.365826
0.203125 0.366695
0.203613 0.367564
0.204102 0.368432
0.20459 0.3693
0.205078 0.370169
0.205566 0.371037
0.206055 0.371905
0.206543 0.372773
0.207031 0.373641
0.20752 0.374509
0.208008 0.375377
0.208496 0.376244
0.208984 0.377112
0.209473 0.377979
0.209961 0.378846
0.210449 0.379714
0.210938 0.380581
0.211426 0.381448
0.211914 0.382314
0.212402 0.383181
0.212891 0.384048
0.213379 0.384915
0.213867 0.385781
0.214355 0.386647
0.214844 0.387514
0.215332 0.38838
0.21582 0.389246
0.216309 0.390112
0.216797 0.390978
0.217285 0.391843
0.217773 0.392709
0.218262 0.393574
0.21875 0.39444
0.219238 0.395305
0.219727 0.39617
0.220215 0.397035
0.220703 0.3979
0.221191 0.398765
0.22168 0.39963
0.222168 0.400495
0.222656 0.401359
0.223145 0.402224
0.223633 0.403088
0.224121 0.403952
0.224609 0.404816
0.225098 0.40568
0.225586 0.406544
0.226074 0.407408
0.226562 0.408271
0.227051 0.409135
0.227539 0.409998
0.228027 0.410862
0.228516 0.411725
0.229004 0.412588
0.229492 0.413451
0.22998 0.414314
0.230469 0.415176
0.230957 0.416039
0.231445 0.416901
0.231934 0.417764
0.232422 0.418626
0.23291 0.419488
0.233398 0.42035
0.233887 0.421212
0.234375 0.422074
0.234863 0.422935
0.235352 0.423797
0.23584 0.424658
0.236328 0.42552
0.236816 0.426381
0.237305 0.427242
0.237793 0.428103
0.238281 0.428964
0.23877 0.429824
0.239258 0.430685
0.239746 0.431545
0.240234 0.432406
0.240723 0.433266
0.241211 0.434126
0.241699 0.434986
0.242188 0.435846
0.242676 0.436705
0.243164 0.437565
0.243652 0.438424
0.244141 0.439284
0.244629 0.440143
0.245117 0.441002
0.245605 0.441861
0.246094 0.44272
0.246582 0.443578
0.24707 0.444437
0.247559 0.445295
0.248047 0.446154
0.248535 0.447012
0.249023 0.44787
0.249512 0.448728
0.25 0.449586
0.250488 0.450443
0.250977 0.451301
0.251465 0.452158
0.251953 0.453015
0.252441 0.453873
0.25293 0.45473
0.253418 0.455586
0.253906 0.456443
0.254395 0.4573
0.254883 0.458156
0.255371 0.459012
0.255859 0.459869
0.256348 0.460725
0.256836 0.461581
0.257324 0.462436
0.257812 0.463292
0.258301 0.464147
0.258789 0.465003
0.259277 0.465858
0.259766 0.466713
0.260254 0.467568
0.260742 0.468423
0.26123 0.469278
0.261719 0.470132
0.262207 0.470986
0.262695 0.471841
0.263184 0.472695
0.263672 0.473549
0.26416 0.474403
0.264648 0.475256
0.265137 0.47611
0.265625 0.476963
0.266113 0.477816
0.266602 0.47867
0.26709 0.479522
0.267578 0.480375
0.268066 0.481228
0.268555 0.48208
0.269043 0.482933
0.269531 0.483785
0.27002 0.484637
0.270508 0.485489
0.270996 0.486341
0.271484 0.487193
0.271973 0.488044
0.272461 0.488895
0.272949 0.489747
0.273438 0.490598
0.273926 0.491448
0.274414 0.492299
0.274902 0.49315
0.275391 0.494
0.275879 0.494851
0.276367 0.495701
0.276855 0.496551
0.277344 0.4974
0.277832 0.49825
0.27832 0.4991
0.278809 0.499949
0.279297 0.500798
0.279785 0.501647
0.280273 0.502496
0.280762 0.503345
0.28125 0.504194
0.281738 0.505042
0.282227 0.50589
0.282715 0.506738
0.283203 0.507586
0.283691 0.508434
0.28418 0.509282
0.284668 0.510129
0.285156 0.510976
0.285645 0.511824
0.286133 0.512671
0.286621 0.513517
0.287109 0.514364
0.287598 0.515211
0.288086 0.516057
0.288574 0.516903
0.289062 0.517749
0.289551 0.518595
0.290039 0.519441
0.290527 0.520286
0.291016 0.521131
0.291504 0.521977
0.291992 0.522822
0.29248 0.523666
0.292969 0.524511
0.293457 0.525356
0.293945 0.5262
0.294434 0.527044
0.294922 0.527888
0.29541 0.528732
0.295898 0.529576
0.296387 0.530419
0.296875 0.531262
0.297363 0.532106
0.297852 0.532949
0.29834 0.533791
0.298828 0.534634
0.299316 0.535476
0.299805 0.536319
0.300293 0.537161
0.300781 0.538003
0.30127 0.538844
0.301758 0.539686
0.302246 0.540527
0.302734 0.541369
0.303223 0.54221
0.303711 0.54305
0.304199 0.543891
0.304688 0.544732
0.305176 0.545572
0.305664 0.546412
0.306152 0.547252
0.306641 0.548092
0.307129 0.548931
0.307617 0.549771
0.308105 0.55061
0.308594 0.551449
0.309082 0.552288
0.30957 0.553126
0.310059 0.553965
0.310547 0.554803
0.311035 0.555641
0.311523 0.556479
0.312012 0.557317
0.3125 0.558154
0.312988 0.558992
0.313477 0.559829
0.313965 0.560666
0.314453 0.561503
0.314941 0.562339
0.31543 0.563176
0.315918 0.564012
0.316406 0.564848
0.316895 0.565684
0.317383 0.566519
0.317871 0.567355
0.318359 0.56819
0.318848 0.569025
0.319336 0.56986
0.319824 0.570694
0.320312 0.571529
0.320801 0.572363
0.321289 0.573197
0.321777 0.574031
0.322266 0.574865
0.322754 0.575698
0.323242 0.576531
0.32373 0.577364
0.324219 0.578197
0.324707 0.57903
0.325195 0.579862
0.325684 0.580694
0.326172 0.581526
0.32666 0.582358
0.327148 0.58319
0.327637 0.584021
0.328125 0.584852
0.328613 0.585683
0.329102 0.586514
0.32959 0.587345
0.330078 0.588175
0.330566 0.589005
0.331055 0.589835
0.331543 0.590665
0.332031 0.591494
0.33252 0.592324
0.333008 0.593153
0.333496 0.593982
0.333984 0.59481
0.334473 0.595639
0.334961 0.596467
0.335449 0.597295
0.335938 0.598123
0.336426 0.598951
0.336914 0.599778
0.337402 0.600605
0.337891 0.601432
0.338379 0.602259
0.338867 0.603085
0.339355 0.603911
0.339844 0.604737
0.340332 0.605563
0.34082 0.606389
0.341309 0.607214
0.341797 0.608039
0.342285 0.608864
0.342773 0.609689
0.343262 0.610513
0.34375 0.611338
0.344238 0.612162
0.344727 0.612986
0.345215 0.613809
0.345703 0.614632
0.346191 0.615455
0.34668 0.616278
0.347168 0.617101
0.347656 0.617923
0.348145 0.618746
0.348633 0.619567
0.349121 0.620389
0.349609 0.621211
0.350098 0.622032
0.350586 0.622853
0.351074 0.623674
0.351562 0.624494
0.352051 0.625314
0.352539 0.626134
0.353027 0.626954
0.353516 0.627774
0.354004 0.628593
0.354492 0.629412
0.35498 0.630231
0.355469 0.631049
0.355957 0.631868
0.356445 0.632686
0.356934 0.633504
0.357422 0.634321
0.35791 0.635139
0.358398 0.635956
0.358887 0.636773
0.359375 0.637589
0.359863 0.638406
0.360352 0.639222
0.36084 0.640037
0.361328 0.640853
0.361816 0.641668
0.362305 0.642483
0.362793 0.643298
0.363281 0.644113
0.36377 0.644927
0.364258 0.645741
0.364746 0.646555
0.365234 0.647369
0.365723 0.648182
0.366211 0.648995
0.366699 0.649808
0.367188 0.65062
0.367676 0.651432
0.368164 0.652244
0.368652 0.653056
0.369141 0.653867
0.369629 0.654679
0.370117 0.655489
0.370605 0.6563
0.371094 0.65711
0.371582 0.65792
0.37207 0.65873
0.372559 0.65954
0.373047 0.660349
0.373535 0.661158
0.374023 0.661967
0.374512 0.662775
0.375 0.663583
0.375488 0.664391
0.375977 0.665199
0.376465 0.666006
0.376953 0.666813
0.377441 0.66762
0.37793 0.668427
0.378418 0.669233
0.378906 0.670039
0.379395 0.670844
0.379883 0.67165
0.380371 0.672455
0.380859 0.67326
0.381348 0.674064
0.381836 0.674868
0.382324 0.675672
0.382812 0.676476
0.383301 0.677279
0.383789 0.678082
0.384277 0.678885
0.384766 0.679688
0.385254 0.68049
0.385742 0.681292
0.38623 0.682093
0.386719 0.682894
0.387207 0.683695
0.387695 0.684496
0.388184 0.685297
0.388672 0.686097
0.38916 0.686896
0.389648 0.687696
0.390137 0.688495
0.390625 0.689294
0.391113 0.690092
0.391602 0.690891
0.39209 0.691689
0.392578 0.692486
0.393066 0.693284
0.393555 0.694081
0.394043 0.694877
0.394531 0.695674
0.39502 0.69647
0.395508 0.697266
0.395996 0.698061
0.396484 0.698856
0.396973 0.699651
0.397461 0.700445
0.397949 0.70124
0.398438 0.702033
0.398926 0.702827
0.399414 0.70362
0.399902 0.704413
0.400391 0.705206
0.400879 0.705998
0.401367 0.70679
0.401855 0.707581
0.402344 0.708373
0.402832 0.709163
0.40332 0.709954
0.403809 0.710744
0.404297 0.711534
0.404785 0.712324
0.405273 0.713113
0.405762 0.713902
0.40625 0.71469
0.406738 0.715479
0.407227 0.716267
0.407715 0.717054
0.408203 0.717841
0.408691 0.718628
0.40918 0.719415
0.409668 0.720201
0.410156 0.720987
0.410645 0.721772
0.411133 0.722557
0.411621 0.723342
0.412109 0.724126
0.412598 0.72491
0.413086 0.725694
0.413574 0.726477
0.414062 0.72726
0.414551 0.728043
0.415039 0.728825
0.415527 0.729607
0.416016 0.730389
0.416504 0.73117
0.416992 0.731951
0.41748 0.732731
0.417969 0.733511
0.418457 0.734291
0.418945 0.73507
0.419434 0.735849
0.419922 0.736628
0.42041 0.737406
0.420898 0.738184
0.421387 0.738961
0.421875 0.739739
0.422363 0.740515
0.422852 0.741292
0.42334 0.742068
0.423828 0.742843
0.424316 0.743618
0.424805 0.744393
0.425293 0.745167
0.425781 0.745942
0.42627 0.746715
0.426758 0.747488
0.427246 0.748261
0.427734 0.749034
0.428223 0.749806
0.428711 0.750577
0.429199 0.751349
0.429688 0.75212
0.430176 0.75289
0.430664 0.75366
0.431152 0.75443
0.431641 0.755199
0.432129 0.755968
0.432617 0.756736
0.433105 0.757504
0.433594 0.758272
0.434082 0.759039
0.43457 0.759806
0.435059 0.760572
0.435547 0.761338
0.436035 0.762104
0.436523 0.762869
0.437012 0.763634
0.4375 0.764398
0.437988 0.765162
0.438477 0.765925
0.438965 0.766688
0.439453 0.767451
0.439941 0.768213
0.44043 0.768975
0.440918 0.769736
0.441406 0.770497
0.441895 0.771257
0.442383 0.772017
0.442871 0.772777
0.443359 0.773536
0.443848 0.774295
0.444336 0.775053
0.444824 0.775811
0.445312 0.776568
0.445801 0.777325
0.446289 0.778081
0.446777 0.778837
0.447266 0.779593
0.447754 0.780348
0.448242 0.781102
0.44873 0.781856
0.449219 0.78261
0.449707 0.783363
0.450195 0.784116
0.450684 0.784868
0.451172 0.78562
0.45166 0.786371
0.452148 0.787122
0.452637 0.787873
0.453125 0.788623
0.453613 0.789372
0.454102 0.790121
0.45459 0.790869
0.455078 0.791617
0.455566 0.792365
0.456055 0.793112
0.456543 0.793858
0.457031 0.794604
0.45752 0.79535
0.458008 0.796095
0.458496 0.796839
0.458984 0.797584
0.459473 0.798327
0.459961 0.79907
0.460449 0.799813
0.460938 0.800555
0.461426 0.801296
0.461914 0.802037
0.462402 0.802778
0.462891 0.803518
0.463379 0.804257
0.463867 0.804996
0.464355 0.805734
0.464844 0.806472
0.465332 0.80721
0.46582 0.807947
0.466309 0.808683
0.466797 0.809419
0.467285 0.810154
0.467773 0.810889
0.468262 0.811623
0.46875 0.812356
0.469238 0.81309
0.469727 0.813822
0.470215 0.814554
0.470703 0.815286
0.471191 0.816016
0.47168 0.816747
0.472168 0.817477
0.472656 0.818206
0.473145 0.818935
0.473633 0.819663
0.474121 0.82039
0.474609 0.821117
0.475098 0.821844
0.475586 0.822569
0.476074 0.823295
0.476562 0.824019
0.477051 0.824743
0.477539 0.825467
0.478027 0.82619
0.478516 0.826912
0.479004 0.827634
0.479492 0.828355
0.47998 0.829076
0.480469 0.829796
0.480957 0.830515
0.481445 0.831234
0.481934 0.831952
0.482422 0.83267
0.48291 0.833387
0.483398 0.834103
0.483887 0.834819
0.484375 0.835534
0.484863 0.836248
0.485352 0.836962
0.48584 0.837675
0.486328 0.838388
0.486816 0.8391
0.487305 0.839811
0.487793 0.840522
0.488281 0.841232
0.48877 0.841942
0.489258 0.84265
0.489746 0.843358
0.490234 0.844066
0.490723 0.844773
0.491211 0.845479
0.491699 0.846184
0.492188 0.846889
0.492676 0.847593
0.493164 0.848297
0.493652 0.849
0.494141 0.849702
0.494629 0.850403
0.495117 0.851101
0.495605 0.851793
0.496094 0.852461
0.496582 0.853049
0.49707 0.853343
0.497559 0.852577
0.498047 0.847979
0.498535 0.82958
0.499023 0.762418
0.499512 0.534807
0.5 3.3011e-14
0.500488 -0.534807
0.500977 -0.762418
0.501465 -0.82958
0.501953 -0.847979
0.502441 -0.852577
0.50293 -0.853343
0.503418 -0.853049
0.503906 -0.852461
0.504395 -0.851793
0.504883 -0.851101
0.505371 -0.850403
0.505859 -0.849702
0.506348 -0.849
0.506836 -0.848297
0.507324 -0.847593
0.507812 -0.846889
0.508301 -0.846184
0.508789 -0.845479
0.509277 -0.844773
0.509766 -0.844066
0.510254 -0.843358
0.510742 -0.84265
0.51123 -0.841942
0.511719 -0.841232
0.512207 -0.840522
0.512695 -0.839811
0.513184 -0.8391
0.513672 -0.838388
0.51416 -0.837675
0.514648 -0.836962
0.515137 -0.836248
0.515625 -0.835534
0.516113 -0.834819
0.516602 -0.834103
0.51709 -0.833387
0.517578 -0.83267
0.518066 -0.831952
0.518555 -0.831234
0.519043 -0.830515
0.519531 -0.829796
0.52002 -0.829076
0.520508 -0.828355
0.520996 -0.827634
0.521484 -0.826912
0.521973 -0.82619
0.522461 -0.825467
0.522949 -0.824743
0.523438 -0.824019
0.523926 -0.823295
0.524414 -0.822569
0.524902 -0.821844
0.525391 -0.821117
0.525879 -0.82039
0.526367 -0.819663
0.526855 -0.818935
0.527344 -0.818206
0.527832 -0.817477
0.52832 -0.816747
0.528809 -0.816016
0.529297 -0.815286
0.529785 -0.814554
0.530273 -0.813822
0.530762 -0.81309
0.53125 -0.812356
0.531738 -0.811623
0.532227 -0.810889
0.532715 -0.810154
0.533203 -0.809419
0.533691 -0.808683
0.53418 -0.807947
0.534668 -0.80721
0.535156 -0.806472
0.535645 -0.805734
0.536133 -0.804996
0.536621 -0.804257
0.537109 -0.803518
0.537598 -0.802778
0.538086 -0.802037
0.538574 -0.801296
0.539062 -0.800555
0.539551 -0.799813
0.540039 -0.79907
0.540527 -0.798327
0.541016 -0.797584
0.541504 -0.796839
0.541992 -0.796095
0.54248 -0.79535
0.542969 -0.794604
0.543457 -0.793858
0.543945 -0.793112
0.544434 -0.792365
0.544922 -0.791617
0.54541 -0.790869
0.545898 -0.790121
0.546387 -0.789372
0.546875 -0.788623
0.547363 -0.787873
0.547852 -0.787122
0.54834 -0.786371
0.548828 -0.78562
0.549316 -0.784868
0.549805 -0.784116
0.550293 -0.783363
0.550781 -0.78261
0.55127 -0.781856
0.551758 -0.781102
0.552246 -0.780348
0.552734 -0.779593
0.553223 -0.778837
0.553711 -0.778081
0.554199 -0.777325
0.554688 -0.776568
0.555176 -0.775811
0.555664 -0.775053
0.556152 -0.774295
0.556641 -0.773536
0.557129 -0.772777
0.557617 -0.772017
0.558105 -0.771257
0.558594 -0.770497
0.559082 -0.769736
0.55957 -0.768975
0.560059 -0.768213
0.560547 -0.767451
0.561035 -0.766688
0.561523 -0.765925
0.562012 -0.765162
0.5625 -0.764398
0.562988 -0.763634
0.563477 -0.762869
0.563965 -0.762104
0.564453 -0.761338
0.564941 -0.760572
0.56543 -0.759806
0.565918 -0.759039
0.566406 -0.758272
0.566895 -0.757504
0.567383 -0.756736
0.567871 -0.755968
0.568359 -0.755199
0.568848 -0.75443
0.569336 -0.75366
0.569824 -0.75289
0.570312 -0.75212
0.570801 -0.751349
0.571289 -0.750577
0.571777 -0.749806
0.572266 -0.749034
0.572754 -0.748261
0.573242 -0.747488
0.57373 -0.746715
0.574219 -0.745942
0.574707 -0.745167
0.575195 -0.744393
0.575684 -0.743618
0.576172 -0.742843
0.57666 -0.742068
0.577148 -0.741292
0.577637 -0.740515
0.578125 -0.739739
0.578613 -0.738961
0.579102 -0.738184
0.57959 -0.737406
0.580078 -0.736628
0.580566 -0.735849
0.581055 -0.73507
0.581543 -0.734291
0.582031 -0.733511
0.58252 -0.732731
0.583008 -0.731951
0.583496 -0.73117
0.583984 -0.730389
0.584473 -0.729607
0.584961 -0.728825
0.585449 -0.728043
0.585938 -0.72726
0.586426 -0.726477
0.586914 -0.725694
0.587402 -0.72491
0.587891 -0.724126
0.588379 -0.723342
0.588867 -0.722557
0.589355 -0.721772
0.589844 -0.720987
0.590332 -0.720201
0.59082 -0.719415
0.591309 -0.718628
0.591797 -0.717841
0.592285 -0.717054
0.592773 -0.716267
0.593262 -0.715479
0.59375 -0.71469
0.594238 -0.713902
0.594727 -0.713113
0.595215 -0.712324
0.595703 -0.711534
0.596191 -0.710744
0.59668 -0.709954
0.597168 -0.709163
0.597656 -0.708373
0.598145 -0.707581
0.598633 -0.70679
0.599121 -0.705998
0.599609 -0.705206
0.600098 -0.704413
0.600586 -0.70362
0.601074 -0.702827
0.601562 -0.702033
0.602051 -0.70124
0.602539 -0.700445
0.603027 -0.699651
0.603516 -0.698856
0.604004 -0.698061
0.604492 -0.697266
0.60498 -0.69647
0.605469 -0.695674
0.605957 -0.694877
0.606445 -0.694081
0.606934 -0.693284
0.607422 -0.692486
0.60791 -0.691689
0.608398 -0.690891
0.608887 -0.690092
0.609375 -0.689294
0.609863 -0.688495
0.610352 -0.687696
0.61084 -0.686896
0.611328 -0.686097
0.611816 -0.685297
0.612305 -0.684496
0.612793 -0.683695
0.613281 -0.682894
0.61377 -0.682093
0.614258 -0.681292
0.614746 -0.68049
0.615234 -0.679688
0.615723 -0.678885
0.616211 -0.678082
0.616699 -0.677279
0.617188 -0.676476
0.617676 -0.675672
0.618164 -0.674868
0.618652 -0.674064
0.619141 -0.67326
0.619629 -0.672455
0.620117 -0.67165
0.620605 -0.670844
0.621094 -0.670039
0.621582 -0.669233
0.62207 -0.668427
0.622559 -0.66762
0.623047 -0.666813
0.623535 -0.666006
0.624023 -0.665199
0.624512 -0.664391
0.625 -0.663583
0.625488 -0.662775
0.625977 -0.661967
0.626465 -0.661158
0.626953 -0.660349
0.627441 -0.65954
0.62793 -0.65873
0.628418 -0.65792
0.628906 -0.65711
0.629395 -0.6563
0.629883 -0.655489
0.630371 -0.654679
0.630859 -0.653867
0.631348 -0.653056
0.631836 -0.652244
0.632324 -0.651432
0.632812 -0.65062
0.633301 -0.649808
0.633789 -0.648995
0.634277 -0.648182
0.634766 -0.647369
0.635254 -0.646555
0.635742 -0.645741
0.63623 -0.644927
0.636719 -0.644113
0.637207 -0.643298
0.637695 -0.642483
0.638184 -0.641668
0.638672 -0.640853
0.63916 -0.640037
0.639648 -0.639222
0.640137 -0.638406
0.640625 -0.637589
0.641113 -0.636773
0.641602 -0.635956
0.64209 -0.635139
0.642578 -0.634321
0.643066 -0.633504
0.643555 -0.632686
0.644043 -0.631868
0.644531 -0.631049
0.64502 -0.630231
0.645508 -0.629412
0.645996 -0.628593
0.646484 -0.627774
0.646973 -0.626954
0.647461 -0.626134
0.647949 -0.625314
0.648438 -0.624494
0.648926 -0.623674
0.649414 -0.622853
0.649902 -0.622032
0.650391 -0.621211
0.650879 -0.620389
0.651367 -0.619567
0.651855 -0.618746
0.652344 -0.617923
0.652832 -0.617101
0.65332 -0.616278
0.653809 -0.615455
0.654297 -0.614632
0.654785 -0.613809
0.655273 -0.612986
0.655762 -0.612162
0.65625 -0.611338
0.656738 -0.610513
0.657227 -0.609689
0.657715 -0.608864
0.658203 -0.608039
0.658691 -0.607214
0.65918 -0.606389
0.659668 -0.605563
0.660156 -0.604737
0.660645 -0.603911
0.661133 -0.603085
0.661621 -0.602259
0.662109 -0.601432
0.662598 -0.600605
0.663086 -0.599778
0.663574 -0.598951
0.664062 -0.598123
0.664551 -0.597295
0.665039 -0.596467
0.665527 -0.595639
0.666016 -0.59481
0.666504 -0.593982
0.666992 -0.593153
0.66748 -0.592324
0.667969 -0.591494
0.668457 -0.590665
0.668945 -0.589835
0.669434 -0.589005
0.669922 -0.588175
0.67041 -0.587345
0.670898 -0.586514
0.671387 -0.585683
0.671875 -0.584852
0.672363 -0.584021
0.672852 -0.58319
0.67334 -0.582358
0.673828 -0.581526
0.674316 -0.580694
0.674805 -0.579862
0.675293 -0.57903
0.675781 -0.578197
0.67627 -0.577364
0.676758 -0.576531
0.677246 -0.575698
0.677734 -0.574865
0.678223 -0.574031
0.678711 -0.573197
0.679199 -0.572363
0.679688 -0.571529
0.680176 -0.570694
0.680664 -0.56986
0.681152 -0.569025
0.681641 -0.56819
0.682129 -0.567355
0.682617 -0.566519
0.683105 -0.565684
0.683594 -0.564848
0.684082 -0.564012
0.68457 -0.563176
0.685059 -0.562339
0.685547 -0.561503
0.686035 -0.560666
0.686523 -0.559829
0.687012 -0.558992
0.6875 -0.558154
0.687988 -0.557317
0.688477 -0.556479
0.688965 -0.555641
0.689453 -0.554803
0.689941 -0.553965
0.69043 -0.553126
0.690918 -0.552288
0.691406 -0.551449
0.691895 -0.55061
0.692383 -0.549771
0.692871 -0.548931
0.693359 -0.548092
0.693848 -0.547252
0.694336 -0.546412
0.694824 -0.545572
0.695312 -0.544732
0.695801 -0.543891
0.696289 -0.54305
0.696777 -0.54221
0.697266 -0.541369
0.697754 -0.540527
0.698242 -0.539686
0.69873 -0.538844
0.699219 -0.538003
0.699707 -0.537161
0.700195 -0.536319
0.700684 -0.535476
0.701172 -0.534634
0.70166 -0.533791
0.702148 -0.532949
0.702637 -0.532106
0.703125 -0.531262
0.703613 -0.530419
0.704102 -0.529576
0.70459 -0.528732
0.705078 -0.527888
0.705566 -0.527044
0.706055 -0.5262
0.706543 -0.525356
0.707031 -0.524511
0.70752 -0.523666
0.708008 -0.522822
0.708496 -0.521977
0.708984 -0.521131
0.709473 -0.520286
0.709961 -0.519441
0.710449 -0.518595
0.710938 -0.517749
0.711426 -0.516903
0.711914 -0.516057
0.712402 -0.515211
0.712891 -0.514364
0.713379 -0.513517
0.713867 -0.512671
0.714355 -0.511824
0.714844 -0.510976
0.715332 -0.510129
0.71582 -0.509282
0.716309 -0.508434
0.716797 -0.507586
0.717285 -0.506738
0.717773 -0.50589
0.718262 -0.505042
0.71875 -0.504194
0.719238 -0.503345
0.719727 -0.502496
0.720215 -0.501647
0.720703 -0.500798
0.721191 -0.499949
0.72168 -0.4991
0.722168 -0.49825
0.722656 -0.4974
0.723145 -0.496551
0.723633 -0.495701
0.724121 -0.494851
0.724609 -0.494
0.725098 -0.49315
0.725586 -0.492299
0.726074 -0.491448
0.726562 -0.490598
0.727051 -0.489747
0.727539 -0.488895
0.728027 -0.488044
0.728516 -0.487193
0.729004 -0.486341
0.729492 -0.485489
0.72998 -0.484637
0.730469 -0.483785
0.730957 -0.482933
0.731445 -0.48208
0.731934 -0.481228
0.732422 -0.480375
0.73291 -0.479522
0.733398 -0.47867
0.733887 -0.477816
0.734375 -0.476963
0.734863 -0.47611
0.735352 -0.475256
0.73584 -0.474403
0.736328 -0.473549
0.736816 -0.472695
0.737305 -0.471841
0.737793 -0.470986
0.738281 -0.470132
0.73877 -0.469278
0.739258 -0.468423
0.739746 -0.467568
0.740234 -0.466713
0.740723 -0.465858
0.741211 -0.465003
0.741699 -0.464147
0.742188 -0.463292
0.742676 -0.462436
0.743164 -0.461581
0.743652 -0.460725
0.744141 -0.459869
0.744629 -0.459012
0.745117 -0.458156
0.745605 -0.4573
0.746094 -0.456443
0.746582 -0.455586
0.74707 -0.45473
0.747559 -0.453873
0.748047 -0.453015
0.748535 -0.452158
0.749023 -0.451301
0.749512 -0.450443
0.75 -0.449586
0.750488 -0.448728
0.750977 -0.44787
0.751465 -0.447012
0.751953 -0.446154
0.752441 -0.445295
0.75293 -0.444437
0.753418 -0.443578
0.753906 -0.44272
0.754395 -0.441861
0.754883 -0.441002
0.755371 -0.440143
0.755859 -0.439284
0.756348 -0.438424
0.756836 -0.437565
0.757324 -0.436705
0.757812 -0.435846
0.758301 -0.434986
0.758789 -0.434126
0.759277 -0.433266
0.759766 -0.432406
0.760254 -0.431545
0.760742 -0.430685
0.76123 -0.429824
0.761719 -0.428964
0.762207 -0.428103
0.762695 -0.427242
0.763184 -0.426381
0.763672 -0.42552
0.76416 -0.424658
0.764648 -0.423797
0.765137 -0.422935
0.765625 -0.422074
0.766113 -0.421212
0.766602 -0.42035
0.76709 -0.419488
0.767578 -0.418626
0.768066 -0.417764
0.768555 -0.416901
0.769043 -0.416039
0.769531 -0.415176
0.77002 -0.414314
0.770508 -0.413451
0.770996 -0.412588
0.771484 -0.411725
0.771973 -0.410862
0.772461 -0.409998
0.772949 -0.409135
0.773438 -0.408271
0.773926 -0.407408
0.774414 -0.406544
0.774902 -0.40568
0.775391 -0.404816
0.775879 -0.403952
0.776367 -0.403088
0.776855 -0.402224
0.777344 -0.401359
0.777832 -0.400495
0.77832 -0.39963
0.778809 -0.398765
0.779297 -0.3979
0.779785 -0.397035
0.780273 -0.39617
0.780762 -0.395305
0.78125 -0.39444
0.781738 -0.393574
0.782227 -0.392709
0.782715 -0.391843
0.783203 -0.390978
0.783691 -0.390112
0.78418 -0.389246
0.784668 -0.38838
0.785156 -0.387514
0.785645 -0.386647
0.786133 -0.385781
0.786621 -0.384915
0.787109 -0.384048
0.787598 -0.383181
0.788086 -0.382314
0.788574 -0.381448
0.789062 -0.380581
0.789551 -0.379714
0.790039 -0.378846
0.790527 -0.377979
0.791016 -0.377112
0.791504 -0.376244
0.791992 -0.375377
0.79248 -0.374509
0.792969 -0.373641
0.793457 -0.372773
0.793945 -0.371905
0.794434 -0.371037
0.794922 -0.370169
0.79541 -0.3693
0.795898 -0.368432
0.796387 -0.367564
0.796875 -0.366695
0.797363 -0.365826
0.797852 -0.364957
0.79834 -0.364089
0.798828 -0.36322
0.799316 -0.36235
0.799805 -0.361481
0.800293 -0.360612
0.800781 -0.359743
0.80127 -0.358873
0.801758 -0.358004
0.802246 -0.357134
0.802734 -0.356264
0.803223 -0.355394
0.803711 -0.354524
0.804199 -0.353654
0.804688 -0.352784
0.805176 -0.351914
0.805664 -0.351044
0.806152 -0.350173
0.806641 -0.349303
0.807129 -0.348432
0.807617 -0.347561
0.808105 -0.346691
0.808594 -0.34582
0.809082 -0.344949
0.80957 -0.344078
0.810059 -0.343207
0.810547 -0.342335
0.811035 -0.341464
0.811523 -0.340593
0.812012 -0.339721
0.8125 -0.338849
0.812988 -0.337978
0.813477 -0.337106
0.813965 -0.336234
0.814453 -0.335362
0.814941 -0.33449
0.81543 -0.333618
0.815918 -0.332746
0.816406 -0.331874
0.816895 -0.331001
0.817383 -0.330129
0.817871 -0.329256
0.818359 -0.328384
0.818848 -0.327511
0.819336 -0.326638
0.819824 -0.325765
0.820312 -0.324892
0.820801 -0.324019
0.821289 -0.323146
0.821777 -0.322273
0.822266 -0.321399
0.822754 -0.320526
0.823242 -0.319653
0.82373 -0.318779
0.824219 -0.317905
0.824707 -0.317032
0.825195 -0.316158
0.825684 -0.315284
0.826172 -0.31441
0.82666 -0.313536
0.827148 -0.312662
0.827637 -0.311788
0.828125 -0.310913
0.828613 -0.310039
0.829102 -0.309164
0.82959 -0.30829
0.830078 -0.307415
0.830566 -0.306541
0.831055 -0.305666
0.831543 -0.304791
0.832031 -0.303916
0.83252 -0.303041
0.833008 -0.302166
0.833496 -0.301291
0.833984 -0.300416
0.834473 -0.29954
0.834961 -0.298665
0.835449 -0.29779
0.835938 -0.296914
0.836426 -0.296038
0.836914 -0.295163
0.837402 -0.294287
0.837891 -0.293411
0.838379 -0.292535
0.838867 -0.291659
0.839355 -0.290783
0.839844 -0.289907
0.840332 -0.289031
0.84082 -0.288155
0.841309 -0.287278
0.841797 -0.286402
0.842285 -0.285526
0.842773 -0.284649
0.843262 -0.283772
0.84375 -0.282896
0.844238 -0.282019
0.844727 -0.281142
0.845215 -0.280265
0.845703 -0.279388
0.846191 -0.278511
0.84668 -0.277634
0.847168 -0.276757
0.847656 -0.27588
0.848145 -0.275002
0.848633 -0.274125
0.849121 -0.273247
0.849609 -0.27237
0.850098 -0.271492
0.850586 -0.270615
0.851074 -0.269737
0.851562 -0.268859
0.852051 -0.267981
0.852539 -0.267103
0.853027 -0.266225
0.853516 -0.265347
0.854004 -0.264469
0.854492 -0.263591
0.85498 -0.262713
0.855469 -0.261834
0.855957 -0.260956
0.856445 -0.260077
0.856934 -0.259199
0.857422 -0.25832
0.85791 -0.257442
0.858398 -0.256563
0.858887 -0.255684
0.859375 -0.254805
0.859863 -0.253926
0.860352 -0.253047
0.86084 -0.252168
0.861328 -0.251289
0.861816 -0.25041
0.862305 -0.249531
0.862793 -0.248652
0.863281 -0.247772
0.86377 -0.246893
0.864258 -0.246013
0.864746 -0.245134
0.865234 -0.244254
0.865723 -0.243375
0.866211 -0.242495
0.866699 -0.241615
0.867188 -0.240735
0.867676 -0.239856
0.868164 -0.238976
0.868652 -0.238096
0.869141 -0.237216
0.869629 -0.236335
0.870117 -0.235455
0.870605 -0.234575
0.871094 -0.233695
0.871582 -0.232814
0.87207 -0.231934
0.872559 -0.231054
0.873047 -0.230173
0.873535 -0.229293
0.874023 -0.228412
0.874512 -0.227531
0.875 -0.226651
0.875488 -0.22577
0.875977 -0.224889
0.876465 -0.224008
0.876953 -0.223127
0.877441 -0.222246
0.87793 -0.221365
0.878418 -0.220484
0.878906 -0.219603
0.879395 -0.218722
0.879883 -0.21784
0.880371 -0.216959
0.880859 -0.216078
0.881348 -0.215196
0.881836 -0.214315
0.882324 -0.213433
0.882812 -0.212552
0.883301 -0.21167
0.883789 -0.210788
0.884277 -0.209906
0.884766 -0.209025
0.885254 -0.208143
0.885742 -0.207261
0.88623 -0.206379
0.886719 -0.205497
0.887207 -0.204615
0.887695 -0.203733
0.888184 -0.202851
0.888672 -0.201969
0.88916 -0.201086
0.889648 -0.200204
0.890137 -0.199322
0.890625 -0.198439
0.891113 -0.197557
0.891602 -0.196675
0.89209 -0.195792
0.892578 -0.194909
0.893066 -0.194027
0.893555 -0.193144
0.894043 -0.192262
0.894531 -0.191379
0.89502 -0.190496
0.895508 -0.189613
0.895996 -0.18873
0.896484 -0.187847
0.896973 -0.186964
0.897461 -0.186081
0.897949 -0.185198
0.898438 -0.184315
0.898926 -0.183432
0.899414 -0.182549
0.899902 -0.181666
0.900391 -0.180782
0.900879 -0.179899
0.901367 -0.179016
0.901855 -0.178132
0.902344 -0.177249
0.902832 -0.176365
0.90332 -0.175482
0.903809 -0.174598
0.904297 -0.173715
0.904785 -0.172831
0.905273 -0.171947
0.905762 -0.171064
0.90625 -0.17018
0.906738 -0.169296
0.907227 -0.168412
0.907715 -0.167528
0.908203 -0.166645
0.908691 -0.165761
0.90918 -0.164877
0.909668 -0.163993
0.910156 -0.163108
0.910645 -0.162224
0.911133 -0.16134
0.911621 -0.160456
0.912109 -0.159572
0.912598 -0.158688
0.913086 -0.157803
0.913574 -0.156919
0.914062 -0.156035
0.914551 -0.15515
0.915039 -0.154266
0.915527 -0.153381
0.916016 -0.152497
0.916504 -0.151612
0.916992 -0.150728
0.91748 -0.149843
0.917969 -0.148959
0.918457 -0.148074
0.918945 -0.147189
0.919434 -0.146305
0.919922 -0.14542
0.92041 -0.144535
0.920898 -0.143651
0.921387 -0.142766
0.921875 -0.141881
0.922363 -0.140996
0.922852 -0.140111
0.92334 -0.139226
0.923828 -0.138341
0.924316 -0.137456
0.924805 -0.136571
0.925293 -0.135686
0.925781 -0.134801
0.92627 -0.133916
0.926758 -0.133031
0.927246 -0.132146
0.927734 -0.131261
0.928223 -0.130376
0.928711 -0.129491
0.929199 -0.128605
0.929688 -0.12772
0.930176 -0.126835
0.930664 -0.12595
0.931152 -0.125064
0.931641 -0.124179
0.932129 -0.123294
0.932617 -0.122409
0.933105 -0.121523
0.933594 -0.120638
0.934082 -0.119753
0.93457 -0.118867
0.935059 -0.117982
0.935547 -0.117096
0.936035 -0.116211
0.936523 -0.115326
0.937012 -0.11444
0.9375 -0.113555
0.937988 -0.112669
0.938477 -0.111784
0.938965 -0.110899
0.939453 -0.110013
0.939941 -0.109128
0.94043 -0.108242
0.940918 -0.107357
0.941406 -0.106471
0.941895 -0.105586
0.942383 -0.1047
0.942871 -0.103815
0.943359 -0.10293
0.943848 -0.102044
0.944336 -0.101159
0.944824 -0.100273
0.945312 -0.0993879
0.945801 -0.0985025
0.946289 -0.0976171
0.946777 -0.0967317
0.947266 -0.0958463
0.947754 -0.094961
0.948242 -0.0940756
0.94873 -0.0931903
0.949219 -0.092305
0.949707 -0.0914196
0.950195 -0.0905344
0.950684 -0.0896491
0.951172 -0.0887638
0.95166 -0.0878786
0.952148 -0.0869934
0.952637 -0.0861082
0.953125 -0.085223
0.953613 -0.0843379
0.954102 -0.0834527
0.95459 -0.0825677
0.955078 -0.0816826
0.955566 -0.0807976
0.956055 -0.0799125
0.956543 -0.0790276
0.957031 -0.0781426
0.95752 -0.0772577
0.958008 -0.0763728
0.958496 -0.075488
0.958984 -0.0746032
0.959473 -0.0737184
0.959961 -0.0728336
0.960449 -0.0719489
0.960938 -0.0710643
0.961426 -0.0701796
0.961914 -0.0692951
0.962402 -0.0684105
0.962891 -0.067526
0.963379 -0.0666416
0.963867 -0.0657571
0.964355 -0.0648728
0.964844 -0.0639885
0.965332 -0.0631042
0.96582 -0.0622199
0.966309 -0.0613358
0.966797 -0.0604516
0.967285 -0.0595675
0.967773 -0.0586835
0.968262 -0.0577995
0.96875 -0.0569156
0.969238 -0.0560317
0.969727 -0.0551478
0.970215 -0.054264
0.970703 -0.0533803
0.971191 -0.0524966
0.97168 -0.051613
0.972168 -0.0507294
0.972656 -0.0498459
0.973145 -0.0489624
0.973633 -0.048079
0.974121 -0.0471956
0.974609 -0.0463123
0.975098 -0.0454291
0.975586 -0.0445459
0.976074 -0.0436627
0.976562 -0.0427796
0.977051 -0.0418966
0.977539 -0.0410136
0.978027 -0.0401306
0.978516 -0.0392477
0.979004 -0.0383649
0.979492 -0.0374821
0.97998 -0.0365994
0.980469 -0.0357167
0.980957 -0.0348341
0.981445 -0.0339515
0.981934 -0.0330689
0.982422 -0.0321865
0.98291 -0.031304
0.983398 -0.0304216
0.983887 -0.0295393
0.984375 -0.028657
0.984863 -0.0277747
0.985352 -0.0268925
0.98584 -0.0260104
0.986328 -0.0251282
0.986816 -0.0242462
0.987305 -0.0233641
0.987793 -0.0224821
0.988281 -0.0216001
0.98877 -0.0207182
0.989258 -0.0198363
0.989746 -0.0189544
0.990234 -0.0180726
0.990723 -0.0171908
0.991211 -0.0163091
0.991699 -0.0154273
0.992188 -0.0145456
0.992676 -0.0136639
0.993164 -0.0127823
0.993652 -0.0119006
0.994141 -0.011019
0.994629 -0.0101374
0.995117 -0.00925583
0.995605 -0.00837427
0.996094 -0.00749273
0.996582 -0.0066112
0.99707 -0.00572968
0.997559 -0.00484817
0.998047 -0.00396668
0.998535 -0.00308518
0.999023 -0.0022037
0.999512 -0.00132222
1 -0.000440739
