0 0.000399519
0.000488281 0.00119856
0.000976562 0.0019976
0.00146484 0.00279664
0.00195312 0.00359569
0.00244141 0.00439474
0.00292969 0.00519379
0.00341797 0.00599286
0.00390625 0.00679193
0.00439453 0.00759101
0.00488281 0.0083901
0.00537109 0.0091892
0.00585938 0.00998831
0.00634766 0.0107874
0.00683594 0.0115866
0.00732422 0.0123857
0.0078125 0.0131849
0.00830078 0.0139841
0.00878906 0.0147833
0.00927734 0.0155825
0.00976562 0.0163817
0.0102539 0.017181
0.0107422 0.0179803
0.0112305 0.0187796
0.0117188 0.0195789
0.012207 0.0203783
0.0126953 0.0211776
0.0131836 0.021977
0.0136719 0.0227765
0.0141602 0.0235759
0.0146484 0.0243754
0.0151367 0.0251749
0.015625 0.0259744
0.0161133 0.026774
0.0166016 0.0275736
0.0170898 0.0283732
0.0175781 0.0291729
0.0180664 0.0299726
0.0185547 0.0307723
0.019043 0.0315721
0.0195312 0.0323718
0.0200195 0.0331717
0.0205078 0.0339715
0.0209961 0.0347714
0.0214844 0.0355713
0.0219727 0.0363713
0.0224609 0.0371713
0.0229492 0.0379713
0.0234375 0.0387714
0.0239258 0.0395715
0.0244141 0.0403716
0.0249023 0.0411718
0.0253906 0.041972
0.0258789 0.0427723
0.0263672 0.0435726
0.0268555 0.0443729
0.0273438 0.0451733
0.027832 0.0459737
0.0283203 0.0467741
0.0288086 0.0475746
0.0292969 0.0483751
0.0297852 0.0491756
0.0302734 0.0499762
0.0307617 0.0507769
0.03125 0.0515775
0.0317383 0.0523782
0.0322266 0.053179
0.0327148 0.0539798
0.0332031 0.0547806
0.0336914 0.0555814
0.0341797 0.0563823
0.034668 0.0571832
0.0351562 0.0579842
0.0356445 0.0587852
0.0361328 0.0595862
0.0366211 0.0603873
0.0371094 0.0611884
0.0375977 0.0619895
0.0380859 0.0627907
0.0385742 0.0635919
0.0390625 0.0643931
0.0395508 0.0651944
0.0400391 0.0659957
0.0405273 0.066797
0.0410156 0.0675984
0.0415039 0.0683998
0.0419922 0.0692012
0.0424805 0.0700027
0.0429688 0.0708042
0.043457 0.0716057
0.0439453 0.0724072
0.0444336 0.0732088
0.0449219 0.0740104
0.0454102 0.074812
0.0458984 0.0756136
0.0463867 0.0764153
0.046875 0.077217
0.0473633 0.0780187
0.0478516 0.0788205
0.0483398 0.0796223
0.0488281 0.080424
0.0493164 0.0812259
0.0498047 0.0820277
0.050293 0.0828295
0.0507812 0.0836314
0.0512695 0.0844333
0.0517578 0.0852352
0.0522461 0.0860372
0.0527344 0.0868391
0.0532227 0.0876411
0.0537109 0.088443
0.0541992 0.089245
0.0546875 0.090047
0.0551758 0.0908491
0.0556641 0.0916511
0.0561523 0.0924531
0.0566406 0.0932552
0.0571289 0.0940573
0.0576172 0.0948594
0.0581055 0.0956614
0.0585938 0.0964635
0.059082 0.0972657
0.0595703 0.0980678
0.0600586 0.0988699
0.0605469 0.099672
0.0610352 0.100474
0.0615234 0.101276
0.0620117 0.102078
0.0625 0.102881
0.0629883 0.103683
0.0634766 0.104485
0.0639648 0.105287
0.0644531 0.106089
0.0649414 0.106891
0.0654297 0.107694
0.065918 0.108496
0.0664062 0.109298
0.0668945 0.1101
0.0673828 0.110902
0.0678711 0.111704
0.0683594 0.112506
0.0688477 0.113309
0.0693359 0.114111
0.0698242 0.114913
0.0703125 0.115715
0.0708008 0.116517
0.0712891 0.117319
0.0717773 0.118121
0.0722656 0.118924
0.0727539 0.119726
0.0732422 0.120528
0.0737305 0.12133
0.0742188 0.122132
0.074707 0.122934
0.0751953 0.123736
0.0756836 0.124538
0.0761719 0.12534
0.0766602 0.126142
0.0771484 0.126944
0.0776367 0.127746
0.078125 0.128548
0.0786133 0.12935
0.0791016 0.130152
0.0795898 0.130954
0.0800781 0.131756
0.0805664 0.132558
0.0810547 0.13336
0.081543 0.134162
0.0820312 0.134963
0.0825195 0.135765
0.0830078 0.136567
0.0834961 0.137369
0.0839844 0.138171
0.0844727 0.138972
0.0849609 0.139774
0.0854492 0.140576
0.0859375 0.141378
0.0864258 0.142179
0.0869141 0.142981
0.0874023 0.143783
0.0878906 0.144584
0.0883789 0.145386
0.0888672 0.146188
0.0893555 0.146989
0.0898438 0.147791
0.090332 0.148592
0.0908203 0.149394
0.0913086 0.150195
0.0917969 0.150997
0.0922852 0.151798
0.0927734 0.152599
0.0932617 0.153401
0.09375 0.154202
0.0942383 0.155004
0.0947266 0.155805
0.0952148 0.156606
0.0957031 0.157407
0.0961914 0.158209
0.0966797 0.15901
0.097168 0.159811
0.0976562 0.160612
0.0981445 0.161413
0.0986328 0.162215
0.0991211 0.163016
0.0996094 0.163817
0.100098 0.164618
0.100586 0.165419
0.101074 0.16622
0.101562 0.167021
0.102051 0.167822
0.102539 0.168622
0.103027 0.169423
0.103516 0.170224
0.104004 0.171025
0.104492 0.171826
0.10498 0.172627
0.105469 0.173427
0.105957 0.174228
0.106445 0.175029
0.106934 0.175829
0.107422 0.17663
0.10791 0.17743
0.108398 0.178231
0.108887 0.179031
0.109375 0.179832
0.109863 0.180632
0.110352 0.181433
0.11084 0.182233
0.111328 0.183034
0.111816 0.183834
0.112305 0.184634
0.112793 0.185434
0.113281 0.186235
0.11377 0.187035
0.114258 0.187835
0.114746 0.188635
0.115234 0.189435
0.115723 0.190235
0.116211 0.191035
0.116699 0.191835
0.117188 0.192635
0.117676 0.193435
0.118164 0.194235
0.118652 0.195035
0.119141 0.195835
0.119629 0.196635
0.120117 0.197434
0.120605 0.198234
0.121094 0.199034
0.121582 0.199833
0.12207 0.200633
0.122559 0.201433
0.123047 0.202232
0.123535 0.203032
0.124023 0.203831
0.124512 0.20463
0.125 0.20543
0.125488 0.206229
0.125977 0.207029
0.126465 0.207828
0.126953 0.208627
0.127441 0.209426
0.12793 0.210225
0.128418 0.211025
0.128906 0.211824
0.129395 0.212623
0.129883 0.213422
0.130371 0.214221
0.130859 0.21502
0.131348 0.215819
0.131836 0.216618
0.132324 0.217416
0.132812 0.218215
0.133301 0.219014
0.133789 0.219813
0.134277 0.220611
0.134766 0.22141
0.135254 0.222208
0.135742 0.223007
0.13623 0.223806
0.136719 0.224604
0.137207 0.225402
0.137695 0.226201
0.138184 0.226999
0.138672 0.227797
0.13916 0.228596
0.139648 0.229394
0.140137 0.230192
0.140625 0.23099
0.141113 0.231788
0.141602 0.232586
0.14209 0.233384
0.142578 0.234182
0.143066 0.23498
0.143555 0.235778
0.144043 0.236576
0.144531 0.237374
0.14502 0.238172
0.145508 0.238969
0.145996 0.239767
0.146484 0.240565
0.146973 0.241362
0.147461 0.24216
0.147949 0.242957
0.148438 0.243755
0.148926 0.244552
0.149414 0.24535
0.149902 0.246147
0.150391 0.246944
0.150879 0.247741
0.151367 0.248539
0.151855 0.249336
0.152344 0.250133
0.152832 0.25093
0.15332 0.251727
0.153809 0.252524
0.154297 0.253321
0.154785 0.254118
0.155273 0.254914
0.155762 0.255711
0.15625 0.256508
0.156738 0.257305
0.157227 0.258101
0.157715 0.258898
0.158203 0.259694
0.158691 0.260491
0.15918 0.261287
0.159668 0.262084
0.160156 0.26288
0.160645 0.263676
0.161133 0.264472
0.161621 0.265269
0.162109 0.266065
0.162598 0.266861
0.163086 0.267657
0.163574 0.268453
0.164062 0.269249
0.164551 0.270045
0.165039 0.270841
0.165527 0.271636
0.166016 0.272432
0.166504 0.273228
0.166992 0.274023
0.16748 0.274819
0.167969 0.275615
0.168457 0.27641
0.168945 0.277206
0.169434 0.278001
0.169922 0.278796
0.17041 0.279592
0.170898 0.280387
0.171387 0.281182
0.171875 0.281977
0.172363 0.282772
0.172852 0.283567
0.17334 0.284362
0.173828 0.285157
0.174316 0.285952
0.174805 0.286747
0.175293 0.287541
0.175781 0.288336
0.17627 0.289131
0.176758 0.289925
0.177246 0.29072
0.177734 0.291514
0.178223 0.292309
0.178711 0.293103
0.179199 0.293898
0.179688 0.294692
0.180176 0.295486
0.180664 0.29628
0.181152 0.297074
0.181641 0.297868
0.182129 0.298662
0.182617 0.299456
0.183105 0.30025
0.183594 0.301044
0.184082 0.301838
0.18457 0.302631
0.185059 0.303425
0.185547 0.304218
0.186035 0.305012
0.186523 0.305805
0.187012 0.306599
0.1875 0.307392
0.187988 0.308186
0.188477 0.308979
0.188965 0.309772
0.189453 0.310565
0.189941 0.311358
0.19043 0.312151
0.190918 0.312944
0.191406 0.313737
0.191895 0.31453
0.192383 0.315322
0.192871 0.316115
0.193359 0.316908
0.193848 0.3177
0.194336 0.318493
0.194824 0.319285
0.195312 0.320078
0.195801 0.32087
0.196289 0.321662
0.196777 0.322454
0.197266 0.323247
0.197754 0.324039
0.198242 0.324831
0.19873 0.325623
0.199219 0.326415
0.199707 0.327206
0.200195 0.327998
0.200684 0.32879
0.201172 0.329582
0.20166 0.330373
0.202148 0.331165
0.202637 0.331956
0.203125 0.332747
0.203613 0.333539
0.204102 0.33433
0.20459 0.335121
0.205078 0.335912
0.205566 0.336703
0.206055 0.337494
0.206543 0.338285
0.207031 0.339076
0.20752 0.339867
0.208008 0.340658
0.208496 0.341448
0.208984 0.342239
0.209473 0.343029
0.209961 0.34382
0.210449 0.34461
0.210938 0.345401
0.211426 0.346191
0.211914 0.346981
0.212402 0.347771
0.212891 0.348561
0.213379 0.349351
0.213867 0.350141
0.214355 0.350931
0.214844 0.351721
0.215332 0.35251
0.21582 0.3533
0.216309 0.35409
0.216797 0.354879
0.217285 0.355669
0.217773 0.356458
0.218262 0.357247
0.21875 0.358036
0.219238 0.358826
0.219727 0.359615
0.220215 0.360404
0.220703 0.361193
0.221191 0.361981
0.22168 0.36277
0.222168 0.363559
0.222656 0.364347
0.223145 0.365136
0.223633 0.365925
0.224121 0.366713
0.224609 0.367501
0.225098 0.36829
0.225586 0.369078
0.226074 0.369866
0.226562 0.370654
0.227051 0.371442
0.227539 0.37223
0.228027 0.373018
0.228516 0.373805
0.229004 0.374593
0.229492 0.375381
0.22998 0.376168
0.230469 0.376956
0.230957 0.377743
0.231445 0.37853
0.231934 0.379318
0.232422 0.380105
0.23291 0.380892
0.233398 0.381679
0.233887 0.382466
0.234375 0.383252
0.234863 0.384039
0.235352 0.384826
0.23584 0.385613
0.236328 0.386399
0.236816 0.387185
0.237305 0.387972
0.237793 0.388758
0.238281 0.389544
0.23877 0.39033
0.239258 0.391116
0.239746 0.391902
0.240234 0.392688
0.240723 0.393474
0.241211 0.39426
0.241699 0.395046
0.242188 0.395831
0.242676 0.396617
0.243164 0.397402
0.243652 0.398187
0.244141 0.398972
0.244629 0.399758
0.245117 0.400543
0.245605 0.401328
0.246094 0.402113
0.246582 0.402897
0.24707 0.403682
0.247559 0.404467
0.248047 0.405251
0.248535 0.406036
0.249023 0.40682
0.249512 0.407605
0.25 0.408389
0.250488 0.409173
0.250977 0.409957
0.251465 0.410741
0.251953 0.411525
0.252441 0.412309
0.25293 0.413092
0.253418 0.413876
0.253906 0.414659
0.254395 0.415443
0.254883 0.416226
0.255371 0.41701
0.255859 0.417793
0.256348 0.418576
0.256836 0.419359
0.257324 0.420142
0.257812 0.420925
0.258301 0.421707
0.258789 0.42249
0.259277 0.423273
0.259766 0.424055
0.260254 0.424837
0.260742 0.42562
0.26123 0.426402
0.261719 0.427184
0.262207 0.427966
0.262695 0.428748
0.263184 0.42953
0.263672 0.430312
0.26416 0.431093
0.264648 0.431875
0.265137 0.432656
0.265625 0.433438
0.266113 0.434219
0.266602 0.435
0.26709 0.435781
0.267578 0.436562
0.268066 0.437343
0.268555 0.438124
0.269043 0.438905
0.269531 0.439685
0.27002 0.440466
0.270508 0.441246
0.270996 0.442027
0.271484 0.442807
0.271973 0.443587
0.272461 0.444367
0.272949 0.445147
0.273438 0.445927
0.273926 0.446707
0.274414 0.447486
0.274902 0.448266
0.275391 0.449046
0.275879 0.449825
0.276367 0.450604
0.276855 0.451383
0.277344 0.452162
0.277832 0.452941
0.27832 0.45372
0.278809 0.454499
0.279297 0.455278
0.279785 0.456056
0.280273 0.456835
0.280762 0.457613
0.28125 0.458391
0.281738 0.45917
0.282227 0.459948
0.282715 0.460726
0.283203 0.461504
0.283691 0.462281
0.28418 0.463059
0.284668 0.463837
0.285156 0.464614
0.285645 0.465391
0.286133 0.466169
0.286621 0.466946
0.287109 0.467723
0.287598 0.4685
0.288086 0.469277
0.288574 0.470053
0.289062 0.47083
0.289551 0.471606
0.290039 0.472383
0.290527 0.473159
0.291016 0.473935
0.291504 0.474711
0.291992 0.475487
0.29248 0.476263
0.292969 0.477039
0.293457 0.477815
0.293945 0.47859
0.294434 0.479366
0.294922 0.480141
0.29541 0.480916
0.295898 0.481691
0.296387 0.482466
0.296875 0.483241
0.297363 0.484016
0.297852 0.484791
0.29834 0.485565
0.298828 0.48634
0.299316 0.487114
0.299805 0.487888
0.300293 0.488662
0.300781 0.489437
0.30127 0.49021
0.301758 0.490984
0.302246 0.491758
0.302734 0.492531
0.303223 0.493305
0.303711 0.494078
0.304199 0.494851
0.304688 0.495624
0.305176 0.496397
0.305664 0.49717
0.306152 0.497943
0.306641 0.498716
0.307129 0.499488
0.307617 0.500261
0.308105 0.501033
0.308594 0.501805
0.309082 0.502577
0.30957 0.503349
0.310059 0.504121
0.310547 0.504893
0.311035 0.505664
0.311523 0.506436
0.312012 0.507207
0.3125 0.507978
0.312988 0.508749
0.313477 0.50952
0.313965 0.510291
0.314453 0.511062
0.314941 0.511832
0.31543 0.512603
0.315918 0.513373
0.316406 0.514143
0.316895 0.514914
0.317383 0.515684
0.317871 0.516453
0.318359 0.517223
0.318848 0.517993
0.319336 0.518762
0.319824 0.519532
0.320312 0.520301
0.320801 0.52107
0.321289 0.521839
0.321777 0.522608
0.322266 0.523377
0.322754 0.524145
0.323242 0.524914
0.32373 0.525682
0.324219 0.52645
0.324707 0.527219
0.325195 0.527987
0.325684 0.528754
0.326172 0.529522
0.32666 0.53029
0.327148 0.531057
0.327637 0.531825
0.328125 0.532592
0.328613 0.533359
0.329102 0.534126
0.32959 0.534893
0.330078 0.535659
0.330566 0.536426
0.331055 0.537192
0.331543 0.537959
0.332031 0.538725
0.33252 0.539491
0.333008 0.540257
0.333496 0.541022
0.333984 0.541788
0.334473 0.542553
0.334961 0.543319
0.335449 0.544084
0.335938 0.544849
0.336426 0.545614
0.336914 0.546379
0.337402 0.547143
0.337891 0.547908
0.338379 0.548672
0.338867 0.549437
0.339355 0.550201
0.339844 0.550965
0.340332 0.551729
0.34082 0.552492
0.341309 0.553256
0.341797 0.554019
0.342285 0.554782
0.342773 0.555546
0.343262 0.556309
0.34375 0.557071
0.344238 0.557834
0.344727 0.558597
0.345215 0.559359
0.345703 0.560121
0.346191 0.560883
0.34668 0.561645
0.347168 0.562407
0.347656 0.563169
0.348145 0.563931
0.348633 0.564692
0.349121 0.565453
0.349609 0.566214
0.350098 0.566975
0.350586 0.567736
0.351074 0.568497
0.351562 0.569257
0.352051 0.570018
0.352539 0.570778
0.353027 0.571538
0.353516 0.572298
0.354004 0.573058
0.354492 0.573817
0.35498 0.574577
0.355469 0.575336
0.355957 0.576095
0.356445 0.576854
0.356934 0.577613
0.357422 0.578372
0.35791 0.57913
0.358398 0.579889
0.358887 0.580647
0.359375 0.581405
0.359863 0.582163
0.360352 0.582921
0.36084 0.583678
0.361328 0.584436
0.361816 0.585193
0.362305 0.58595
0.362793 0.586707
0.363281 0.587464
0.36377 0.588221
0.364258 0.588977
0.364746 0.589734
0.365234 0.59049
0.365723 0.591246
0.366211 0.592002
0.366699 0.592758
0.367188 0.593513
0.367676 0.594268
0.368164 0.595024
0.368652 0.595779
0.369141 0.596534
0.369629 0.597288
0.370117 0.598043
0.370605 0.598797
0.371094 0.599552
0.371582 0.600306
0.37207 0.60106
0.372559 0.601813
0.373047 0.602567
0.373535 0.60332
0.374023 0.604074
0.374512 0.604827
0.375 0.60558
0.375488 0.606332
0.375977 0.607085
0.376465 0.607837
0.376953 0.608589
0.377441 0.609342
0.37793 0.610093
0.378418 0.610845
0.378906 0.611597
0.379395 0.612348
0.379883 0.613099
0.380371 0.61385
0.380859 0.614601
0.381348 0.615352
0.381836 0.616102
0.382324 0.616852
0.382812 0.617603
0.383301 0.618353
0.383789 0.619102
0.384277 0.619852
0.384766 0.620601
0.385254 0.621351
0.385742 0.6221
0.38623 0.622849
0.386719 0.623597
0.387207 0.624346
0.387695 0.625094
0.388184 0.625842
0.388672 0.62659
0.38916 0.627338
0.389648 0.628086
0.390137 0.628833
0.390625 0.62958
0.391113 0.630327
0.391602 0.631074
0.39209 0.631821
0.392578 0.632567
0.393066 0.633314
0.393555 0.63406
0.394043 0.634806
0.394531 0.635552
0.39502 0.636297
0.395508 0.637042
0.395996 0.637788
0.396484 0.638533
0.396973 0.639277
0.397461 0.640022
0.397949 0.640766
0.398438 0.641511
0.398926 0.642255
0.399414 0.642998
0.399902 0.643742
0.400391 0.644486
0.400879 0.645229
0.401367 0.645972
0.401855 0.646715
0.402344 0.647457
0.402832 0.6482
0.40332 0.648942
0.403809 0.649684
0.404297 0.650426
0.404785 0.651168
0.405273 0.651909
0.405762 0.65265
0.40625 0.653391
0.406738 0.654132
0.407227 0.654873
0.407715 0.655613
0.408203 0.656353
0.408691 0.657093
0.40918 0.657833
0.409668 0.658573
0.410156 0.659312
0.410645 0.660051
0.411133 0.66079
0.411621 0.661529
0.412109 0.662268
0.412598 0.663006
0.413086 0.663744
0.413574 0.664482
0.414062 0.66522
0.414551 0.665957
0.415039 0.666695
0.415527 0.667432
0.416016 0.668169
0.416504 0.668905
0.416992 0.669642
0.41748 0.670378
0.417969 0.671114
0.418457 0.67185
0.418945 0.672585
0.419434 0.673321
0.419922 0.674056
0.42041 0.674791
0.420898 0.675526
0.421387 0.67626
0.421875 0.676994
0.422363 0.677728
0.422852 0.678462
0.42334 0.679196
0.423828 0.679929
0.424316 0.680662
0.424805 0.681395
0.425293 0.682128
0.425781 0.68286
0.42627 0.683592
0.426758 0.684324
0.427246 0.685056
0.427734 0.685788
0.428223 0.686519
0.428711 0.68725
0.429199 0.687981
0.429688 0.688711
0.430176 0.689442
0.430664 0.690172
0.431152 0.690902
0.431641 0.691631
0.432129 0.692361
0.432617 0.69309
0.433105 0.693819
0.433594 0.694548
0.434082 0.695276
0.43457 0.696004
0.435059 0.696732
0.435547 0.69746
0.436035 0.698188
0.436523 0.698915
0.437012 0.699642
0.4375 0.700369
0.437988 0.701095
0.438477 0.701822
0.438965 0.702548
0.439453 0.703273
0.439941 0.703999
0.44043 0.704724
0.440918 0.705449
0.441406 0.706174
0.441895 0.706899
0.442383 0.707623
0.442871 0.708347
0.443359 0.709071
0.443848 0.709794
0.444336 0.710517
0.444824 0.71124
0.445312 0.711963
0.445801 0.712686
0.446289 0.713408
0.446777 0.71413
0.447266 0.714852
0.447754 0.715573
0.448242 0.716294
0.44873 0.717015
0.449219 0.717736
0.449707 0.718456
0.450195 0.719176
0.450684 0.719896
0.451172 0.720616
0.45166 0.721335
0.452148 0.722054
0.452637 0.722773
0.453125 0.723492
0.453613 0.72421
0.454102 0.724928
0.45459 0.725646
0.455078 0.726363
0.455566 0.72708
0.456055 0.727797
0.456543 0.728514
0.457031 0.72923
0.45752 0.729946
0.458008 0.730662
0.458496 0.731377
0.458984 0.732092
0.459473 0.732807
0.459961 0.733522
0.460449 0.734236
0.460938 0.73495
0.461426 0.735664
0.461914 0.736378
0.462402 0.737091
0.462891 0.737804
0.463379 0.738517
0.463867 0.739229
0.464355 0.739941
0.464844 0.740653
0.465332 0.741364
0.46582 0.742075
0.466309 0.742786
0.466797 0.743497
0.467285 0.744207
0.467773 0.744917
0.468262 0.745627
0.46875 0.746336
0.469238 0.747045
0.469727 0.747754
0.470215 0.748463
0.470703 0.749171
0.471191 0.749879
0.47168 0.750586
0.472168 0.751293
0.472656 0.752
0.473145 0.752707
0.473633 0.753413
0.474121 0.754119
0.474609 0.754825
0.475098 0.755531
0.475586 0.756236
0.476074 0.75694
0.476562 0.757645
0.477051 0.758349
0.477539 0.759053
0.478027 0.759756
0.478516 0.760459
0.479004 0.761162
0.479492 0.761865
0.47998 0.762567
0.480469 0.763269
0.480957 0.76397
0.481445 0.764672
0.481934 0.765373
0.482422 0.766073
0.48291 0.766773
0.483398 0.767473
0.483887 0.768173
0.484375 0.768872
0.484863 0.769571
0.485352 0.77027
0.48584 0.770968
0.486328 0.771666
0.486816 0.772363
0.487305 0.77306
0.487793 0.773757
0.488281 0.774454
0.48877 0.77515
0.489258 0.775846
0.489746 0.776541
0.490234 0.777236
0.490723 0.777931
0.491211 0.778626
0.491699 0.77932
0.492188 0.780013
0.492676 0.780707
0.493164 0.7814
0.493652 0.782092
0.494141 0.782784
0.494629 0.783474
0.495117 0.784161
0.495605 0.784836
0.496094 0.785473
0.496582 0.785981
0.49707 0.786059
0.497559 0.784695
0.498047 0.778503
0.498535 0.756275
0.499023 0.682272
0.499512 0.460508
0.5 2.95982e-14
0.500488 -0.460508
0.500977 -0.682272
0.501465 -0.756275
0.501953 -0.778503
0.502441 -0.784695
0.50293 -0.786059
0.503418 -0.785981
0.503906 -0.785473
0.504395 -0.784836
0.504883 -0.784161
0.505371 -0.783474
0.505859 -0.782784
0.506348 -0.782092
0.506836 -0.7814
0.507324 -0.780707
0.507812 -0.780013
0.508301 -0.77932
0.508789 -0.778626
0.509277 -0.777931
0.509766 -0.777236
0.510254 -0.776541
0.510742 -0.775846
0.51123 -0.77515
0.511719 -0.774454
0.512207 -0.773757
0.512695 -0.77306
0.513184 -0.772363
0.513672 -0.771666
0.51416 -0.770968
0.514648 -0.77027
0.515137 -0.769571
0.515625 -0.768872
0.516113 -0.768173
0.516602 -0.767473
0.51709 -0.766773
0.517578 -0.766073
0.518066 -0.765373
0.518555 -0.764672
0.519043 -0.76397
0.519531 -0.763269
0.52002 -0.762567
0.520508 -0.761865
0.520996 -0.761162
0.521484 -0.760459
0.521973 -0.759756
0.522461 -0.759053
0.522949 -0.758349
0.523438 -0.757645
0.523926 -0.75694
0.524414 -0.756236
0.524902 -0.755531
0.525391 -0.754825
0.525879 -0.754119
0.526367 -0.753413
0.526855 -0.752707
0.527344 -0.752
0.527832 -0.751293
0.52832 -0.750586
0.528809 -0.749879
0.529297 -0.749171
0.529785 -0.748463
0.530273 -0.747754
0.530762 -0.747045
0.53125 -0.746336
0.531738 -0.745627
0.532227 -0.744917
0.532715 -0.744207
0.533203 -0.743497
0.533691 -0.742786
0.53418 -0.742075
0.534668 -0.741364
0.535156 -0.740653
0.535645 -0.739941
0.536133 -0.739229
0.536621 -0.738517
0.537109 -0.737804
0.537598 -0.737091
0.538086 -0.736378
0.538574 -0.735664
0.539062 -0.73495
0.539551 -0.734236
0.540039 -0.733522
0.540527 -0.732807
0.541016 -0.732092
0.541504 -0.731377
0.541992 -0.730662
0.54248 -0.729946
0.542969 -0.72923
0.543457 -0.728514
0.543945 -0.727797
0.544434 -0.72708
0.544922 -0.726363
0.54541 -0.725646
0.545898 -0.724928
0.546387 -0.72421
0.546875 -0.723492
0.547363 -0.722773
0.547852 -0.722054
0.54834 -0.721335
0.548828 -0.720616
0.549316 -0.719896
0.549805 -0.719176
0.550293 -0.718456
0.550781 -0.717736
0.55127 -0.717015
0.551758 -0.716294
0.552246 -0.715573
0.552734 -0.714852
0.553223 -0.71413
0.553711 -0.713408
0.554199 -0.712686
0.554688 -0.711963
0.555176 -0.71124
0.555664 -0.710517
0.556152 -0.709794
0.556641 -0.709071
0.557129 -0.708347
0.557617 -0.707623
0.558105 -0.706899
0.558594 -0.706174
0.559082 -0.705449
0.55957 -0.704724
0.560059 -0.703999
0.560547 -0.703273
0.561035 -0.702548
0.561523 -0.701822
0.562012 -0.701095
0.5625 -0.700369
0.562988 -0.699642
0.563477 -0.698915
0.563965 -0.698188
0.564453 -0.69746
0.564941 -0.696732
0.56543 -0.696004
0.565918 -0.695276
0.566406 -0.694548
0.566895 -0.693819
0.567383 -0.69309
0.567871 -0.692361
0.568359 -0.691631
0.568848 -0.690902
0.569336 -0.690172
0.569824 -0.689442
0.570312 -0.688711
0.570801 -0.687981
0.571289 -0.68725
0.571777 -0.686519
0.572266 -0.685788
0.572754 -0.685056
0.573242 -0.684324
0.57373 -0.683592
0.574219 -0.68286
0.574707 -0.682128
0.575195 -0.681395
0.575684 -0.680662
0.576172 -0.679929
0.57666 -0.679196
0.577148 -0.678462
0.577637 -0.677728
0.578125 -0.676994
0.578613 -0.67626
0.579102 -0.675526
0.57959 -0.674791
0.580078 -0.674056
0.580566 -0.673321
0.581055 -0.672585
0.581543 -0.67185
0.582031 -0.671114
0.58252 -0.670378
0.583008 -0.669642
0.583496 -0.668905
0.583984 -0.668169
0.584473 -0.667432
0.584961 -0.666695
0.585449 -0.665957
0.585938 -0.66522
0.586426 -0.664482
0.586914 -0.663744
0.587402 -0.663006
0.587891 -0.662268
0.588379 -0.661529
0.588867 -0.66079
0.589355 -0.660051
0.589844 -0.659312
0.590332 -0.658573
0.59082 -0.657833
0.591309 -0.657093
0.591797 -0.656353
0.592285 -0.655613
0.592773 -0.654873
0.593262 -0.654132
0.59375 -0.653391
0.594238 -0.65265
0.594727 -0.651909
0.595215 -0.651168
0.595703 -0.650426
0.596191 -0.649684
0.59668 -0.648942
0.597168 -0.6482
0.597656 -0.647457
0.598145 -0.646715
0.598633 -0.645972
0.599121 -0.645229
0.599609 -0.644486
0.600098 -0.643742
0.600586 -0.642998
0.601074 -0.642255
0.601562 -0.641511
0.602051 -0.640766
0.602539 -0.640022
0.603027 -0.639277
0.603516 -0.638533
0.604004 -0.637788
0.604492 -0.637042
0.60498 -0.636297
0.605469 -0.635552
0.605957 -0.634806
0.606445 -0.63406
0.606934 -0.633314
0.607422 -0.632567
0.60791 -0.631821
0.608398 -0.631074
0.608887 -0.630327
0.609375 -0.62958
0.609863 -0.628833
0.610352 -0.628086
0.61084 -0.627338
0.611328 -0.62659
0.611816 -0.625842
0.612305 -0.625094
0.612793 -0.624346
0.613281 -0.623597
0.61377 -0.622849
0.614258 -0.6221
0.614746 -0.621351
0.615234 -0.620601
0.615723 -0.619852
0.616211 -0.619102
0.616699 -0.618353
0.617188 -0.617603
0.617676 -0.616852
0.618164 -0.616102
0.618652 -0.615352
0.619141 -0.614601
0.619629 -0.61385
0.620117 -0.613099
0.620605 -0.612348
0.621094 -0.611597
0.621582 -0.610845
0.62207 -0.610093
0.622559 -0.609342
0.623047 -0.608589
0.623535 -0.607837
0.624023 -0.607085
0.624512 -0.606332
0.625 -0.60558
0.625488 -0.604827
0.625977 -0.604074
0.626465 -0.60332
0.626953 -0.602567
0.627441 -0.601813
0.62793 -0.60106
0.628418 -0.600306
0.628906 -0.599552
0.629395 -0.598797
0.629883 -0.598043
0.630371 -0.597288
0.630859 -0.596534
0.631348 -0.595779
0.631836 -0.595024
0.632324 -0.594268
0.632812 -0.593513
0.633301 -0.592758
0.633789 -0.592002
0.634277 -0.591246
0.634766 -0.59049
0.635254 -0.589734
0.635742 -0.588977
0.63623 -0.588221
0.636719 -0.587464
0.637207 -0.586707
0.637695 -0.58595
0.638184 -0.585193
0.638672 -0.584436
0.63916 -0.583678
0.639648 -0.582921
0.640137 -0.582163
0.640625 -0.581405
0.641113 -0.580647
0.641602 -0.579889
0.64209 -0.57913
0.642578 -0.578372
0.643066 -0.577613
0.643555 -0.576854
0.644043 -0.576095
0.644531 -0.575336
0.64502 -0.574577
0.645508 -0.573817
0.645996 -0.573058
0.646484 -0.572298
0.646973 -0.571538
0.647461 -0.570778
0.647949 -0.570018
0.648438 -0.569257
0.648926 -0.568497
0.649414 -0.567736
0.649902 -0.566975
0.650391 -0.566214
0.650879 -0.565453
0.651367 -0.564692
0.651855 -0.563931
0.652344 -0.563169
0.652832 -0.562407
0.65332 -0.561645
0.653809 -0.560883
0.654297 -0.560121
0.654785 -0.559359
0.655273 -0.558597
0.655762 -0.557834
0.65625 -0.557071
0.656738 -0.556309
0.657227 -0.555546
0.657715 -0.554782
0.658203 -0.554019
0.658691 -0.553256
0.65918 -0.552492
0.659668 -0.551729
0.660156 -0.550965
0.660645 -0.550201
0.661133 -0.549437
0.661621 -0.548672
0.662109 -0.547908
0.662598 -0.547143
0.663086 -0.546379
0.663574 -0.545614
0.664062 -0.544849
0.664551 -0.544084
0.665039 -0.543319
0.665527 -0.542553
0.666016 -0.541788
0.666504 -0.541022
0.666992 -0.540257
0.66748 -0.539491
0.667969 -0.538725
0.668457 -0.537959
0.668945 -0.537192
0.669434 -0.536426
0.669922 -0.535659
0.67041 -0.534893
0.670898 -0.534126
0.671387 -0.533359
0.671875 -0.532592
0.672363 -0.531825
0.672852 -0.531057
0.67334 -0.53029
0.673828 -0.529522
0.674316 -0.528754
0.674805 -0.527987
0.675293 -0.527219
0.675781 -0.52645
0.67627 -0.525682
0.676758 -0.524914
0.677246 -0.524145
0.677734 -0.523377
0.678223 -0.522608
0.678711 -0.521839
0.679199 -0.52107
0.679688 -0.520301
0.680176 -0.519532
0.680664 -0.518762
0.681152 -0.517993
0.681641 -0.517223
0.682129 -0.516453
0.682617 -0.515684
0.683105 -0.514914
0.683594 -0.514143
0.684082 -0.513373
0.68457 -0.512603
0.685059 -0.511832
0.685547 -0.511062
0.686035 -0.510291
0.686523 -0.50952
0.687012 -0.508749
0.6875 -0.507978
0.687988 -0.507207
0.688477 -0.506436
0.688965 -0.505664
0.689453 -0.504893
0.689941 -0.504121
0.69043 -0.503349
0.690918 -0.502577
0.691406 -0.501805
0.691895 -0.501033
0.692383 -0.500261
0.692871 -0.499488
0.693359 -0.498716
0.693848 -0.497943
0.694336 -0.49717
0.694824 -0.496397
0.695312 -0.495624
0.695801 -0.494851
0.696289 -0.494078
0.696777 -0.493305
0.697266 -0.492531
0.697754 -0.491758
0.698242 -0.490984
0.69873 -0.49021
0.699219 -0.489437
0.699707 -0.488662
0.700195 -0.487888
0.700684 -0.487114
0.701172 -0.48634
0.70166 -0.485565
0.702148 -0.484791
0.702637 -0.484016
0.703125 -0.483241
0.703613 -0.482466
0.704102 -0.481691
0.70459 -0.480916
0.705078 -0.480141
0.705566 -0.479366
0.706055 -0.47859
0.706543 -0.477815
0.707031 -0.477039
0.70752 -0.476263
0.708008 -0.475487
0.708496 -0.474711
0.708984 -0.473935
0.709473 -0.473159
0.709961 -0.472383
0.710449 -0.471606
0.710938 -0.47083
0.711426 -0.470053
0.711914 -0.469277
0.712402 -0.4685
0.712891 -0.467723
0.713379 -0.466946
0.713867 -0.466169
0.714355 -0.465391
0.714844 -0.464614
0.715332 -0.463837
0.71582 -0.463059
0.716309 -0.462281
0.716797 -0.461504
0.717285 -0.460726
0.717773 -0.459948
0.718262 -0.45917
0.71875 -0.458391
0.719238 -0.457613
0.719727 -0.456835
0.720215 -0.456056
0.720703 -0.455278
0.721191 -0.454499
0.72168 -0.45372
0.722168 -0.452941
0.722656 -0.452162
0.723145 -0.451383
0.723633 -0.450604
0.724121 -0.449825
0.724609 -0.449046
0.725098 -0.448266
0.725586 -0.447486
0.726074 -0.446707
0.726562 -0.445927
0.727051 -0.445147
0.727539 -0.444367
0.728027 -0.443587
0.728516 -0.442807
0.729004 -0.442027
0.729492 -0.441246
0.72998 -0.440466
0.730469 -0.439685
0.730957 -0.438905
0.731445 -0.438124
0.731934 -0.437343
0.732422 -0.436562
0.73291 -0.435781
0.733398 -0.435
0.733887 -0.434219
0.734375 -0.433438
0.734863 -0.432656
0.735352 -0.431875
0.73584 -0.431093
0.736328 -0.430312
0.736816 -0.42953
0.737305 -0.428748
0.737793 -0.427966
0.738281 -0.427184
0.73877 -0.426402
0.739258 -0.42562
0.739746 -0.424837
0.740234 -0.424055
0.740723 -0.423273
0.741211 -0.42249
0.741699 -0.421707
0.742188 -0.420925
0.742676 -0.420142
0.743164 -0.419359
0.743652 -0.418576
0.744141 -0.417793
0.744629 -0.41701
0.745117 -0.416226
0.745605 -0.415443
0.746094 -0.414659
0.746582 -0.413876
0.74707 -0.413092
0.747559 -0.412309
0.748047 -0.411525
0.748535 -0.410741
0.749023 -0.409957
0.749512 -0.409173
0.75 -0.408389
0.750488 -0.407605
0.750977 -0.40682
0.751465 -0.406036
0.751953 -0.405251
0.752441 -0.404467
0.75293 -0.403682
0.753418 -0.402897
0.753906 -0.402113
0.754395 -0.401328
0.754883 -0.400543
0.755371 -0.399758
0.755859 -0.398972
0.756348 -0.398187
0.756836 -0.397402
0.757324 -0.396617
0.757812 -0.395831
0.758301 -0.395046
0.758789 -0.39426
0.759277 -0.393474
0.759766 -0.392688
0.760254 -0.391902
0.760742 -0.391116
0.76123 -0.39033
0.761719 -0.389544
0.762207 -0.388758
0.762695 -0.387972
0.763184 -0.387185
0.763672 -0.386399
0.76416 -0.385613
0.764648 -0.384826
0.765137 -0.384039
0.765625 -0.383252
0.766113 -0.382466
0.766602 -0.381679
0.76709 -0.380892
0.767578 -0.380105
0.768066 -0.379318
0.768555 -0.37853
0.769043 -0.377743
0.769531 -0.376956
0.77002 -0.376168
0.770508 -0.375381
0.770996 -0.374593
0.771484 -0.373805
0.771973 -0.373018
0.772461 -0.37223
0.772949 -0.371442
0.773438 -0.370654
0.773926 -0.369866
0.774414 -0.369078
0.774902 -0.36829
0.775391 -0.367501
0.775879 -0.366713
0.776367 -0.365925
0.776855 -0.365136
0.777344 -0.364347
0.777832 -0.363559
0.77832 -0.36277
0.778809 -0.361981
0.779297 -0.361193
0.779785 -0.360404
0.780273 -0.359615
0.780762 -0.358826
0.78125 -0.358036
0.781738 -0.357247
0.782227 -0.356458
0.782715 -0.355669
0.783203 -0.354879
0.783691 -0.35409
0.78418 -0.3533
0.784668 -0.35251
0.785156 -0.351721
0.785645 -0.350931
0.786133 -0.350141
0.786621 -0.349351
0.787109 -0.348561
0.787598 -0.347771
0.788086 -0.346981
0.788574 -0.346191
0.789062 -0.345401
0.789551 -0.34461
0.790039 -0.34382
0.790527 -0.343029
0.791016 -0.342239
0.791504 -0.341448
0.791992 -0.340658
0.79248 -0.339867
0.792969 -0.339076
0.793457 -0.338285
0.793945 -0.337494
0.794434 -0.336703
0.794922 -0.335912
0.79541 -0.335121
0.795898 -0.33433
0.796387 -0.333539
0.796875 -0.332747
0.797363 -0.331956
0.797852 -0.331165
0.79834 -0.330373
0.798828 -0.329582
0.799316 -0.32879
0.799805 -0.327998
0.800293 -0.327206
0.800781 -0.326415
0.80127 -0.325623
0.801758 -0.324831
0.802246 -0.324039
0.802734 -0.323247
0.803223 -0.322454
0.803711 -0.321662
0.804199 -0.32087
0.804688 -0.320078
0.805176 -0.319285
0.805664 -0.318493
0.806152 -0.3177
0.806641 -0.316908
0.807129 -0.316115
0.807617 -0.315322
0.808105 -0.31453
0.808594 -0.313737
0.809082 -0.312944
0.80957 -0.312151
0.810059 -0.311358
0.810547 -0.310565
0.811035 -0.309772
0.811523 -0.308979
0.812012 -0.308186
0.8125 -0.307392
0.812988 -0.306599
0.813477 -0.305805
0.813965 -0.305012
0.814453 -0.304218
0.814941 -0.303425
0.81543 -0.302631
0.815918 -0.301838
0.816406 -0.301044
0.816895 -0.30025
0.817383 -0.299456
0.817871 -0.298662
0.818359 -0.297868
0.818848 -0.297074
0.819336 -0.29628
0.819824 -0.295486
0.820312 -0.294692
0.820801 -0.293898
0.821289 -0.293103
0.821777 -0.292309
0.822266 -0.291514
0.822754 -0.29072
0.823242 -0.289925
0.82373 -0.289131
0.824219 -0.288336
0.824707 -0.287541
0.825195 -0.286747
0.825684 -0.285952
0.826172 -0.285157
0.82666 -0.284362
0.827148 -0.283567
0.827637 -0.282772
0.828125 -0.281977
0.828613 -0.281182
0.829102 -0.280387
0.82959 -0.279592
0.830078 -0.278796
0.830566 -0.278001
0.831055 -0.277206
0.831543 -0.27641
0.832031 -0.275615
0.83252 -0.274819
0.833008 -0.274023
0.833496 -0.273228
0.833984 -0.272432
0.834473 -0.271636
0.834961 -0.270841
0.835449 -0.270045
0.835938 -0.269249
0.836426 -0.268453
0.836914 -0.267657
0.837402 -0.266861
0.837891 -0.266065
0.838379 -0.265269
0.838867 -0.264472
0.839355 -0.263676
0.839844 -0.26288
0.840332 -0.262084
0.84082 -0.261287
0.841309 -0.260491
0.841797 -0.259694
0.842285 -0.258898
0.842773 -0.258101
0.843262 -0.257305
0.84375 -0.256508
0.844238 -0.255711
0.844727 -0.254914
0.845215 -0.254118
0.845703 -0.253321
0.846191 -0.252524
0.84668 -0.251727
0.847168 -0.25093
0.847656 -0.250133
0.848145 -0.249336
0.848633 -0.248539
0.849121 -0.247741
0.849609 -0.246944
0.850098 -0.246147
0.850586 -0.24535
0.851074 -0.244552
0.851562 -0.243755
0.852051 -0.242957
0.852539 -0.24216
0.853027 -0.241362
0.853516 -0.240565
0.854004 -0.239767
0.854492 -0.238969
0.85498 -0.238172
0.855469 -0.237374
0.855957 -0.236576
0.856445 -0.235778
0.856934 -0.23498
0.857422 -0.234182
0.85791 -0.233384
0.858398 -0.232586
0.858887 -0.231788
0.859375 -0.23099
0.859863 -0.230192
0.860352 -0.229394
0.86084 -0.228596
0.861328 -0.227797
0.861816 -0.226999
0.862305 -0.226201
0.862793 -0.225402
0.863281 -0.224604
0.86377 -0.223806
0.864258 -0.223007
0.864746 -0.222208
0.865234 -0.22141
0.865723 -0.220611
0.866211 -0.219813
0.866699 -0.219014
0.867188 -0.218215
0.867676 -0.217416
0.868164 -0.216618
0.868652 -0.215819
0.869141 -0.21502
0.869629 -0.214221
0.870117 -0.213422
0.870605 -0.212623
0.871094 -0.211824
0.871582 -0.211025
0.87207 -0.210225
0.872559 -0.209426
0.873047 -0.208627
0.873535 -0.207828
0.874023 -0.207029
0.874512 -0.206229
0.875 -0.20543
0.875488 -0.20463
0.875977 -0.203831
0.876465 -0.203032
0.876953 -0.202232
0.877441 -0.201433
0.87793 -0.200633
0.878418 -0.199833
0.878906 -0.199034
0.879395 -0.198234
0.879883 -0.197434
0.880371 -0.196635
0.880859 -0.195835
0.881348 -0.195035
0.881836 -0.194235
0.882324 -0.193435
0.882812 -0.192635
0.883301 -0.191835
0.883789 -0.191035
0.884277 -0.190235
0.884766 -0.189435
0.885254 -0.188635
0.885742 -0.187835
0.88623 -0.187035
0.886719 -0.186235
0.887207 -0.185434
0.887695 -0.184634
0.888184 -0.183834
0.888672 -0.183034
0.88916 -0.182233
0.889648 -0.181433
0.890137 -0.180632
0.890625 -0.179832
0.891113 -0.179031
0.891602 -0.178231
0.89209 -0.17743
0.892578 -0.17663
0.893066 -0.175829
0.893555 -0.175029
0.894043 -0.174228
0.894531 -0.173427
0.89502 -0.172627
0.895508 -0.171826
0.895996 -0.171025
0.896484 -0.170224
0.896973 -0.169423
0.897461 -0.168622
0.897949 -0.167822
0.898438 -0.167021
0.898926 -0.16622
0.899414 -0.165419
0.899902 -0.164618
0.900391 -0.163817
0.900879 -0.163016
0.901367 -0.162215
0.901855 -0.161413
0.902344 -0.160612
0.902832 -0.159811
0.90332 -0.15901
0.903809 -0.158209
0.904297 -0.157407
0.904785 -0.156606
0.905273 -0.155805
0.905762 -0.155004
0.90625 -0.154202
0.906738 -0.153401
0.907227 -0.152599
0.907715 -0.151798
0.908203 -0.150997
0.908691 -0.150195
0.90918 -0.149394
0.909668 -0.148592
0.910156 -0.147791
0.910645 -0.146989
0.911133 -0.146188
0.911621 -0.145386
0.912109 -0.144584
0.912598 -0.143783
0.913086 -0.142981
0.913574 -0.142179
0.914062 -0.141378
0.914551 -0.140576
0.915039 -0.139774
0.915527 -0.138972
0.916016 -0.138171
0.916504 -0.137369
0.916992 -0.136567
0.91748 -0.135765
0.917969 -0.134963
0.918457 -0.134162
0.918945 -0.13336
0.919434 -0.132558
0.919922 -0.131756
0.92041 -0.130954
0.920898 -0.130152
0.921387 -0.12935
0.921875 -0.128548
0.922363 -0.127746
0.922852 -0.126944
0.92334 -0.126142
0.923828 -0.12534
0.924316 -0.124538
0.924805 -0.123736
0.925293 -0.122934
0.925781 -0.122132
0.92627 -0.12133
0.926758 -0.120528
0.927246 -0.119726
0.927734 -0.118924
0.928223 -0.118121
0.928711 -0.117319
0.929199 -0.116517
0.929688 -0.115715
0.930176 -0.114913
0.930664 -0.114111
0.931152 -0.113309
0.931641 -0.112506
0.932129 -0.111704
0.932617 -0.110902
0.933105 -0.1101
0.933594 -0.109298
0.934082 -0.108496
0.93457 -0.107694
0.935059 -0.106891
0.935547 -0.106089
0.936035 -0.105287
0.936523 -0.104485
0.937012 -0.103683
0.9375 -0.102881
0.937988 -0.102078
0.938477 -0.101276
0.938965 -0.100474
0.939453 -0.099672
0.939941 -0.0988699
0.94043 -0.0980678
0.940918 -0.0972657
0.941406 -0.0964635
0.941895 -0.0956614
0.942383 -0.0948594
0.942871 -0.0940573
0.943359 -0.0932552
0.943848 -0.0924531
0.944336 -0.0916511
0.944824 -0.0908491
0.945312 -0.090047
0.945801 -0.089245
0.946289 -0.088443
0.946777 -0.0876411
0.947266 -0.0868391
0.947754 -0.0860372
0.948242 -0.0852352
0.94873 -0.0844333
0.949219 -0.0836314
0.949707 -0.0828295
0.950195 -0.0820277
0.950684 -0.0812259
0.951172 -0.080424
0.95166 -0.0796223
0.952148 -0.0788205
0.952637 -0.0780187
0.953125 -0.077217
0.953613 -0.0764153
0.954102 -0.0756136
0.95459 -0.074812
0.955078 -0.0740104
0.955566 -0.0732088
0.956055 -0.0724072
0.956543 -0.0716057
0.957031 -0.0708042
0.95752 -0.0700027
0.958008 -0.0692012
0.958496 -0.0683998
0.958984 -0.0675984
0.959473 -0.066797
0.959961 -0.0659957
0.960449 -0.0651944
0.960938 -0.0643931
0.961426 -0.0635919
0.961914 -0.0627907
0.962402 -0.0619895
0.962891 -0.0611884
0.963379 -0.0603873
0.963867 -0.0595862
0.964355 -0.0587852
0.964844 -0.0579842
0.965332 -0.0571832
0.96582 -0.0563823
0.966309 -0.0555814
0.966797 -0.0547806
0.967285 -0.0539798
0.967773 -0.053179
0.968262 -0.0523782
0.96875 -0.0515775
0.969238 -0.0507769
0.969727 -0.0499762
0.970215 -0.0491756
0.970703 -0.0483751
0.971191 -0.0475746
0.97168 -0.0467741
0.972168 -0.0459737
0.972656 -0.0451733
0.973145 -0.0443729
0.973633 -0.0435726
0.974121 -0.0427723
0.974609 -0.041972
0.975098 -0.0411718
0.975586 -0.0403716
0.976074 -0.0395715
0.976562 -0.0387714
0.977051 -0.0379713
0.977539 -0.0371713
0.978027 -0.0363713
0.978516 -0.0355713
0.979004 -0.0347714
0.979492 -0.0339715
0.97998 -0.0331717
0.980469 -0.0323718
0.980957 -0.0315721
0.981445 -0.0307723
0.981934 -0.0299726
0.982422 -0.0291729
0.98291 -0.0283732
0.983398 -0.0275736
0.983887 -0.026774
0.984375 -0.0259744
0.984863 -0.0251749
0.985352 -0.0243754
0.98584 -0.0235759
0.986328 -0.0227765
0.986816 -0.021977
0.987305 -0.0211776
0.987793 -0.0203783
0.988281 -0.0195789
0.98877 -0.0187796
0.989258 -0.0179803
0.989746 -0.017181
0.990234 -0.0163817
0.990723 -0.0155825
0.991211 -0.0147833
0.991699 -0.0139841
0.992188 -0.0131849
0.992676 -0.0123857
0.993164 -0.0115866
0.993652 -0.0107874
0.994141 -0.00998831
0.994629 -0.0091892
0.995117 -0.0083901
0.995605 -0.00759101
0.996094 -0.00679193
0.996582 -0.00599286
0.99707 -0.00519379
0.997559 -0.00439474
0.998047 -0.00359569
0.998535 -0.00279664
0.999023 -0.0019976
0.999512 -0.00119856
1 -0.000399519
