0 0.000208454
0.000488281 0.000625363
0.000976562 0.00104227
0.00146484 0.00145918
0.00195312 0.00187609
0.00244141 0.002293
0.00292969 0.00270991
0.00341797 0.00312682
0.00390625 0.00354373
0.00439453 0.00396064
0.00488281 0.00437755
0.00537109 0.00479447
0.00585938 0.00521138
0.00634766 0.00562829
0.00683594 0.00604521
0.00732422 0.00646212
0.0078125 0.00687904
0.00830078 0.00729596
0.00878906 0.00771287
0.00927734 0.00812979
0.00976562 0.00854671
0.0102539 0.00896364
0.0107422 0.00938056
0.0112305 0.00979748
0.0117188 0.0102144
0.012207 0.0106313
0.0126953 0.0110483
0.0131836 0.0114652
0.0136719 0.0118821
0.0141602 0.0122991
0.0146484 0.012716
0.0151367 0.0131329
0.015625 0.0135499
0.0161133 0.0139668
0.0166016 0.0143837
0.0170898 0.0148007
0.0175781 0.0152176
0.0180664 0.0156346
0.0185547 0.0160515
0.019043 0.0164685
0.0195312 0.0168854
0.0200195 0.0173024
0.0205078 0.0177194
0.0209961 0.0181363
0.0214844 0.0185533
0.0219727 0.0189702
0.0224609 0.0193872
0.0229492 0.0198042
0.0234375 0.0202212
0.0239258 0.0206381
0.0244141 0.0210551
0.0249023 0.0214721
0.0253906 0.0218891
0.0258789 0.0223061
0.0263672 0.0227231
0.0268555 0.0231401
0.0273438 0.023557
0.027832 0.023974
0.0283203 0.024391
0.0288086 0.0248081
0.0292969 0.0252251
0.0297852 0.0256421
0.0302734 0.0260591
0.0307617 0.0264761
0.03125 0.0268931
0.0317383 0.0273101
0.0322266 0.0277272
0.0327148 0.0281442
0.0332031 0.0285612
0.0336914 0.0289783
0.0341797 0.0293953
0.034668 0.0298124
0.0351562 0.0302294
0.0356445 0.0306465
0.0361328 0.0310635
0.0366211 0.0314806
0.0371094 0.0318976
0.0375977 0.0323147
0.0380859 0.0327318
0.0385742 0.0331488
0.0390625 0.0335659
0.0395508 0.033983
0.0400391 0.0344001
0.0405273 0.0348172
0.0410156 0.0352343
0.0415039 0.0356514
0.0419922 0.0360685
0.0424805 0.0364856
0.0429688 0.0369027
0.043457 0.0373198
0.0439453 0.0377369
0.0444336 0.038154
0.0449219 0.0385711
0.0454102 0.0389883
0.0458984 0.0394054
0.0463867 0.0398225
0.046875 0.0402397
0.0473633 0.0406568
0.0478516 0.041074
0.0483398 0.0414911
0.0488281 0.0419083
0.0493164 0.0423254
0.0498047 0.0427426
0.050293 0.0431598
0.0507812 0.043577
0.0512695 0.0439941
0.0517578 0.0444113
0.0522461 0.0448285
0.0527344 0.0452457
0.0532227 0.0456629
0.0537109 0.0460801
0.0541992 0.0464973
0.0546875 0.0469145
0.0551758 0.0473317
0.0556641 0.0477489
0.0561523 0.0481661
0.0566406 0.0485834
0.0571289 0.0490006
0.0576172 0.0494178
0.0581055 0.0498351
0.0585938 0.0502523
0.059082 0.0506696
0.0595703 0.0510868
0.0600586 0.0515041
0.0605469 0.0519213
0.0610352 0.0523386
0.0615234 0.0527558
0.0620117 0.0531731
0.0625 0.0535904
0.0629883 0.0540077
0.0634766 0.054425
0.0639648 0.0548423
0.0644531 0.0552595
0.0649414 0.0556768
0.0654297 0.0560941
0.065918 0.0565114
0.0664062 0.0569288
0.0668945 0.0573461
0.0673828 0.0577634
0.0678711 0.0581807
0.0683594 0.058598
0.0688477 0.0590154
0.0693359 0.0594327
0.0698242 0.05985
0.0703125 0.0602674
0.0708008 0.0606847
0.0712891 0.0611021
0.0717773 0.0615194
0.0722656 0.0619368
0.0727539 0.0623542
0.0732422 0.0627715
0.0737305 0.0631889
0.0742188 0.0636063
0.074707 0.0640237
0.0751953 0.064441
0.0756836 0.0648584
0.0761719 0.0652758
0.0766602 0.0656932
0.0771484 0.0661106
0.0776367 0.066528
0.078125 0.0669454
0.0786133 0.0673628
0.0791016 0.0677802
0.0795898 0.0681977
0.0800781 0.0686151
0.0805664 0.0690325
0.0810547 0.0694499
0.081543 0.0698674
0.0820312 0.0702848
0.0825195 0.0707022
0.0830078 0.0711197
0.0834961 0.0715371
0.0839844 0.0719546
0.0844727 0.072372
0.0849609 0.0727895
0.0854492 0.0732069
0.0859375 0.0736244
0.0864258 0.0740419
0.0869141 0.0744593
0.0874023 0.0748768
0.0878906 0.0752943
0.0883789 0.0757118
0.0888672 0.0761292
0.0893555 0.0765467
0.0898438 0.0769642
0.090332 0.0773817
0.0908203 0.0777992
0.0913086 0.0782167
0.0917969 0.0786342
0.0922852 0.0790517
0.0927734 0.0794692
0.0932617 0.0798867
0.09375 0.0803042
0.0942383 0.0807217
0.0947266 0.0811393
0.0952148 0.0815568
0.0957031 0.0819743
0.0961914 0.0823918
0.0966797 0.0828094
0.097168 0.0832269
0.0976562 0.0836444
0.0981445 0.084062
0.0986328 0.0844795
0.0991211 0.084897
0.0996094 0.0853146
0.100098 0.0857321
0.100586 0.0861497
0.101074 0.0865672
0.101562 0.0869848
0.102051 0.0874023
0.102539 0.0878199
0.103027 0.0882374
0.103516 0.088655
0.104004 0.0890726
0.104492 0.0894901
0.10498 0.0899077
0.105469 0.0903252
0.105957 0.0907428
0.106445 0.0911604
0.106934 0.091578
0.107422 0.0919955
0.10791 0.0924131
0.108398 0.0928307
0.108887 0.0932483
0.109375 0.0936659
0.109863 0.0940834
0.110352 0.094501
0.11084 0.0949186
0.111328 0.0953362
0.111816 0.0957538
0.112305 0.0961714
0.112793 0.096589
0.113281 0.0970066
0.11377 0.0974241
0.114258 0.0978417
0.114746 0.0982593
0.115234 0.0986769
0.115723 0.0990945
0.116211 0.0995121
0.116699 0.0999297
0.117188 0.100347
0.117676 0.100765
0.118164 0.101183
0.118652 0.1016
0.119141 0.102018
0.119629 0.102435
0.120117 0.102853
0.120605 0.103271
0.121094 0.103688
0.121582 0.104106
0.12207 0.104523
0.122559 0.104941
0.123047 0.105359
0.123535 0.105776
0.124023 0.106194
0.124512 0.106611
0.125 0.107029
0.125488 0.107447
0.125977 0.107864
0.126465 0.108282
0.126953 0.108699
0.127441 0.109117
0.12793 0.109535
0.128418 0.109952
0.128906 0.11037
0.129395 0.110788
0.129883 0.111205
0.130371 0.111623
0.130859 0.11204
0.131348 0.112458
0.131836 0.112876
0.132324 0.113293
0.132812 0.113711
0.133301 0.114128
0.133789 0.114546
0.134277 0.114964
0.134766 0.115381
0.135254 0.115799
0.135742 0.116216
0.13623 0.116634
0.136719 0.117052
0.137207 0.117469
0.137695 0.117887
0.138184 0.118304
0.138672 0.118722
0.13916 0.11914
0.139648 0.119557
0.140137 0.119975
0.140625 0.120392
0.141113 0.12081
0.141602 0.121228
0.14209 0.121645
0.142578 0.122063
0.143066 0.12248
0.143555 0.122898
0.144043 0.123316
0.144531 0.123733
0.14502 0.124151
0.145508 0.124568
0.145996 0.124986
0.146484 0.125404
0.146973 0.125821
0.147461 0.126239
0.147949 0.126656
0.148438 0.127074
0.148926 0.127491
0.149414 0.127909
0.149902 0.128327
0.150391 0.128744
0.150879 0.129162
0.151367 0.129579
0.151855 0.129997
0.152344 0.130414
0.152832 0.130832
0.15332 0.13125
0.153809 0.131667
0.154297 0.132085
0.154785 0.132502
0.155273 0.13292
0.155762 0.133337
0.15625 0.133755
0.156738 0.134172
0.157227 0.13459
0.157715 0.135008
0.158203 0.135425
0.158691 0.135843
0.15918 0.13626
0.159668 0.136678
0.160156 0.137095
0.160645 0.137513
0.161133 0.13793
0.161621 0.138348
0.162109 0.138765
0.162598 0.139183
0.163086 0.1396
0.163574 0.140018
0.164062 0.140435
0.164551 0.140853
0.165039 0.14127
0.165527 0.141688
0.166016 0.142106
0.166504 0.142523
0.166992 0.142941
0.16748 0.143358
0.167969 0.143776
0.168457 0.144193
0.168945 0.14461
0.169434 0.145028
0.169922 0.145445
0.17041 0.145863
0.170898 0.14628
0.171387 0.146698
0.171875 0.147115
0.172363 0.147533
0.172852 0.14795
0.17334 0.148368
0.173828 0.148785
0.174316 0.149203
0.174805 0.14962
0.175293 0.150038
0.175781 0.150455
0.17627 0.150873
0.176758 0.15129
0.177246 0.151707
0.177734 0.152125
0.178223 0.152542
0.178711 0.15296
0.179199 0.153377
0.179688 0.153795
0.180176 0.154212
0.180664 0.154629
0.181152 0.155047
0.181641 0.155464
0.182129 0.155882
0.182617 0.156299
0.183105 0.156716
0.183594 0.157134
0.184082 0.157551
0.18457 0.157969
0.185059 0.158386
0.185547 0.158803
0.186035 0.159221
0.186523 0.159638
0.187012 0.160056
0.1875 0.160473
0.187988 0.16089
0.188477 0.161308
0.188965 0.161725
0.189453 0.162142
0.189941 0.16256
0.19043 0.162977
0.190918 0.163394
0.191406 0.163812
0.191895 0.164229
0.192383 0.164646
0.192871 0.165064
0.193359 0.165481
0.193848 0.165898
0.194336 0.166316
0.194824 0.166733
0.195312 0.16715
0.195801 0.167568
0.196289 0.167985
0.196777 0.168402
0.197266 0.16882
0.197754 0.169237
0.198242 0.169654
0.19873 0.170071
0.199219 0.170489
0.199707 0.170906
0.200195 0.171323
0.200684 0.171741
0.201172 0.172158
0.20166 0.172575
0.202148 0.172992
0.202637 0.17341
0.203125 0.173827
0.203613 0.174244
0.204102 0.174661
0.20459 0.175079
0.205078 0.175496
0.205566 0.175913
0.206055 0.17633
0.206543 0.176747
0.207031 0.177165
0.20752 0.177582
0.208008 0.177999
0.208496 0.178416
0.208984 0.178833
0.209473 0.179251
0.209961 0.179668
0.210449 0.180085
0.210938 0.180502
0.211426 0.180919
0.211914 0.181337
0.212402 0.181754
0.212891 0.182171
0.213379 0.182588
0.213867 0.183005
0.214355 0.183422
0.214844 0.18384
0.215332 0.184257
0.21582 0.184674
0.216309 0.185091
0.216797 0.185508
0.217285 0.185925
0.217773 0.186342
0.218262 0.186759
0.21875 0.187177
0.219238 0.187594
0.219727 0.188011
0.220215 0.188428
0.220703 0.188845
0.221191 0.189262
0.22168 0.189679
0.222168 0.190096
0.222656 0.190513
0.223145 0.19093
0.223633 0.191347
0.224121 0.191764
0.224609 0.192182
0.225098 0.192599
0.225586 0.193016
0.226074 0.193433
0.226562 0.19385
0.227051 0.194267
0.227539 0.194684
0.228027 0.195101
0.228516 0.195518
0.229004 0.195935
0.229492 0.196352
0.22998 0.196769
0.230469 0.197186
0.230957 0.197603
0.231445 0.19802
0.231934 0.198437
0.232422 0.198854
0.23291 0.199271
0.233398 0.199688
0.233887 0.200105
0.234375 0.200522
0.234863 0.200939
0.235352 0.201355
0.23584 0.201772
0.236328 0.202189
0.236816 0.202606
0.237305 0.203023
0.237793 0.20344
0.238281 0.203857
0.23877 0.204274
0.239258 0.204691
0.239746 0.205108
0.240234 0.205525
0.240723 0.205942
0.241211 0.206358
0.241699 0.206775
0.242188 0.207192
0.242676 0.207609
0.243164 0.208026
0.243652 0.208443
0.244141 0.20886
0.244629 0.209276
0.245117 0.209693
0.245605 0.21011
0.246094 0.210527
0.246582 0.210944
0.24707 0.211361
0.247559 0.211777
0.248047 0.212194
0.248535 0.212611
0.249023 0.213028
0.249512 0.213445
0.25 0.213861
0.250488 0.214278
0.250977 0.214695
0.251465 0.215112
0.251953 0.215529
0.252441 0.215945
0.25293 0.216362
0.253418 0.216779
0.253906 0.217196
0.254395 0.217612
0.254883 0.218029
0.255371 0.218446
0.255859 0.218862
0.256348 0.219279
0.256836 0.219696
0.257324 0.220113
0.257812 0.220529
0.258301 0.220946
0.258789 0.221363
0.259277 0.221779
0.259766 0.222196
0.260254 0.222613
0.260742 0.223029
0.26123 0.223446
0.261719 0.223863
0.262207 0.224279
0.262695 0.224696
0.263184 0.225113
0.263672 0.225529
0.26416 0.225946
0.264648 0.226363
0.265137 0.226779
0.265625 0.227196
0.266113 0.227612
0.266602 0.228029
0.26709 0.228446
0.267578 0.228862
0.268066 0.229279
0.268555 0.229695
0.269043 0.230112
0.269531 0.230528
0.27002 0.230945
0.270508 0.231362
0.270996 0.231778
0.271484 0.232195
0.271973 0.232611
0.272461 0.233028
0.272949 0.233444
0.273438 0.233861
0.273926 0.234277
0.274414 0.234694
0.274902 0.23511
0.275391 0.235527
0.275879 0.235943
0.276367 0.23636
0.276855 0.236776
0.277344 0.237193
0.277832 0.237609
0.27832 0.238025
0.278809 0.238442
0.279297 0.238858
0.279785 0.239275
0.280273 0.239691
0.280762 0.240108
0.28125 0.240524
0.281738 0.24094
0.282227 0.241357
0.282715 0.241773
0.283203 0.24219
0.283691 0.242606
0.28418 0.243022
0.284668 0.243439
0.285156 0.243855
0.285645 0.244272
0.286133 0.244688
0.286621 0.245104
0.287109 0.245521
0.287598 0.245937
0.288086 0.246353
0.288574 0.24677
0.289062 0.247186
0.289551 0.247602
0.290039 0.248018
0.290527 0.248435
0.291016 0.248851
0.291504 0.249267
0.291992 0.249684
0.29248 0.2501
0.292969 0.250516
0.293457 0.250932
0.293945 0.251349
0.294434 0.251765
0.294922 0.252181
0.29541 0.252597
0.295898 0.253014
0.296387 0.25343
0.296875 0.253846
0.297363 0.254262
0.297852 0.254678
0.29834 0.255095
0.298828 0.255511
0.299316 0.255927
0.299805 0.256343
0.300293 0.256759
0.300781 0.257175
0.30127 0.257592
0.301758 0.258008
0.302246 0.258424
0.302734 0.25884
0.303223 0.259256
0.303711 0.259672
0.304199 0.260088
0.304688 0.260504
0.305176 0.260921
0.305664 0.261337
0.306152 0.261753
0.306641 0.262169
0.307129 0.262585
0.307617 0.263001
0.308105 0.263417
0.308594 0.263833
0.309082 0.264249
0.30957 0.264665
0.310059 0.265081
0.310547 0.265497
0.311035 0.265913
0.311523 0.266329
0.312012 0.266745
0.3125 0.267161
0.312988 0.267577
0.313477 0.267993
0.313965 0.268409
0.314453 0.268825
0.314941 0.269241
0.31543 0.269657
0.315918 0.270073
0.316406 0.270489
0.316895 0.270905
0.317383 0.271321
0.317871 0.271737
0.318359 0.272152
0.318848 0.272568
0.319336 0.272984
0.319824 0.2734
0.320312 0.273816
0.320801 0.274232
0.321289 0.274648
0.321777 0.275064
0.322266 0.275479
0.322754 0.275895
0.323242 0.276311
0.32373 0.276727
0.324219 0.277143
0.324707 0.277558
0.325195 0.277974
0.325684 0.27839
0.326172 0.278806
0.32666 0.279222
0.327148 0.279637
0.327637 0.280053
0.328125 0.280469
0.328613 0.280885
0.329102 0.2813
0.32959 0.281716
0.330078 0.282132
0.330566 0.282548
0.331055 0.282963
0.331543 0.283379
0.332031 0.283795
0.33252 0.28421
0.333008 0.284626
0.333496 0.285042
0.333984 0.285457
0.334473 0.285873
0.334961 0.286289
0.335449 0.286704
0.335938 0.28712
0.336426 0.287536
0.336914 0.287951
0.337402 0.288367
0.337891 0.288782
0.338379 0.289198
0.338867 0.289614
0.339355 0.290029
0.339844 0.290445
0.340332 0.29086
0.34082 0.291276
0.341309 0.291691
0.341797 0.292107
0.342285 0.292523
0.342773 0.292938
0.343262 0.293354
0.34375 0.293769
0.344238 0.294185
0.344727 0.2946
0.345215 0.295016
0.345703 0.295431
0.346191 0.295847
0.34668 0.296262
0.347168 0.296677
0.347656 0.297093
0.348145 0.297508
0.348633 0.297924
0.349121 0.298339
0.349609 0.298755
0.350098 0.29917
0.350586 0.299585
0.351074 0.300001
0.351562 0.300416
0.352051 0.300832
0.352539 0.301247
0.353027 0.301662
0.353516 0.302078
0.354004 0.302493
0.354492 0.302908
0.35498 0.303324
0.355469 0.303739
0.355957 0.304154
0.356445 0.30457
0.356934 0.304985
0.357422 0.3054
0.35791 0.305815
0.358398 0.306231
0.358887 0.306646
0.359375 0.307061
0.359863 0.307476
0.360352 0.307892
0.36084 0.308307
0.361328 0.308722
0.361816 0.309137
0.362305 0.309552
0.362793 0.309968
0.363281 0.310383
0.36377 0.310798
0.364258 0.311213
0.364746 0.311628
0.365234 0.312043
0.365723 0.312459
0.366211 0.312874
0.366699 0.313289
0.367188 0.313704
0.367676 0.314119
0.368164 0.314534
0.368652 0.314949
0.369141 0.315364
0.369629 0.315779
0.370117 0.316194
0.370605 0.316609
0.371094 0.317025
0.371582 0.31744
0.37207 0.317855
0.372559 0.31827
0.373047 0.318685
0.373535 0.3191
0.374023 0.319515
0.374512 0.31993
0.375 0.320345
0.375488 0.32076
0.375977 0.321174
0.376465 0.321589
0.376953 0.322004
0.377441 0.322419
0.37793 0.322834
0.378418 0.323249
0.378906 0.323664
0.379395 0.324079
0.379883 0.324494
0.380371 0.324909
0.380859 0.325324
0.381348 0.325738
0.381836 0.326153
0.382324 0.326568
0.382812 0.326983
0.383301 0.327398
0.383789 0.327813
0.384277 0.328227
0.384766 0.328642
0.385254 0.329057
0.385742 0.329472
0.38623 0.329886
0.386719 0.330301
0.387207 0.330716
0.387695 0.331131
0.388184 0.331545
0.388672 0.33196
0.38916 0.332375
0.389648 0.33279
0.390137 0.333204
0.390625 0.333619
0.391113 0.334034
0.391602 0.334448
0.39209 0.334863
0.392578 0.335278
0.393066 0.335692
0.393555 0.336107
0.394043 0.336521
0.394531 0.336936
0.39502 0.337351
0.395508 0.337765
0.395996 0.33818
0.396484 0.338594
0.396973 0.339009
0.397461 0.339423
0.397949 0.339838
0.398438 0.340252
0.398926 0.340667
0.399414 0.341082
0.399902 0.341496
0.400391 0.341911
0.400879 0.342325
0.401367 0.342739
0.401855 0.343154
0.402344 0.343568
0.402832 0.343983
0.40332 0.344397
0.403809 0.344812
0.404297 0.345226
0.404785 0.34564
0.405273 0.346055
0.405762 0.346469
0.40625 0.346884
0.406738 0.347298
0.407227 0.347712
0.407715 0.348127
0.408203 0.348541
0.408691 0.348955
0.40918 0.34937
0.409668 0.349784
0.410156 0.350198
0.410645 0.350613
0.411133 0.351027
0.411621 0.351441
0.412109 0.351855
0.412598 0.35227
0.413086 0.352684
0.413574 0.353098
0.414062 0.353512
0.414551 0.353926
0.415039 0.354341
0.415527 0.354755
0.416016 0.355169
0.416504 0.355583
0.416992 0.355997
0.41748 0.356411
0.417969 0.356826
0.418457 0.35724
0.418945 0.357654
0.419434 0.358068
0.419922 0.358482
0.42041 0.358896
0.420898 0.35931
0.421387 0.359724
0.421875 0.360138
0.422363 0.360552
0.422852 0.360966
0.42334 0.36138
0.423828 0.361794
0.424316 0.362208
0.424805 0.362622
0.425293 0.363036
0.425781 0.36345
0.42627 0.363864
0.426758 0.364278
0.427246 0.364692
0.427734 0.365106
0.428223 0.36552
0.428711 0.365934
0.429199 0.366348
0.429688 0.366762
0.430176 0.367176
0.430664 0.367589
0.431152 0.368003
0.431641 0.368417
0.432129 0.368831
0.432617 0.369245
0.433105 0.369659
0.433594 0.370072
0.434082 0.370486
0.43457 0.3709
0.435059 0.371314
0.435547 0.371727
0.436035 0.372141
0.436523 0.372555
0.437012 0.372969
0.4375 0.373382
0.437988 0.373796
0.438477 0.37421
0.438965 0.374623
0.439453 0.375037
0.439941 0.375451
0.44043 0.375864
0.440918 0.376278
0.441406 0.376692
0.441895 0.377105
0.442383 0.377519
0.442871 0.377932
0.443359 0.378346
0.443848 0.37876
0.444336 0.379173
0.444824 0.379587
0.445312 0.38
0.445801 0.380414
0.446289 0.380827
0.446777 0.381241
0.447266 0.381654
0.447754 0.382068
0.448242 0.382481
0.44873 0.382895
0.449219 0.383308
0.449707 0.383721
0.450195 0.384135
0.450684 0.384548
0.451172 0.384962
0.45166 0.385375
0.452148 0.385788
0.452637 0.386202
0.453125 0.386615
0.453613 0.387028
0.454102 0.387442
0.45459 0.387855
0.455078 0.388268
0.455566 0.388682
0.456055 0.389095
0.456543 0.389508
0.457031 0.389922
0.45752 0.390335
0.458008 0.390748
0.458496 0.391161
0.458984 0.391574
0.459473 0.391988
0.459961 0.392401
0.460449 0.392814
0.460938 0.393227
0.461426 0.39364
0.461914 0.394053
0.462402 0.394467
0.462891 0.39488
0.463379 0.395293
0.463867 0.395706
0.464355 0.396119
0.464844 0.396532
0.465332 0.396945
0.46582 0.397358
0.466309 0.397771
0.466797 0.398184
0.467285 0.398597
0.467773 0.39901
0.468262 0.399423
0.46875 0.399836
0.469238 0.400249
0.469727 0.400662
0.470215 0.401075
0.470703 0.401488
0.471191 0.401901
0.47168 0.402314
0.472168 0.402727
0.472656 0.40314
0.473145 0.403552
0.473633 0.403965
0.474121 0.404378
0.474609 0.404791
0.475098 0.405204
0.475586 0.405617
0.476074 0.406029
0.476562 0.406442
0.477051 0.406855
0.477539 0.407268
0.478027 0.40768
0.478516 0.408093
0.479004 0.408506
0.479492 0.408919
0.47998 0.409331
0.480469 0.409744
0.480957 0.410157
0.481445 0.410569
0.481934 0.410982
0.482422 0.411395
0.48291 0.411807
0.483398 0.41222
0.483887 0.412632
0.484375 0.413045
0.484863 0.413457
0.485352 0.41387
0.48584 0.414283
0.486328 0.414695
0.486816 0.415108
0.487305 0.41552
0.487793 0.415933
0.488281 0.416345
0.48877 0.416757
0.489258 0.41717
0.489746 0.417582
0.490234 0.417994
0.490723 0.418406
0.491211 0.418816
0.491699 0.419225
0.492188 0.419631
0.492676 0.42003
0.493164 0.420417
0.493652 0.420777
0.494141 0.421084
0.494629 0.421288
0.495117 0.421285
0.495605 0.42087
0.496094 0.419635
0.496582 0.416778
0.49707 0.410737
0.497559 0.398549
0.498047 0.374868
0.498535 0.331024
0.499023 0.255905
0.499512 0.14245
0.5 2.22639e-14
0.500488 -0.14245
0.500977 -0.255905
0.501465 -0.331024
0.501953 -0.374868
0.502441 -0.398549
0.50293 -0.410737
0.503418 -0.416778
0.503906 -0.419635
0.504395 -0.42087
0.504883 -0.421285
0.505371 -0.421288
0.505859 -0.421084
0.506348 -0.420777
0.506836 -0.420417
0.507324 -0.42003
0.507812 -0.419631
0.508301 -0.419225
0.508789 -0.418816
0.509277 -0.418406
0.509766 -0.417994
0.510254 -0.417582
0.510742 -0.41717
0.51123 -0.416757
0.511719 -0.416345
0.512207 -0.415933
0.512695 -0.41552
0.513184 -0.415108
0.513672 -0.414695
0.51416 -0.414283
0.514648 -0.41387
0.515137 -0.413457
0.515625 -0.413045
0.516113 -0.412632
0.516602 -0.41222
0.51709 -0.411807
0.517578 -0.411395
0.518066 -0.410982
0.518555 -0.410569
0.519043 -0.410157
0.519531 -0.409744
0.52002 -0.409331
0.520508 -0.408919
0.520996 -0.408506
0.521484 -0.408093
0.521973 -0.40768
0.522461 -0.407268
0.522949 -0.406855
0.523438 -0.406442
0.523926 -0.406029
0.524414 -0.405617
0.524902 -0.405204
0.525391 -0.404791
0.525879 -0.404378
0.526367 -0.403965
0.526855 -0.403552
0.527344 -0.40314
0.527832 -0.402727
0.52832 -0.402314
0.528809 -0.401901
0.529297 -0.401488
0.529785 -0.401075
0.530273 -0.400662
0.530762 -0.400249
0.53125 -0.399836
0.531738 -0.399423
0.532227 -0.39901
0.532715 -0.398597
0.533203 -0.398184
0.533691 -0.397771
0.53418 -0.397358
0.534668 -0.396945
0.535156 -0.396532
0.535645 -0.396119
0.536133 -0.395706
0.536621 -0.395293
0.537109 -0.39488
0.537598 -0.394467
0.538086 -0.394053
0.538574 -0.39364
0.539062 -0.393227
0.539551 -0.392814
0.540039 -0.392401
0.540527 -0.391988
0.541016 -0.391574
0.541504 -0.391161
0.541992 -0.390748
0.54248 -0.390335
0.542969 -0.389922
0.543457 -0.389508
0.543945 -0.389095
0.544434 -0.388682
0.544922 -0.388268
0.54541 -0.387855
0.545898 -0.387442
0.546387 -0.387028
0.546875 -0.386615
0.547363 -0.386202
0.547852 -0.385788
0.54834 -0.385375
0.548828 -0.384962
0.549316 -0.384548
0.549805 -0.384135
0.550293 -0.383721
0.550781 -0.383308
0.55127 -0.382895
0.551758 -0.382481
0.552246 -0.382068
0.552734 -0.381654
0.553223 -0.381241
0.553711 -0.380827
0.554199 -0.380414
0.554688 -0.38
0.555176 -0.379587
0.555664 -0.379173
0.556152 -0.37876
0.556641 -0.378346
0.557129 -0.377932
0.557617 -0.377519
0.558105 -0.377105
0.558594 -0.376692
0.559082 -0.376278
0.55957 -0.375864
0.560059 -0.375451
0.560547 -0.375037
0.561035 -0.374623
0.561523 -0.37421
0.562012 -0.373796
0.5625 -0.373382
0.562988 -0.372969
0.563477 -0.372555
0.563965 -0.372141
0.564453 -0.371727
0.564941 -0.371314
0.56543 -0.3709
0.565918 -0.370486
0.566406 -0.370072
0.566895 -0.369659
0.567383 -0.369245
0.567871 -0.368831
0.568359 -0.368417
0.568848 -0.368003
0.569336 -0.367589
0.569824 -0.367176
0.570312 -0.366762
0.570801 -0.366348
0.571289 -0.365934
0.571777 -0.36552
0.572266 -0.365106
0.572754 -0.364692
0.573242 -0.364278
0.57373 -0.363864
0.574219 -0.36345
0.574707 -0.363036
0.575195 -0.362622
0.575684 -0.362208
0.576172 -0.361794
0.57666 -0.36138
0.577148 -0.360966
0.577637 -0.360552
0.578125 -0.360138
0.578613 -0.359724
0.579102 -0.35931
0.57959 -0.358896
0.580078 -0.358482
0.580566 -0.358068
0.581055 -0.357654
0.581543 -0.35724
0.582031 -0.356826
0.58252 -0.356411
0.583008 -0.355997
0.583496 -0.355583
0.583984 -0.355169
0.584473 -0.354755
0.584961 -0.354341
0.585449 -0.353926
0.585938 -0.353512
0.586426 -0.353098
0.586914 -0.352684
0.587402 -0.35227
0.587891 -0.351855
0.588379 -0.351441
0.588867 -0.351027
0.589355 -0.350613
0.589844 -0.350198
0.590332 -0.349784
0.59082 -0.34937
0.591309 -0.348955
0.591797 -0.348541
0.592285 -0.348127
0.592773 -0.347712
0.593262 -0.347298
0.59375 -0.346884
0.594238 -0.346469
0.594727 -0.346055
0.595215 -0.34564
0.595703 -0.345226
0.596191 -0.344812
0.59668 -0.344397
0.597168 -0.343983
0.597656 -0.343568
0.598145 -0.343154
0.598633 -0.342739
0.599121 -0.342325
0.599609 -0.341911
0.600098 -0.341496
0.600586 -0.341082
0.601074 -0.340667
0.601562 -0.340252
0.602051 -0.339838
0.602539 -0.339423
0.603027 -0.339009
0.603516 -0.338594
0.604004 -0.33818
0.604492 -0.337765
0.60498 -0.337351
0.605469 -0.336936
0.605957 -0.336521
0.606445 -0.336107
0.606934 -0.335692
0.607422 -0.335278
0.60791 -0.334863
0.608398 -0.334448
0.608887 -0.334034
0.609375 -0.333619
0.609863 -0.333204
0.610352 -0.33279
0.61084 -0.332375
0.611328 -0.33196
0.611816 -0.331545
0.612305 -0.331131
0.612793 -0.330716
0.613281 -0.330301
0.61377 -0.329886
0.614258 -0.329472
0.614746 -0.329057
0.615234 -0.328642
0.615723 -0.328227
0.616211 -0.327813
0.616699 -0.327398
0.617188 -0.326983
0.617676 -0.326568
0.618164 -0.326153
0.618652 -0.325738
0.619141 -0.325324
0.619629 -0.324909
0.620117 -0.324494
0.620605 -0.324079
0.621094 -0.323664
0.621582 -0.323249
0.62207 -0.322834
0.622559 -0.322419
0.623047 -0.322004
0.623535 -0.321589
0.624023 -0.321174
0.624512 -0.32076
0.625 -0.320345
0.625488 -0.31993
0.625977 -0.319515
0.626465 -0.3191
0.626953 -0.318685
0.627441 -0.31827
0.62793 -0.317855
0.628418 -0.31744
0.628906 -0.317025
0.629395 -0.316609
0.629883 -0.316194
0.630371 -0.315779
0.630859 -0.315364
0.631348 -0.314949
0.631836 -0.314534
0.632324 -0.314119
0.632812 -0.313704
0.633301 -0.313289
0.633789 -0.312874
0.634277 -0.312459
0.634766 -0.312043
0.635254 -0.311628
0.635742 -0.311213
0.63623 -0.310798
0.636719 -0.310383
0.637207 -0.309968
0.637695 -0.309552
0.638184 -0.309137
0.638672 -0.308722
0.63916 -0.308307
0.639648 -0.307892
0.640137 -0.307476
0.640625 -0.307061
0.641113 -0.306646
0.641602 -0.306231
0.64209 -0.305815
0.642578 -0.3054
0.643066 -0.304985
0.643555 -0.30457
0.644043 -0.304154
0.644531 -0.303739
0.64502 -0.303324
0.645508 -0.302908
0.645996 -0.302493
0.646484 -0.302078
0.646973 -0.301662
0.647461 -0.301247
0.647949 -0.300832
0.648438 -0.300416
0.648926 -0.300001
0.649414 -0.299585
0.649902 -0.29917
0.650391 -0.298755
0.650879 -0.298339
0.651367 -0.297924
0.651855 -0.297508
0.652344 -0.297093
0.652832 -0.296677
0.65332 -0.296262
0.653809 -0.295847
0.654297 -0.295431
0.654785 -0.295016
0.655273 -0.2946
0.655762 -0.294185
0.65625 -0.293769
0.656738 -0.293354
0.657227 -0.292938
0.657715 -0.292523
0.658203 -0.292107
0.658691 -0.291691
0.65918 -0.291276
0.659668 -0.29086
0.660156 -0.290445
0.660645 -0.290029
0.661133 -0.289614
0.661621 -0.289198
0.662109 -0.288782
0.662598 -0.288367
0.663086 -0.287951
0.663574 -0.287536
0.664062 -0.28712
0.664551 -0.286704
0.665039 -0.286289
0.665527 -0.285873
0.666016 -0.285457
0.666504 -0.285042
0.666992 -0.284626
0.66748 -0.28421
0.667969 -0.283795
0.668457 -0.283379
0.668945 -0.282963
0.669434 -0.282548
0.669922 -0.282132
0.67041 -0.281716
0.670898 -0.2813
0.671387 -0.280885
0.671875 -0.280469
0.672363 -0.280053
0.672852 -0.279637
0.67334 -0.279222
0.673828 -0.278806
0.674316 -0.27839
0.674805 -0.277974
0.675293 -0.277558
0.675781 -0.277143
0.67627 -0.276727
0.676758 -0.276311
0.677246 -0.275895
0.677734 -0.275479
0.678223 -0.275064
0.678711 -0.274648
0.679199 -0.274232
0.679688 -0.273816
0.680176 -0.2734
0.680664 -0.272984
0.681152 -0.272568
0.681641 -0.272152
0.682129 -0.271737
0.682617 -0.271321
0.683105 -0.270905
0.683594 -0.270489
0.684082 -0.270073
0.68457 -0.269657
0.685059 -0.269241
0.685547 -0.268825
0.686035 -0.268409
0.686523 -0.267993
0.687012 -0.267577
0.6875 -0.267161
0.687988 -0.266745
0.688477 -0.266329
0.688965 -0.265913
0.689453 -0.265497
0.689941 -0.265081
0.69043 -0.264665
0.690918 -0.264249
0.691406 -0.263833
0.691895 -0.263417
0.692383 -0.263001
0.692871 -0.262585
0.693359 -0.262169
0.693848 -0.261753
0.694336 -0.261337
0.694824 -0.260921
0.695312 -0.260504
0.695801 -0.260088
0.696289 -0.259672
0.696777 -0.259256
0.697266 -0.25884
0.697754 -0.258424
0.698242 -0.258008
0.69873 -0.257592
0.699219 -0.257175
0.699707 -0.256759
0.700195 -0.256343
0.700684 -0.255927
0.701172 -0.255511
0.70166 -0.255095
0.702148 -0.254678
0.702637 -0.254262
0.703125 -0.253846
0.703613 -0.25343
0.704102 -0.253014
0.70459 -0.252597
0.705078 -0.252181
0.705566 -0.251765
0.706055 -0.251349
0.706543 -0.250932
0.707031 -0.250516
0.70752 -0.2501
0.708008 -0.249684
0.708496 -0.249267
0.708984 -0.248851
0.709473 -0.248435
0.709961 -0.248018
0.710449 -0.247602
0.710938 -0.247186
0.711426 -0.24677
0.711914 -0.246353
0.712402 -0.245937
0.712891 -0.245521
0.713379 -0.245104
0.713867 -0.244688
0.714355 -0.244272
0.714844 -0.243855
0.715332 -0.243439
0.71582 -0.243022
0.716309 -0.242606
0.716797 -0.24219
0.717285 -0.241773
0.717773 -0.241357
0.718262 -0.24094
0.71875 -0.240524
0.719238 -0.240108
0.719727 -0.239691
0.720215 -0.239275
0.720703 -0.238858
0.721191 -0.238442
0.72168 -0.238025
0.722168 -0.237609
0.722656 -0.237193
0.723145 -0.236776
0.723633 -0.23636
0.724121 -0.235943
0.724609 -0.235527
0.725098 -0.23511
0.725586 -0.234694
0.726074 -0.234277
0.726562 -0.233861
0.727051 -0.233444
0.727539 -0.233028
0.728027 -0.232611
0.728516 -0.232195
0.729004 -0.231778
0.729492 -0.231362
0.72998 -0.230945
0.730469 -0.230528
0.730957 -0.230112
0.731445 -0.229695
0.731934 -0.229279
0.732422 -0.228862
0.73291 -0.228446
0.733398 -0.228029
0.733887 -0.227612
0.734375 -0.227196
0.734863 -0.226779
0.735352 -0.226363
0.73584 -0.225946
0.736328 -0.225529
0.736816 -0.225113
0.737305 -0.224696
0.737793 -0.224279
0.738281 -0.223863
0.73877 -0.223446
0.739258 -0.223029
0.739746 -0.222613
0.740234 -0.222196
0.740723 -0.221779
0.741211 -0.221363
0.741699 -0.220946
0.742188 -0.220529
0.742676 -0.220113
0.743164 -0.219696
0.743652 -0.219279
0.744141 -0.218862
0.744629 -0.218446
0.745117 -0.218029
0.745605 -0.217612
0.746094 -0.217196
0.746582 -0.216779
0.74707 -0.216362
0.747559 -0.215945
0.748047 -0.215529
0.748535 -0.215112
0.749023 -0.214695
0.749512 -0.214278
0.75 -0.213861
0.750488 -0.213445
0.750977 -0.213028
0.751465 -0.212611
0.751953 -0.212194
0.752441 -0.211777
0.75293 -0.211361
0.753418 -0.210944
0.753906 -0.210527
0.754395 -0.21011
0.754883 -0.209693
0.755371 -0.209276
0.755859 -0.20886
0.756348 -0.208443
0.756836 -0.208026
0.757324 -0.207609
0.757812 -0.207192
0.758301 -0.206775
0.758789 -0.206358
0.759277 -0.205942
0.759766 -0.205525
0.760254 -0.205108
0.760742 -0.204691
0.76123 -0.204274
0.761719 -0.203857
0.762207 -0.20344
0.762695 -0.203023
0.763184 -0.202606
0.763672 -0.202189
0.76416 -0.201772
0.764648 -0.201355
0.765137 -0.200939
0.765625 -0.200522
0.766113 -0.200105
0.766602 -0.199688
0.76709 -0.199271
0.767578 -0.198854
0.768066 -0.198437
0.768555 -0.19802
0.769043 -0.197603
0.769531 -0.197186
0.77002 -0.196769
0.770508 -0.196352
0.770996 -0.195935
0.771484 -0.195518
0.771973 -0.195101
0.772461 -0.194684
0.772949 -0.194267
0.773438 -0.19385
0.773926 -0.193433
0.774414 -0.193016
0.774902 -0.192599
0.775391 -0.192182
0.775879 -0.191764
0.776367 -0.191347
0.776855 -0.19093
0.777344 -0.190513
0.777832 -0.190096
0.77832 -0.189679
0.778809 -0.189262
0.779297 -0.188845
0.779785 -0.188428
0.780273 -0.188011
0.780762 -0.187594
0.78125 -0.187177
0.781738 -0.186759
0.782227 -0.186342
0.782715 -0.185925
0.783203 -0.185508
0.783691 -0.185091
0.78418 -0.184674
0.784668 -0.184257
0.785156 -0.18384
0.785645 -0.183422
0.786133 -0.183005
0.786621 -0.182588
0.787109 -0.182171
0.787598 -0.181754
0.788086 -0.181337
0.788574 -0.180919
0.789062 -0.180502
0.789551 -0.180085
0.790039 -0.179668
0.790527 -0.179251
0.791016 -0.178833
0.791504 -0.178416
0.791992 -0.177999
0.79248 -0.177582
0.792969 -0.177165
0.793457 -0.176747
0.793945 -0.17633
0.794434 -0.175913
0.794922 -0.175496
0.79541 -0.175079
0.795898 -0.174661
0.796387 -0.174244
0.796875 -0.173827
0.797363 -0.17341
0.797852 -0.172992
0.79834 -0.172575
0.798828 -0.172158
0.799316 -0.171741
0.799805 -0.171323
0.800293 -0.170906
0.800781 -0.170489
0.80127 -0.170071
0.801758 -0.169654
0.802246 -0.169237
0.802734 -0.16882
0.803223 -0.168402
0.803711 -0.167985
0.804199 -0.167568
0.804688 -0.16715
0.805176 -0.166733
0.805664 -0.166316
0.806152 -0.165898
0.806641 -0.165481
0.807129 -0.165064
0.807617 -0.164646
0.808105 -0.164229
0.808594 -0.163812
0.809082 -0.163394
0.80957 -0.162977
0.810059 -0.16256
0.810547 -0.162142
0.811035 -0.161725
0.811523 -0.161308
0.812012 -0.16089
0.8125 -0.160473
0.812988 -0.160056
0.813477 -0.159638
0.813965 -0.159221
0.814453 -0.158803
0.814941 -0.158386
0.81543 -0.157969
0.815918 -0.157551
0.816406 -0.157134
0.816895 -0.156716
0.817383 -0.156299
0.817871 -0.155882
0.818359 -0.155464
0.818848 -0.155047
0.819336 -0.154629
0.819824 -0.154212
0.820312 -0.153795
0.820801 -0.153377
0.821289 -0.15296
0.821777 -0.152542
0.822266 -0.152125
0.822754 -0.151707
0.823242 -0.15129
0.82373 -0.150873
0.824219 -0.150455
0.824707 -0.150038
0.825195 -0.14962
0.825684 -0.149203
0.826172 -0.148785
0.82666 -0.148368
0.827148 -0.14795
0.827637 -0.147533
0.828125 -0.147115
0.828613 -0.146698
0.829102 -0.14628
0.82959 -0.145863
0.830078 -0.145445
0.830566 -0.145028
0.831055 -0.14461
0.831543 -0.144193
0.832031 -0.143776
0.83252 -0.143358
0.833008 -0.142941
0.833496 -0.142523
0.833984 -0.142106
0.834473 -0.141688
0.834961 -0.14127
0.835449 -0.140853
0.835938 -0.140435
0.836426 -0.140018
0.836914 -0.1396
0.837402 -0.139183
0.837891 -0.138765
0.838379 -0.138348
0.838867 -0.13793
0.839355 -0.137513
0.839844 -0.137095
0.840332 -0.136678
0.84082 -0.13626
0.841309 -0.135843
0.841797 -0.135425
0.842285 -0.135008
0.842773 -0.13459
0.843262 -0.134172
0.84375 -0.133755
0.844238 -0.133337
0.844727 -0.13292
0.845215 -0.132502
0.845703 -0.132085
0.846191 -0.131667
0.84668 -0.13125
0.847168 -0.130832
0.847656 -0.130414
0.848145 -0.129997
0.848633 -0.129579
0.849121 -0.129162
0.849609 -0.128744
0.850098 -0.128327
0.850586 -0.127909
0.851074 -0.127491
0.851562 -0.127074
0.852051 -0.126656
0.852539 -0.126239
0.853027 -0.125821
0.853516 -0.125404
0.854004 -0.124986
0.854492 -0.124568
0.85498 -0.124151
0.855469 -0.123733
0.855957 -0.123316
0.856445 -0.122898
0.856934 -0.12248
0.857422 -0.122063
0.85791 -0.121645
0.858398 -0.121228
0.858887 -0.12081
0.859375 -0.120392
0.859863 -0.119975
0.860352 -0.119557
0.86084 -0.11914
0.861328 -0.118722
0.861816 -0.118304
0.862305 -0.117887
0.862793 -0.117469
0.863281 -0.117052
0.86377 -0.116634
0.864258 -0.116216
0.864746 -0.115799
0.865234 -0.115381
0.865723 -0.114964
0.866211 -0.114546
0.866699 -0.114128
0.867188 -0.113711
0.867676 -0.113293
0.868164 -0.112876
0.868652 -0.112458
0.869141 -0.11204
0.869629 -0.111623
0.870117 -0.111205
0.870605 -0.110788
0.871094 -0.11037
0.871582 -0.109952
0.87207 -0.109535
0.872559 -0.109117
0.873047 -0.108699
0.873535 -0.108282
0.874023 -0.107864
0.874512 -0.107447
0.875 -0.107029
0.875488 -0.106611
0.875977 -0.106194
0.876465 -0.105776
0.876953 -0.105359
0.877441 -0.104941
0.87793 -0.104523
0.878418 -0.104106
0.878906 -0.103688
0.879395 -0.103271
0.879883 -0.102853
0.880371 -0.102435
0.880859 -0.102018
0.881348 -0.1016
0.881836 -0.101183
0.882324 -0.100765
0.882812 -0.100347
0.883301 -0.0999297
0.883789 -0.0995121
0.884277 -0.0990945
0.884766 -0.0986769
0.885254 -0.0982593
0.885742 -0.0978417
0.88623 -0.0974241
0.886719 -0.0970066
0.887207 -0.096589
0.887695 -0.0961714
0.888184 -0.0957538
0.888672 -0.0953362
0.88916 -0.0949186
0.889648 -0.094501
0.890137 -0.0940834
0.890625 -0.0936659
0.891113 -0.0932483
0.891602 -0.0928307
0.89209 -0.0924131
0.892578 -0.0919955
0.893066 -0.091578
0.893555 -0.0911604
0.894043 -0.0907428
0.894531 -0.0903252
0.89502 -0.0899077
0.895508 -0.0894901
0.895996 -0.0890726
0.896484 -0.088655
0.896973 -0.0882374
0.897461 -0.0878199
0.897949 -0.0874023
0.898438 -0.0869848
0.898926 -0.0865672
0.899414 -0.0861497
0.899902 -0.0857321
0.900391 -0.0853146
0.900879 -0.084897
0.901367 -0.0844795
0.901855 -0.084062
0.902344 -0.0836444
0.902832 -0.0832269
0.90332 -0.0828094
0.903809 -0.0823918
0.904297 -0.0819743
0.904785 -0.0815568
0.905273 -0.0811393
0.905762 -0.0807217
0.90625 -0.0803042
0.906738 -0.0798867
0.907227 -0.0794692
0.907715 -0.0790517
0.908203 -0.0786342
0.908691 -0.0782167
0.90918 -0.0777992
0.909668 -0.0773817
0.910156 -0.0769642
0.910645 -0.0765467
0.911133 -0.0761292
0.911621 -0.0757118
0.912109 -0.0752943
0.912598 -0.0748768
0.913086 -0.0744593
0.913574 -0.0740419
0.914062 -0.0736244
0.914551 -0.0732069
0.915039 -0.0727895
0.915527 -0.072372
0.916016 -0.0719546
0.916504 -0.0715371
0.916992 -0.0711197
0.91748 -0.0707022
0.917969 -0.0702848
0.918457 -0.0698674
0.918945 -0.0694499
0.919434 -0.0690325
0.919922 -0.0686151
0.92041 -0.0681977
0.920898 -0.0677802
0.921387 -0.0673628
0.921875 -0.0669454
0.922363 -0.066528
0.922852 -0.0661106
0.92334 -0.0656932
0.923828 -0.0652758
0.924316 -0.0648584
0.924805 -0.064441
0.925293 -0.0640237
0.925781 -0.0636063
0.92627 -0.0631889
0.926758 -0.0627715
0.927246 -0.0623542
0.927734 -0.0619368
0.928223 -0.0615194
0.928711 -0.0611021
0.929199 -0.0606847
0.929688 -0.0602674
0.930176 -0.05985
0.930664 -0.0594327
0.931152 -0.0590154
0.931641 -0.058598
0.932129 -0.0581807
0.932617 -0.0577634
0.933105 -0.0573461
0.933594 -0.0569288
0.934082 -0.0565114
0.93457 -0.0560941
0.935059 -0.0556768
0.935547 -0.0552595
0.936035 -0.0548423
0.936523 -0.054425
0.937012 -0.0540077
0.9375 -0.0535904
0.937988 -0.0531731
0.938477 -0.0527558
0.938965 -0.0523386
0.939453 -0.0519213
0.939941 -0.0515041
0.94043 -0.0510868
0.940918 -0.0506696
0.941406 -0.0502523
0.941895 -0.0498351
0.942383 -0.0494178
0.942871 -0.0490006
0.943359 -0.0485834
0.943848 -0.0481661
0.944336 -0.0477489
0.944824 -0.0473317
0.945312 -0.0469145
0.945801 -0.0464973
0.946289 -0.0460801
0.946777 -0.0456629
0.947266 -0.0452457
0.947754 -0.0448285
0.948242 -0.0444113
0.94873 -0.0439941
0.949219 -0.043577
0.949707 -0.0431598
0.950195 -0.0427426
0.950684 -0.0423254
0.951172 -0.0419083
0.95166 -0.0414911
0.952148 -0.041074
0.952637 -0.0406568
0.953125 -0.0402397
0.953613 -0.0398225
0.954102 -0.0394054
0.95459 -0.0389883
0.955078 -0.0385711
0.955566 -0.038154
0.956055 -0.0377369
0.956543 -0.0373198
0.957031 -0.0369027
0.95752 -0.0364856
0.958008 -0.0360685
0.958496 -0.0356514
0.958984 -0.0352343
0.959473 -0.0348172
0.959961 -0.0344001
0.960449 -0.033983
0.960938 -0.0335659
0.961426 -0.0331488
0.961914 -0.0327318
0.962402 -0.0323147
0.962891 -0.0318976
0.963379 -0.0314806
0.963867 -0.0310635
0.964355 -0.0306465
0.964844 -0.0302294
0.965332 -0.0298124
0.96582 -0.0293953
0.966309 -0.0289783
0.966797 -0.0285612
0.967285 -0.0281442
0.967773 -0.0277272
0.968262 -0.0273101
0.96875 -0.0268931
0.969238 -0.0264761
0.969727 -0.0260591
0.970215 -0.0256421
0.970703 -0.0252251
0.971191 -0.0248081
0.97168 -0.024391
0.972168 -0.023974
0.972656 -0.023557
0.973145 -0.0231401
0.973633 -0.0227231
0.974121 -0.0223061
0.974609 -0.0218891
0.975098 -0.0214721
0.975586 -0.0210551
0.976074 -0.0206381
0.976562 -0.0202212
0.977051 -0.0198042
0.977539 -0.0193872
0.978027 -0.0189702
0.978516 -0.0185533
0.979004 -0.0181363
0.979492 -0.0177194
0.97998 -0.0173024
0.980469 -0.0168854
0.980957 -0.0164685
0.981445 -0.0160515
0.981934 -0.0156346
0.982422 -0.0152176
0.98291 -0.0148007
0.983398 -0.0143837
0.983887 -0.0139668
0.984375 -0.0135499
0.984863 -0.0131329
0.985352 -0.012716
0.98584 -0.0122991
0.986328 -0.0118821
0.986816 -0.0114652
0.987305 -0.0110483
0.987793 -0.0106313
0.988281 -0.0102144
0.98877 -0.00979748
0.989258 -0.00938056
0.989746 -0.00896364
0.990234 -0.00854671
0.990723 -0.00812979
0.991211 -0.00771287
0.991699 -0.00729596
0.992188 -0.00687904
0.992676 -0.00646212
0.993164 -0.00604521
0.993652 -0.00562829
0.994141 -0.00521138
0.994629 -0.00479447
0.995117 -0.00437755
0.995605 -0.00396064
0.996094 -0.00354373
0.996582 -0.00312682
0.99707 -0.00270991
0.997559 -0.002293
0.998047 -0.00187609
0.998535 -0.00145918
0.999023 -0.00104227
0.999512 -0.000625363
1 -0.000208454
