0 0.000334668
0.000488281 0.001004
0.000976562 0.00167334
0.00146484 0.00234268
0.00195312 0.00301202
0.00244141 0.00368136
0.00292969 0.0043507
0.00341797 0.00502005
0.00390625 0.0056894
0.00439453 0.00635875
0.00488281 0.00702811
0.00537109 0.00769747
0.00585938 0.00836684
0.00634766 0.00903622
0.00683594 0.0097056
0.00732422 0.010375
0.0078125 0.0110444
0.00830078 0.0117138
0.00878906 0.0123832
0.00927734 0.0130526
0.00976562 0.013722
0.0102539 0.0143915
0.0107422 0.0150609
0.0112305 0.0157304
0.0117188 0.0163998
0.012207 0.0170693
0.0126953 0.0177388
0.0131836 0.0184083
0.0136719 0.0190778
0.0141602 0.0197473
0.0146484 0.0204169
0.0151367 0.0210864
0.015625 0.021756
0.0161133 0.0224256
0.0166016 0.0230951
0.0170898 0.0237647
0.0175781 0.0244344
0.0180664 0.025104
0.0185547 0.0257737
0.019043 0.0264433
0.0195312 0.027113
0.0200195 0.0277827
0.0205078 0.0284524
0.0209961 0.0291221
0.0214844 0.0297919
0.0219727 0.0304617
0.0224609 0.0311314
0.0229492 0.0318012
0.0234375 0.0324711
0.0239258 0.0331409
0.0244141 0.0338107
0.0249023 0.0344806
0.0253906 0.0351505
0.0258789 0.0358204
0.0263672 0.0364903
0.0268555 0.0371603
0.0273438 0.0378303
0.027832 0.0385003
0.0283203 0.0391703
0.0288086 0.0398403
0.0292969 0.0405103
0.0297852 0.0411804
0.0302734 0.0418505
0.0307617 0.0425206
0.03125 0.0431907
0.0317383 0.0438609
0.0322266 0.044531
0.0327148 0.0452012
0.0332031 0.0458714
0.0336914 0.0465417
0.0341797 0.0472119
0.034668 0.0478822
0.0351562 0.0485525
0.0356445 0.0492228
0.0361328 0.0498931
0.0366211 0.0505635
0.0371094 0.0512338
0.0375977 0.0519042
0.0380859 0.0525747
0.0385742 0.0532451
0.0390625 0.0539155
0.0395508 0.054586
0.0400391 0.0552565
0.0405273 0.055927
0.0410156 0.0565976
0.0415039 0.0572681
0.0419922 0.0579387
0.0424805 0.0586093
0.0429688 0.0592799
0.043457 0.0599505
0.0439453 0.0606212
0.0444336 0.0612919
0.0449219 0.0619625
0.0454102 0.0626332
0.0458984 0.063304
0.0463867 0.0639747
0.046875 0.0646455
0.0473633 0.0653163
0.0478516 0.0659871
0.0483398 0.0666579
0.0488281 0.0673287
0.0493164 0.0679996
0.0498047 0.0686704
0.050293 0.0693413
0.0507812 0.0700122
0.0512695 0.0706831
0.0517578 0.0713541
0.0522461 0.072025
0.0527344 0.072696
0.0532227 0.073367
0.0537109 0.074038
0.0541992 0.074709
0.0546875 0.07538
0.0551758 0.076051
0.0556641 0.0767221
0.0561523 0.0773932
0.0566406 0.0780643
0.0571289 0.0787353
0.0576172 0.0794065
0.0581055 0.0800776
0.0585938 0.0807487
0.059082 0.0814199
0.0595703 0.082091
0.0600586 0.0827622
0.0605469 0.0834334
0.0610352 0.0841045
0.0615234 0.0847758
0.0620117 0.085447
0.0625 0.0861182
0.0629883 0.0867894
0.0634766 0.0874607
0.0639648 0.0881319
0.0644531 0.0888032
0.0649414 0.0894744
0.0654297 0.0901457
0.065918 0.090817
0.0664062 0.0914883
0.0668945 0.0921596
0.0673828 0.0928309
0.0678711 0.0935022
0.0683594 0.0941735
0.0688477 0.0948449
0.0693359 0.0955162
0.0698242 0.0961875
0.0703125 0.0968589
0.0708008 0.0975302
0.0712891 0.0982016
0.0717773 0.0988729
0.0722656 0.0995443
0.0727539 0.100216
0.0732422 0.100887
0.0737305 0.101558
0.0742188 0.10223
0.074707 0.102901
0.0751953 0.103573
0.0756836 0.104244
0.0761719 0.104915
0.0766602 0.105587
0.0771484 0.106258
0.0776367 0.106929
0.078125 0.107601
0.0786133 0.108272
0.0791016 0.108944
0.0795898 0.109615
0.0800781 0.110286
0.0805664 0.110958
0.0810547 0.111629
0.081543 0.112301
0.0820312 0.112972
0.0825195 0.113643
0.0830078 0.114315
0.0834961 0.114986
0.0839844 0.115657
0.0844727 0.116329
0.0849609 0.117
0.0854492 0.117672
0.0859375 0.118343
0.0864258 0.119014
0.0869141 0.119686
0.0874023 0.120357
0.0878906 0.121028
0.0883789 0.1217
0.0888672 0.122371
0.0893555 0.123042
0.0898438 0.123714
0.090332 0.124385
0.0908203 0.125056
0.0913086 0.125728
0.0917969 0.126399
0.0922852 0.12707
0.0927734 0.127741
0.0932617 0.128413
0.09375 0.129084
0.0942383 0.129755
0.0947266 0.130426
0.0952148 0.131098
0.0957031 0.131769
0.0961914 0.13244
0.0966797 0.133111
0.097168 0.133783
0.0976562 0.134454
0.0981445 0.135125
0.0986328 0.135796
0.0991211 0.136467
0.0996094 0.137138
0.100098 0.13781
0.100586 0.138481
0.101074 0.139152
0.101562 0.139823
0.102051 0.140494
0.102539 0.141165
0.103027 0.141836
0.103516 0.142507
0.104004 0.143178
0.104492 0.14385
0.10498 0.144521
0.105469 0.145192
0.105957 0.145863
0.106445 0.146534
0.106934 0.147205
0.107422 0.147876
0.10791 0.148547
0.108398 0.149218
0.108887 0.149888
0.109375 0.150559
0.109863 0.15123
0.110352 0.151901
0.11084 0.152572
0.111328 0.153243
0.111816 0.153914
0.112305 0.154585
0.112793 0.155256
0.113281 0.155926
0.11377 0.156597
0.114258 0.157268
0.114746 0.157939
0.115234 0.15861
0.115723 0.15928
0.116211 0.159951
0.116699 0.160622
0.117188 0.161292
0.117676 0.161963
0.118164 0.162634
0.118652 0.163304
0.119141 0.163975
0.119629 0.164646
0.120117 0.165316
0.120605 0.165987
0.121094 0.166657
0.121582 0.167328
0.12207 0.167999
0.122559 0.168669
0.123047 0.16934
0.123535 0.17001
0.124023 0.170681
0.124512 0.171351
0.125 0.172022
0.125488 0.172692
0.125977 0.173362
0.126465 0.174033
0.126953 0.174703
0.127441 0.175373
0.12793 0.176044
0.128418 0.176714
0.128906 0.177384
0.129395 0.178055
0.129883 0.178725
0.130371 0.179395
0.130859 0.180066
0.131348 0.180736
0.131836 0.181406
0.132324 0.182076
0.132812 0.182746
0.133301 0.183416
0.133789 0.184087
0.134277 0.184757
0.134766 0.185427
0.135254 0.186097
0.135742 0.186767
0.13623 0.187437
0.136719 0.188107
0.137207 0.188777
0.137695 0.189447
0.138184 0.190117
0.138672 0.190787
0.13916 0.191457
0.139648 0.192127
0.140137 0.192796
0.140625 0.193466
0.141113 0.194136
0.141602 0.194806
0.14209 0.195476
0.142578 0.196145
0.143066 0.196815
0.143555 0.197485
0.144043 0.198155
0.144531 0.198824
0.14502 0.199494
0.145508 0.200164
0.145996 0.200833
0.146484 0.201503
0.146973 0.202173
0.147461 0.202842
0.147949 0.203512
0.148438 0.204181
0.148926 0.204851
0.149414 0.20552
0.149902 0.20619
0.150391 0.206859
0.150879 0.207528
0.151367 0.208198
0.151855 0.208867
0.152344 0.209537
0.152832 0.210206
0.15332 0.210875
0.153809 0.211544
0.154297 0.212214
0.154785 0.212883
0.155273 0.213552
0.155762 0.214221
0.15625 0.214891
0.156738 0.21556
0.157227 0.216229
0.157715 0.216898
0.158203 0.217567
0.158691 0.218236
0.15918 0.218905
0.159668 0.219574
0.160156 0.220243
0.160645 0.220912
0.161133 0.221581
0.161621 0.22225
0.162109 0.222919
0.162598 0.223588
0.163086 0.224257
0.163574 0.224925
0.164062 0.225594
0.164551 0.226263
0.165039 0.226932
0.165527 0.2276
0.166016 0.228269
0.166504 0.228938
0.166992 0.229606
0.16748 0.230275
0.167969 0.230944
0.168457 0.231612
0.168945 0.232281
0.169434 0.232949
0.169922 0.233618
0.17041 0.234286
0.170898 0.234955
0.171387 0.235623
0.171875 0.236292
0.172363 0.23696
0.172852 0.237628
0.17334 0.238297
0.173828 0.238965
0.174316 0.239633
0.174805 0.240302
0.175293 0.24097
0.175781 0.241638
0.17627 0.242306
0.176758 0.242974
0.177246 0.243642
0.177734 0.24431
0.178223 0.244979
0.178711 0.245647
0.179199 0.246315
0.179688 0.246983
0.180176 0.247651
0.180664 0.248319
0.181152 0.248986
0.181641 0.249654
0.182129 0.250322
0.182617 0.25099
0.183105 0.251658
0.183594 0.252326
0.184082 0.252993
0.18457 0.253661
0.185059 0.254329
0.185547 0.254996
0.186035 0.255664
0.186523 0.256332
0.187012 0.256999
0.1875 0.257667
0.187988 0.258334
0.188477 0.259002
0.188965 0.259669
0.189453 0.260337
0.189941 0.261004
0.19043 0.261672
0.190918 0.262339
0.191406 0.263006
0.191895 0.263674
0.192383 0.264341
0.192871 0.265008
0.193359 0.265675
0.193848 0.266342
0.194336 0.26701
0.194824 0.267677
0.195312 0.268344
0.195801 0.269011
0.196289 0.269678
0.196777 0.270345
0.197266 0.271012
0.197754 0.271679
0.198242 0.272346
0.19873 0.273013
0.199219 0.27368
0.199707 0.274346
0.200195 0.275013
0.200684 0.27568
0.201172 0.276347
0.20166 0.277013
0.202148 0.27768
0.202637 0.278347
0.203125 0.279013
0.203613 0.27968
0.204102 0.280347
0.20459 0.281013
0.205078 0.28168
0.205566 0.282346
0.206055 0.283012
0.206543 0.283679
0.207031 0.284345
0.20752 0.285012
0.208008 0.285678
0.208496 0.286344
0.208984 0.28701
0.209473 0.287677
0.209961 0.288343
0.210449 0.289009
0.210938 0.289675
0.211426 0.290341
0.211914 0.291007
0.212402 0.291673
0.212891 0.292339
0.213379 0.293005
0.213867 0.293671
0.214355 0.294337
0.214844 0.295003
0.215332 0.295669
0.21582 0.296334
0.216309 0.297
0.216797 0.297666
0.217285 0.298332
0.217773 0.298997
0.218262 0.299663
0.21875 0.300329
0.219238 0.300994
0.219727 0.30166
0.220215 0.302325
0.220703 0.302991
0.221191 0.303656
0.22168 0.304321
0.222168 0.304987
0.222656 0.305652
0.223145 0.306317
0.223633 0.306983
0.224121 0.307648
0.224609 0.308313
0.225098 0.308978
0.225586 0.309643
0.226074 0.310308
0.226562 0.310973
0.227051 0.311638
0.227539 0.312303
0.228027 0.312968
0.228516 0.313633
0.229004 0.314298
0.229492 0.314963
0.22998 0.315628
0.230469 0.316292
0.230957 0.316957
0.231445 0.317622
0.231934 0.318287
0.232422 0.318951
0.23291 0.319616
0.233398 0.32028
0.233887 0.320945
0.234375 0.321609
0.234863 0.322274
0.235352 0.322938
0.23584 0.323602
0.236328 0.324267
0.236816 0.324931
0.237305 0.325595
0.237793 0.32626
0.238281 0.326924
0.23877 0.327588
0.239258 0.328252
0.239746 0.328916
0.240234 0.32958
0.240723 0.330244
0.241211 0.330908
0.241699 0.331572
0.242188 0.332236
0.242676 0.3329
0.243164 0.333563
0.243652 0.334227
0.244141 0.334891
0.244629 0.335555
0.245117 0.336218
0.245605 0.336882
0.246094 0.337545
0.246582 0.338209
0.24707 0.338872
0.247559 0.339536
0.248047 0.340199
0.248535 0.340863
0.249023 0.341526
0.249512 0.342189
0.25 0.342853
0.250488 0.343516
0.250977 0.344179
0.251465 0.344842
0.251953 0.345505
0.252441 0.346168
0.25293 0.346831
0.253418 0.347494
0.253906 0.348157
0.254395 0.34882
0.254883 0.349483
0.255371 0.350146
0.255859 0.350808
0.256348 0.351471
0.256836 0.352134
0.257324 0.352797
0.257812 0.353459
0.258301 0.354122
0.258789 0.354784
0.259277 0.355447
0.259766 0.356109
0.260254 0.356772
0.260742 0.357434
0.26123 0.358096
0.261719 0.358759
0.262207 0.359421
0.262695 0.360083
0.263184 0.360745
0.263672 0.361407
0.26416 0.362069
0.264648 0.362731
0.265137 0.363393
0.265625 0.364055
0.266113 0.364717
0.266602 0.365379
0.26709 0.366041
0.267578 0.366702
0.268066 0.367364
0.268555 0.368026
0.269043 0.368687
0.269531 0.369349
0.27002 0.370011
0.270508 0.370672
0.270996 0.371334
0.271484 0.371995
0.271973 0.372656
0.272461 0.373318
0.272949 0.373979
0.273438 0.37464
0.273926 0.375301
0.274414 0.375963
0.274902 0.376624
0.275391 0.377285
0.275879 0.377946
0.276367 0.378607
0.276855 0.379268
0.277344 0.379928
0.277832 0.380589
0.27832 0.38125
0.278809 0.381911
0.279297 0.382571
0.279785 0.383232
0.280273 0.383893
0.280762 0.384553
0.28125 0.385214
0.281738 0.385874
0.282227 0.386535
0.282715 0.387195
0.283203 0.387855
0.283691 0.388516
0.28418 0.389176
0.284668 0.389836
0.285156 0.390496
0.285645 0.391156
0.286133 0.391816
0.286621 0.392476
0.287109 0.393136
0.287598 0.393796
0.288086 0.394456
0.288574 0.395116
0.289062 0.395775
0.289551 0.396435
0.290039 0.397095
0.290527 0.397754
0.291016 0.398414
0.291504 0.399073
0.291992 0.399733
0.29248 0.400392
0.292969 0.401052
0.293457 0.401711
0.293945 0.40237
0.294434 0.403029
0.294922 0.403689
0.29541 0.404348
0.295898 0.405007
0.296387 0.405666
0.296875 0.406325
0.297363 0.406984
0.297852 0.407642
0.29834 0.408301
0.298828 0.40896
0.299316 0.409619
0.299805 0.410277
0.300293 0.410936
0.300781 0.411595
0.30127 0.412253
0.301758 0.412911
0.302246 0.41357
0.302734 0.414228
0.303223 0.414887
0.303711 0.415545
0.304199 0.416203
0.304688 0.416861
0.305176 0.417519
0.305664 0.418177
0.306152 0.418835
0.306641 0.419493
0.307129 0.420151
0.307617 0.420809
0.308105 0.421467
0.308594 0.422124
0.309082 0.422782
0.30957 0.42344
0.310059 0.424097
0.310547 0.424755
0.311035 0.425412
0.311523 0.42607
0.312012 0.426727
0.3125 0.427384
0.312988 0.428041
0.313477 0.428699
0.313965 0.429356
0.314453 0.430013
0.314941 0.43067
0.31543 0.431327
0.315918 0.431984
0.316406 0.432641
0.316895 0.433297
0.317383 0.433954
0.317871 0.434611
0.318359 0.435267
0.318848 0.435924
0.319336 0.436581
0.319824 0.437237
0.320312 0.437893
0.320801 0.43855
0.321289 0.439206
0.321777 0.439862
0.322266 0.440518
0.322754 0.441175
0.323242 0.441831
0.32373 0.442487
0.324219 0.443143
0.324707 0.443799
0.325195 0.444454
0.325684 0.44511
0.326172 0.445766
0.32666 0.446422
0.327148 0.447077
0.327637 0.447733
0.328125 0.448388
0.328613 0.449044
0.329102 0.449699
0.32959 0.450354
0.330078 0.45101
0.330566 0.451665
0.331055 0.45232
0.331543 0.452975
0.332031 0.45363
0.33252 0.454285
0.333008 0.45494
0.333496 0.455595
0.333984 0.45625
0.334473 0.456904
0.334961 0.457559
0.335449 0.458214
0.335938 0.458868
0.336426 0.459523
0.336914 0.460177
0.337402 0.460831
0.337891 0.461486
0.338379 0.46214
0.338867 0.462794
0.339355 0.463448
0.339844 0.464102
0.340332 0.464756
0.34082 0.46541
0.341309 0.466064
0.341797 0.466718
0.342285 0.467372
0.342773 0.468025
0.343262 0.468679
0.34375 0.469333
0.344238 0.469986
0.344727 0.47064
0.345215 0.471293
0.345703 0.471946
0.346191 0.4726
0.34668 0.473253
0.347168 0.473906
0.347656 0.474559
0.348145 0.475212
0.348633 0.475865
0.349121 0.476518
0.349609 0.47717
0.350098 0.477823
0.350586 0.478476
0.351074 0.479128
0.351562 0.479781
0.352051 0.480434
0.352539 0.481086
0.353027 0.481738
0.353516 0.482391
0.354004 0.483043
0.354492 0.483695
0.35498 0.484347
0.355469 0.484999
0.355957 0.485651
0.356445 0.486303
0.356934 0.486955
0.357422 0.487606
0.35791 0.488258
0.358398 0.48891
0.358887 0.489561
0.359375 0.490213
0.359863 0.490864
0.360352 0.491516
0.36084 0.492167
0.361328 0.492818
0.361816 0.493469
0.362305 0.49412
0.362793 0.494771
0.363281 0.495422
0.36377 0.496073
0.364258 0.496724
0.364746 0.497375
0.365234 0.498025
0.365723 0.498676
0.366211 0.499326
0.366699 0.499977
0.367188 0.500627
0.367676 0.501278
0.368164 0.501928
0.368652 0.502578
0.369141 0.503228
0.369629 0.503878
0.370117 0.504528
0.370605 0.505178
0.371094 0.505828
0.371582 0.506477
0.37207 0.507127
0.372559 0.507777
0.373047 0.508426
0.373535 0.509076
0.374023 0.509725
0.374512 0.510374
0.375 0.511024
0.375488 0.511673
0.375977 0.512322
0.376465 0.512971
0.376953 0.51362
0.377441 0.514269
0.37793 0.514918
0.378418 0.515566
0.378906 0.516215
0.379395 0.516864
0.379883 0.517512
0.380371 0.518161
0.380859 0.518809
0.381348 0.519457
0.381836 0.520105
0.382324 0.520754
0.382812 0.521402
0.383301 0.52205
0.383789 0.522698
0.384277 0.523345
0.384766 0.523993
0.385254 0.524641
0.385742 0.525288
0.38623 0.525936
0.386719 0.526583
0.387207 0.527231
0.387695 0.527878
0.388184 0.528525
0.388672 0.529172
0.38916 0.529819
0.389648 0.530466
0.390137 0.531113
0.390625 0.53176
0.391113 0.532407
0.391602 0.533054
0.39209 0.5337
0.392578 0.534347
0.393066 0.534993
0.393555 0.53564
0.394043 0.536286
0.394531 0.536932
0.39502 0.537578
0.395508 0.538224
0.395996 0.53887
0.396484 0.539516
0.396973 0.540162
0.397461 0.540808
0.397949 0.541453
0.398438 0.542099
0.398926 0.542744
0.399414 0.54339
0.399902 0.544035
0.400391 0.54468
0.400879 0.545325
0.401367 0.54597
0.401855 0.546615
0.402344 0.54726
0.402832 0.547905
0.40332 0.54855
0.403809 0.549195
0.404297 0.549839
0.404785 0.550484
0.405273 0.551128
0.405762 0.551772
0.40625 0.552417
0.406738 0.553061
0.407227 0.553705
0.407715 0.554349
0.408203 0.554993
0.408691 0.555636
0.40918 0.55628
0.409668 0.556924
0.410156 0.557567
0.410645 0.558211
0.411133 0.558854
0.411621 0.559498
0.412109 0.560141
0.412598 0.560784
0.413086 0.561427
0.413574 0.56207
0.414062 0.562713
0.414551 0.563356
0.415039 0.563998
0.415527 0.564641
0.416016 0.565283
0.416504 0.565926
0.416992 0.566568
0.41748 0.56721
0.417969 0.567853
0.418457 0.568495
0.418945 0.569137
0.419434 0.569778
0.419922 0.57042
0.42041 0.571062
0.420898 0.571704
0.421387 0.572345
0.421875 0.572987
0.422363 0.573628
0.422852 0.574269
0.42334 0.57491
0.423828 0.575551
0.424316 0.576192
0.424805 0.576833
0.425293 0.577474
0.425781 0.578115
0.42627 0.578755
0.426758 0.579396
0.427246 0.580036
0.427734 0.580677
0.428223 0.581317
0.428711 0.581957
0.429199 0.582597
0.429688 0.583237
0.430176 0.583877
0.430664 0.584517
0.431152 0.585157
0.431641 0.585796
0.432129 0.586436
0.432617 0.587075
0.433105 0.587714
0.433594 0.588353
0.434082 0.588993
0.43457 0.589632
0.435059 0.59027
0.435547 0.590909
0.436035 0.591548
0.436523 0.592187
0.437012 0.592825
0.4375 0.593464
0.437988 0.594102
0.438477 0.59474
0.438965 0.595378
0.439453 0.596016
0.439941 0.596654
0.44043 0.597292
0.440918 0.59793
0.441406 0.598567
0.441895 0.599205
0.442383 0.599842
0.442871 0.60048
0.443359 0.601117
0.443848 0.601754
0.444336 0.602391
0.444824 0.603028
0.445312 0.603665
0.445801 0.604302
0.446289 0.604938
0.446777 0.605575
0.447266 0.606211
0.447754 0.606848
0.448242 0.607484
0.44873 0.60812
0.449219 0.608756
0.449707 0.609392
0.450195 0.610028
0.450684 0.610663
0.451172 0.611299
0.45166 0.611934
0.452148 0.61257
0.452637 0.613205
0.453125 0.61384
0.453613 0.614475
0.454102 0.61511
0.45459 0.615745
0.455078 0.61638
0.455566 0.617014
0.456055 0.617649
0.456543 0.618283
0.457031 0.618918
0.45752 0.619552
0.458008 0.620186
0.458496 0.62082
0.458984 0.621454
0.459473 0.622088
0.459961 0.622721
0.460449 0.623355
0.460938 0.623988
0.461426 0.624622
0.461914 0.625255
0.462402 0.625888
0.462891 0.626521
0.463379 0.627154
0.463867 0.627787
0.464355 0.628419
0.464844 0.629052
0.465332 0.629684
0.46582 0.630317
0.466309 0.630949
0.466797 0.631581
0.467285 0.632213
0.467773 0.632845
0.468262 0.633477
0.46875 0.634108
0.469238 0.63474
0.469727 0.635371
0.470215 0.636003
0.470703 0.636634
0.471191 0.637265
0.47168 0.637896
0.472168 0.638527
0.472656 0.639157
0.473145 0.639788
0.473633 0.640418
0.474121 0.641049
0.474609 0.641679
0.475098 0.642309
0.475586 0.642939
0.476074 0.643569
0.476562 0.644199
0.477051 0.644829
0.477539 0.645458
0.478027 0.646088
0.478516 0.646717
0.479004 0.647346
0.479492 0.647975
0.47998 0.648604
0.480469 0.649233
0.480957 0.649862
0.481445 0.65049
0.481934 0.651119
0.482422 0.651747
0.48291 0.652375
0.483398 0.653003
0.483887 0.653631
0.484375 0.654259
0.484863 0.654887
0.485352 0.655514
0.48584 0.656142
0.486328 0.656769
0.486816 0.657396
0.487305 0.658023
0.487793 0.65865
0.488281 0.659277
0.48877 0.659904
0.489258 0.660531
0.489746 0.661157
0.490234 0.661783
0.490723 0.662409
0.491211 0.663036
0.491699 0.663661
0.492188 0.664287
0.492676 0.664913
0.493164 0.665538
0.493652 0.666163
0.494141 0.666786
0.494629 0.667404
0.495117 0.668011
0.495605 0.668581
0.496094 0.669048
0.496582 0.669215
0.49707 0.66852
0.497559 0.665335
0.498047 0.655022
0.498535 0.62468
0.499023 0.541311
0.499512 0.342043
0.5 2.28569e-14
0.500488 -0.342043
0.500977 -0.541311
0.501465 -0.62468
0.501953 -0.655022
0.502441 -0.665335
0.50293 -0.66852
0.503418 -0.669215
0.503906 -0.669048
0.504395 -0.668581
0.504883 -0.668011
0.505371 -0.667404
0.505859 -0.666786
0.506348 -0.666163
0.506836 -0.665538
0.507324 -0.664913
0.507812 -0.664287
0.508301 -0.663661
0.508789 -0.663036
0.509277 -0.662409
0.509766 -0.661783
0.510254 -0.661157
0.510742 -0.660531
0.51123 -0.659904
0.511719 -0.659277
0.512207 -0.65865
0.512695 -0.658023
0.513184 -0.657396
0.513672 -0.656769
0.51416 -0.656142
0.514648 -0.655514
0.515137 -0.654887
0.515625 -0.654259
0.516113 -0.653631
0.516602 -0.653003
0.51709 -0.652375
0.517578 -0.651747
0.518066 -0.651119
0.518555 -0.65049
0.519043 -0.649862
0.519531 -0.649233
0.52002 -0.648604
0.520508 -0.647975
0.520996 -0.647346
0.521484 -0.646717
0.521973 -0.646088
0.522461 -0.645458
0.522949 -0.644829
0.523438 -0.644199
0.523926 -0.643569
0.524414 -0.642939
0.524902 -0.642309
0.525391 -0.641679
0.525879 -0.641049
0.526367 -0.640418
0.526855 -0.639788
0.527344 -0.639157
0.527832 -0.638527
0.52832 -0.637896
0.528809 -0.637265
0.529297 -0.636634
0.529785 -0.636003
0.530273 -0.635371
0.530762 -0.63474
0.53125 -0.634108
0.531738 -0.633477
0.532227 -0.632845
0.532715 -0.632213
0.533203 -0.631581
0.533691 -0.630949
0.53418 -0.630317
0.534668 -0.629684
0.535156 -0.629052
0.535645 -0.628419
0.536133 -0.627787
0.536621 -0.627154
0.537109 -0.626521
0.537598 -0.625888
0.538086 -0.625255
0.538574 -0.624622
0.539062 -0.623988
0.539551 -0.623355
0.540039 -0.622721
0.540527 -0.622088
0.541016 -0.621454
0.541504 -0.62082
0.541992 -0.620186
0.54248 -0.619552
0.542969 -0.618918
0.543457 -0.618283
0.543945 -0.617649
0.544434 -0.617014
0.544922 -0.61638
0.54541 -0.615745
0.545898 -0.61511
0.546387 -0.614475
0.546875 -0.61384
0.547363 -0.613205
0.547852 -0.61257
0.54834 -0.611934
0.548828 -0.611299
0.549316 -0.610663
0.549805 -0.610028
0.550293 -0.609392
0.550781 -0.608756
0.55127 -0.60812
0.551758 -0.607484
0.552246 -0.606848
0.552734 -0.606211
0.553223 -0.605575
0.553711 -0.604938
0.554199 -0.604302
0.554688 -0.603665
0.555176 -0.603028
0.555664 -0.602391
0.556152 -0.601754
0.556641 -0.601117
0.557129 -0.60048
0.557617 -0.599842
0.558105 -0.599205
0.558594 -0.598567
0.559082 -0.59793
0.55957 -0.597292
0.560059 -0.596654
0.560547 -0.596016
0.561035 -0.595378
0.561523 -0.59474
0.562012 -0.594102
0.5625 -0.593464
0.562988 -0.592825
0.563477 -0.592187
0.563965 -0.591548
0.564453 -0.590909
0.564941 -0.59027
0.56543 -0.589632
0.565918 -0.588993
0.566406 -0.588353
0.566895 -0.587714
0.567383 -0.587075
0.567871 -0.586436
0.568359 -0.585796
0.568848 -0.585157
0.569336 -0.584517
0.569824 -0.583877
0.570312 -0.583237
0.570801 -0.582597
0.571289 -0.581957
0.571777 -0.581317
0.572266 -0.580677
0.572754 -0.580036
0.573242 -0.579396
0.57373 -0.578755
0.574219 -0.578115
0.574707 -0.577474
0.575195 -0.576833
0.575684 -0.576192
0.576172 -0.575551
0.57666 -0.57491
0.577148 -0.574269
0.577637 -0.573628
0.578125 -0.572987
0.578613 -0.572345
0.579102 -0.571704
0.57959 -0.571062
0.580078 -0.57042
0.580566 -0.569778
0.581055 -0.569137
0.581543 -0.568495
0.582031 -0.567853
0.58252 -0.56721
0.583008 -0.566568
0.583496 -0.565926
0.583984 -0.565283
0.584473 -0.564641
0.584961 -0.563998
0.585449 -0.563356
0.585938 -0.562713
0.586426 -0.56207
0.586914 -0.561427
0.587402 -0.560784
0.587891 -0.560141
0.588379 -0.559498
0.588867 -0.558854
0.589355 -0.558211
0.589844 -0.557567
0.590332 -0.556924
0.59082 -0.55628
0.591309 -0.555636
0.591797 -0.554993
0.592285 -0.554349
0.592773 -0.553705
0.593262 -0.553061
0.59375 -0.552417
0.594238 -0.551772
0.594727 -0.551128
0.595215 -0.550484
0.595703 -0.549839
0.596191 -0.549195
0.59668 -0.54855
0.597168 -0.547905
0.597656 -0.54726
0.598145 -0.546615
0.598633 -0.54597
0.599121 -0.545325
0.599609 -0.54468
0.600098 -0.544035
0.600586 -0.54339
0.601074 -0.542744
0.601562 -0.542099
0.602051 -0.541453
0.602539 -0.540808
0.603027 -0.540162
0.603516 -0.539516
0.604004 -0.53887
0.604492 -0.538224
0.60498 -0.537578
0.605469 -0.536932
0.605957 -0.536286
0.606445 -0.53564
0.606934 -0.534993
0.607422 -0.534347
0.60791 -0.5337
0.608398 -0.533054
0.608887 -0.532407
0.609375 -0.53176
0.609863 -0.531113
0.610352 -0.530466
0.61084 -0.529819
0.611328 -0.529172
0.611816 -0.528525
0.612305 -0.527878
0.612793 -0.527231
0.613281 -0.526583
0.61377 -0.525936
0.614258 -0.525288
0.614746 -0.524641
0.615234 -0.523993
0.615723 -0.523345
0.616211 -0.522698
0.616699 -0.52205
0.617188 -0.521402
0.617676 -0.520754
0.618164 -0.520105
0.618652 -0.519457
0.619141 -0.518809
0.619629 -0.518161
0.620117 -0.517512
0.620605 -0.516864
0.621094 -0.516215
0.621582 -0.515566
0.62207 -0.514918
0.622559 -0.514269
0.623047 -0.51362
0.623535 -0.512971
0.624023 -0.512322
0.624512 -0.511673
0.625 -0.511024
0.625488 -0.510374
0.625977 -0.509725
0.626465 -0.509076
0.626953 -0.508426
0.627441 -0.507777
0.62793 -0.507127
0.628418 -0.506477
0.628906 -0.505828
0.629395 -0.505178
0.629883 -0.504528
0.630371 -0.503878
0.630859 -0.503228
0.631348 -0.502578
0.631836 -0.501928
0.632324 -0.501278
0.632812 -0.500627
0.633301 -0.499977
0.633789 -0.499326
0.634277 -0.498676
0.634766 -0.498025
0.635254 -0.497375
0.635742 -0.496724
0.63623 -0.496073
0.636719 -0.495422
0.637207 -0.494771
0.637695 -0.49412
0.638184 -0.493469
0.638672 -0.492818
0.63916 -0.492167
0.639648 -0.491516
0.640137 -0.490864
0.640625 -0.490213
0.641113 -0.489561
0.641602 -0.48891
0.64209 -0.488258
0.642578 -0.487606
0.643066 -0.486955
0.643555 -0.486303
0.644043 -0.485651
0.644531 -0.484999
0.64502 -0.484347
0.645508 -0.483695
0.645996 -0.483043
0.646484 -0.482391
0.646973 -0.481738
0.647461 -0.481086
0.647949 -0.480434
0.648438 -0.479781
0.648926 -0.479128
0.649414 -0.478476
0.649902 -0.477823
0.650391 -0.47717
0.650879 -0.476518
0.651367 -0.475865
0.651855 -0.475212
0.652344 -0.474559
0.652832 -0.473906
0.65332 -0.473253
0.653809 -0.4726
0.654297 -0.471946
0.654785 -0.471293
0.655273 -0.47064
0.655762 -0.469986
0.65625 -0.469333
0.656738 -0.468679
0.657227 -0.468025
0.657715 -0.467372
0.658203 -0.466718
0.658691 -0.466064
0.65918 -0.46541
0.659668 -0.464756
0.660156 -0.464102
0.660645 -0.463448
0.661133 -0.462794
0.661621 -0.46214
0.662109 -0.461486
0.662598 -0.460831
0.663086 -0.460177
0.663574 -0.459523
0.664062 -0.458868
0.664551 -0.458214
0.665039 -0.457559
0.665527 -0.456904
0.666016 -0.45625
0.666504 -0.455595
0.666992 -0.45494
0.66748 -0.454285
0.667969 -0.45363
0.668457 -0.452975
0.668945 -0.45232
0.669434 -0.451665
0.669922 -0.45101
0.67041 -0.450354
0.670898 -0.449699
0.671387 -0.449044
0.671875 -0.448388
0.672363 -0.447733
0.672852 -0.447077
0.67334 -0.446422
0.673828 -0.445766
0.674316 -0.44511
0.674805 -0.444454
0.675293 -0.443799
0.675781 -0.443143
0.67627 -0.442487
0.676758 -0.441831
0.677246 -0.441175
0.677734 -0.440518
0.678223 -0.439862
0.678711 -0.439206
0.679199 -0.43855
0.679688 -0.437893
0.680176 -0.437237
0.680664 -0.436581
0.681152 -0.435924
0.681641 -0.435267
0.682129 -0.434611
0.682617 -0.433954
0.683105 -0.433297
0.683594 -0.432641
0.684082 -0.431984
0.68457 -0.431327
0.685059 -0.43067
0.685547 -0.430013
0.686035 -0.429356
0.686523 -0.428699
0.687012 -0.428041
0.6875 -0.427384
0.687988 -0.426727
0.688477 -0.42607
0.688965 -0.425412
0.689453 -0.424755
0.689941 -0.424097
0.69043 -0.42344
0.690918 -0.422782
0.691406 -0.422124
0.691895 -0.421467
0.692383 -0.420809
0.692871 -0.420151
0.693359 -0.419493
0.693848 -0.418835
0.694336 -0.418177
0.694824 -0.417519
0.695312 -0.416861
0.695801 -0.416203
0.696289 -0.415545
0.696777 -0.414887
0.697266 -0.414228
0.697754 -0.41357
0.698242 -0.412911
0.69873 -0.412253
0.699219 -0.411595
0.699707 -0.410936
0.700195 -0.410277
0.700684 -0.409619
0.701172 -0.40896
0.70166 -0.408301
0.702148 -0.407642
0.702637 -0.406984
0.703125 -0.406325
0.703613 -0.405666
0.704102 -0.405007
0.70459 -0.404348
0.705078 -0.403689
0.705566 -0.403029
0.706055 -0.40237
0.706543 -0.401711
0.707031 -0.401052
0.70752 -0.400392
0.708008 -0.399733
0.708496 -0.399073
0.708984 -0.398414
0.709473 -0.397754
0.709961 -0.397095
0.710449 -0.396435
0.710938 -0.395775
0.711426 -0.395116
0.711914 -0.394456
0.712402 -0.393796
0.712891 -0.393136
0.713379 -0.392476
0.713867 -0.391816
0.714355 -0.391156
0.714844 -0.390496
0.715332 -0.389836
0.71582 -0.389176
0.716309 -0.388516
0.716797 -0.387855
0.717285 -0.387195
0.717773 -0.386535
0.718262 -0.385874
0.71875 -0.385214
0.719238 -0.384553
0.719727 -0.383893
0.720215 -0.383232
0.720703 -0.382571
0.721191 -0.381911
0.72168 -0.38125
0.722168 -0.380589
0.722656 -0.379928
0.723145 -0.379268
0.723633 -0.378607
0.724121 -0.377946
0.724609 -0.377285
0.725098 -0.376624
0.725586 -0.375963
0.726074 -0.375301
0.726562 -0.37464
0.727051 -0.373979
0.727539 -0.373318
0.728027 -0.372656
0.728516 -0.371995
0.729004 -0.371334
0.729492 -0.370672
0.72998 -0.370011
0.730469 -0.369349
0.730957 -0.368687
0.731445 -0.368026
0.731934 -0.367364
0.732422 -0.366702
0.73291 -0.366041
0.733398 -0.365379
0.733887 -0.364717
0.734375 -0.364055
0.734863 -0.363393
0.735352 -0.362731
0.73584 -0.362069
0.736328 -0.361407
0.736816 -0.360745
0.737305 -0.360083
0.737793 -0.359421
0.738281 -0.358759
0.73877 -0.358096
0.739258 -0.357434
0.739746 -0.356772
0.740234 -0.356109
0.740723 -0.355447
0.741211 -0.354784
0.741699 -0.354122
0.742188 -0.353459
0.742676 -0.352797
0.743164 -0.352134
0.743652 -0.351471
0.744141 -0.350808
0.744629 -0.350146
0.745117 -0.349483
0.745605 -0.34882
0.746094 -0.348157
0.746582 -0.347494
0.74707 -0.346831
0.747559 -0.346168
0.748047 -0.345505
0.748535 -0.344842
0.749023 -0.344179
0.749512 -0.343516
0.75 -0.342853
0.750488 -0.342189
0.750977 -0.341526
0.751465 -0.340863
0.751953 -0.340199
0.752441 -0.339536
0.75293 -0.338872
0.753418 -0.338209
0.753906 -0.337545
0.754395 -0.336882
0.754883 -0.336218
0.755371 -0.335555
0.755859 -0.334891
0.756348 -0.334227
0.756836 -0.333563
0.757324 -0.3329
0.757812 -0.332236
0.758301 -0.331572
0.758789 -0.330908
0.759277 -0.330244
0.759766 -0.32958
0.760254 -0.328916
0.760742 -0.328252
0.76123 -0.327588
0.761719 -0.326924
0.762207 -0.32626
0.762695 -0.325595
0.763184 -0.324931
0.763672 -0.324267
0.76416 -0.323602
0.764648 -0.322938
0.765137 -0.322274
0.765625 -0.321609
0.766113 -0.320945
0.766602 -0.32028
0.76709 -0.319616
0.767578 -0.318951
0.768066 -0.318287
0.768555 -0.317622
0.769043 -0.316957
0.769531 -0.316292
0.77002 -0.315628
0.770508 -0.314963
0.770996 -0.314298
0.771484 -0.313633
0.771973 -0.312968
0.772461 -0.312303
0.772949 -0.311638
0.773438 -0.310973
0.773926 -0.310308
0.774414 -0.309643
0.774902 -0.308978
0.775391 -0.308313
0.775879 -0.307648
0.776367 -0.306983
0.776855 -0.306317
0.777344 -0.305652
0.777832 -0.304987
0.77832 -0.304321
0.778809 -0.303656
0.779297 -0.302991
0.779785 -0.302325
0.780273 -0.30166
0.780762 -0.300994
0.78125 -0.300329
0.781738 -0.299663
0.782227 -0.298997
0.782715 -0.298332
0.783203 -0.297666
0.783691 -0.297
0.78418 -0.296334
0.784668 -0.295669
0.785156 -0.295003
0.785645 -0.294337
0.786133 -0.293671
0.786621 -0.293005
0.787109 -0.292339
0.787598 -0.291673
0.788086 -0.291007
0.788574 -0.290341
0.789062 -0.289675
0.789551 -0.289009
0.790039 -0.288343
0.790527 -0.287677
0.791016 -0.28701
0.791504 -0.286344
0.791992 -0.285678
0.79248 -0.285012
0.792969 -0.284345
0.793457 -0.283679
0.793945 -0.283012
0.794434 -0.282346
0.794922 -0.28168
0.79541 -0.281013
0.795898 -0.280347
0.796387 -0.27968
0.796875 -0.279013
0.797363 -0.278347
0.797852 -0.27768
0.79834 -0.277013
0.798828 -0.276347
0.799316 -0.27568
0.799805 -0.275013
0.800293 -0.274346
0.800781 -0.27368
0.80127 -0.273013
0.801758 -0.272346
0.802246 -0.271679
0.802734 -0.271012
0.803223 -0.270345
0.803711 -0.269678
0.804199 -0.269011
0.804688 -0.268344
0.805176 -0.267677
0.805664 -0.26701
0.806152 -0.266342
0.806641 -0.265675
0.807129 -0.265008
0.807617 -0.264341
0.808105 -0.263674
0.808594 -0.263006
0.809082 -0.262339
0.80957 -0.261672
0.810059 -0.261004
0.810547 -0.260337
0.811035 -0.259669
0.811523 -0.259002
0.812012 -0.258334
0.8125 -0.257667
0.812988 -0.256999
0.813477 -0.256332
0.813965 -0.255664
0.814453 -0.254996
0.814941 -0.254329
0.81543 -0.253661
0.815918 -0.252993
0.816406 -0.252326
0.816895 -0.251658
0.817383 -0.25099
0.817871 -0.250322
0.818359 -0.249654
0.818848 -0.248986
0.819336 -0.248319
0.819824 -0.247651
0.820312 -0.246983
0.820801 -0.246315
0.821289 -0.245647
0.821777 -0.244979
0.822266 -0.24431
0.822754 -0.243642
0.823242 -0.242974
0.82373 -0.242306
0.824219 -0.241638
0.824707 -0.24097
0.825195 -0.240302
0.825684 -0.239633
0.826172 -0.238965
0.82666 -0.238297
0.827148 -0.237628
0.827637 -0.23696
0.828125 -0.236292
0.828613 -0.235623
0.829102 -0.234955
0.82959 -0.234286
0.830078 -0.233618
0.830566 -0.232949
0.831055 -0.232281
0.831543 -0.231612
0.832031 -0.230944
0.83252 -0.230275
0.833008 -0.229606
0.833496 -0.228938
0.833984 -0.228269
0.834473 -0.2276
0.834961 -0.226932
0.835449 -0.226263
0.835938 -0.225594
0.836426 -0.224925
0.836914 -0.224257
0.837402 -0.223588
0.837891 -0.222919
0.838379 -0.22225
0.838867 -0.221581
0.839355 -0.220912
0.839844 -0.220243
0.840332 -0.219574
0.84082 -0.218905
0.841309 -0.218236
0.841797 -0.217567
0.842285 -0.216898
0.842773 -0.216229
0.843262 -0.21556
0.84375 -0.214891
0.844238 -0.214221
0.844727 -0.213552
0.845215 -0.212883
0.845703 -0.212214
0.846191 -0.211544
0.84668 -0.210875
0.847168 -0.210206
0.847656 -0.209537
0.848145 -0.208867
0.848633 -0.208198
0.849121 -0.207528
0.849609 -0.206859
0.850098 -0.20619
0.850586 -0.20552
0.851074 -0.204851
0.851562 -0.204181
0.852051 -0.203512
0.852539 -0.202842
0.853027 -0.202173
0.853516 -0.201503
0.854004 -0.200833
0.854492 -0.200164
0.85498 -0.199494
0.855469 -0.198824
0.855957 -0.198155
0.856445 -0.197485
0.856934 -0.196815
0.857422 -0.196145
0.85791 -0.195476
0.858398 -0.194806
0.858887 -0.194136
0.859375 -0.193466
0.859863 -0.192796
0.860352 -0.192127
0.86084 -0.191457
0.861328 -0.190787
0.861816 -0.190117
0.862305 -0.189447
0.862793 -0.188777
0.863281 -0.188107
0.86377 -0.187437
0.864258 -0.186767
0.864746 -0.186097
0.865234 -0.185427
0.865723 -0.184757
0.866211 -0.184087
0.866699 -0.183416
0.867188 -0.182746
0.867676 -0.182076
0.868164 -0.181406
0.868652 -0.180736
0.869141 -0.180066
0.869629 -0.179395
0.870117 -0.178725
0.870605 -0.178055
0.871094 -0.177384
0.871582 -0.176714
0.87207 -0.176044
0.872559 -0.175373
0.873047 -0.174703
0.873535 -0.174033
0.874023 -0.173362
0.874512 -0.172692
0.875 -0.172022
0.875488 -0.171351
0.875977 -0.170681
0.876465 -0.17001
0.876953 -0.16934
0.877441 -0.168669
0.87793 -0.167999
0.878418 -0.167328
0.878906 -0.166657
0.879395 -0.165987
0.879883 -0.165316
0.880371 -0.164646
0.880859 -0.163975
0.881348 -0.163304
0.881836 -0.162634
0.882324 -0.161963
0.882812 -0.161292
0.883301 -0.160622
0.883789 -0.159951
0.884277 -0.15928
0.884766 -0.15861
0.885254 -0.157939
0.885742 -0.157268
0.88623 -0.156597
0.886719 -0.155926
0.887207 -0.155256
0.887695 -0.154585
0.888184 -0.153914
0.888672 -0.153243
0.88916 -0.152572
0.889648 -0.151901
0.890137 -0.15123
0.890625 -0.150559
0.891113 -0.149888
0.891602 -0.149218
0.89209 -0.148547
0.892578 -0.147876
0.893066 -0.147205
0.893555 -0.146534
0.894043 -0.145863
0.894531 -0.145192
0.89502 -0.144521
0.895508 -0.14385
0.895996 -0.143178
0.896484 -0.142507
0.896973 -0.141836
0.897461 -0.141165
0.897949 -0.140494
0.898438 -0.139823
0.898926 -0.139152
0.899414 -0.138481
0.899902 -0.13781
0.900391 -0.137138
0.900879 -0.136467
0.901367 -0.135796
0.901855 -0.135125
0.902344 -0.134454
0.902832 -0.133783
0.90332 -0.133111
0.903809 -0.13244
0.904297 -0.131769
0.904785 -0.131098
0.905273 -0.130426
0.905762 -0.129755
0.90625 -0.129084
0.906738 -0.128413
0.907227 -0.127741
0.907715 -0.12707
0.908203 -0.126399
0.908691 -0.125728
0.90918 -0.125056
0.909668 -0.124385
0.910156 -0.123714
0.910645 -0.123042
0.911133 -0.122371
0.911621 -0.1217
0.912109 -0.121028
0.912598 -0.120357
0.913086 -0.119686
0.913574 -0.119014
0.914062 -0.118343
0.914551 -0.117672
0.915039 -0.117
0.915527 -0.116329
0.916016 -0.115657
0.916504 -0.114986
0.916992 -0.114315
0.91748 -0.113643
0.917969 -0.112972
0.918457 -0.112301
0.918945 -0.111629
0.919434 -0.110958
0.919922 -0.110286
0.92041 -0.109615
0.920898 -0.108944
0.921387 -0.108272
0.921875 -0.107601
0.922363 -0.106929
0.922852 -0.106258
0.92334 -0.105587
0.923828 -0.104915
0.924316 -0.104244
0.924805 -0.103573
0.925293 -0.102901
0.925781 -0.10223
0.92627 -0.101558
0.926758 -0.100887
0.927246 -0.100216
0.927734 -0.0995443
0.928223 -0.0988729
0.928711 -0.0982016
0.929199 -0.0975302
0.929688 -0.0968589
0.930176 -0.0961875
0.930664 -0.0955162
0.931152 -0.0948449
0.931641 -0.0941735
0.932129 -0.0935022
0.932617 -0.0928309
0.933105 -0.0921596
0.933594 -0.0914883
0.934082 -0.090817
0.93457 -0.0901457
0.935059 -0.0894744
0.935547 -0.0888032
0.936035 -0.0881319
0.936523 -0.0874607
0.937012 -0.0867894
0.9375 -0.0861182
0.937988 -0.085447
0.938477 -0.0847758
0.938965 -0.0841045
0.939453 -0.0834334
0.939941 -0.0827622
0.94043 -0.082091
0.940918 -0.0814199
0.941406 -0.0807487
0.941895 -0.0800776
0.942383 -0.0794065
0.942871 -0.0787353
0.943359 -0.0780643
0.943848 -0.0773932
0.944336 -0.0767221
0.944824 -0.076051
0.945312 -0.07538
0.945801 -0.074709
0.946289 -0.074038
0.946777 -0.073367
0.947266 -0.072696
0.947754 -0.072025
0.948242 -0.0713541
0.94873 -0.0706831
0.949219 -0.0700122
0.949707 -0.0693413
0.950195 -0.0686704
0.950684 -0.0679996
0.951172 -0.0673287
0.95166 -0.0666579
0.952148 -0.0659871
0.952637 -0.0653163
0.953125 -0.0646455
0.953613 -0.0639747
0.954102 -0.063304
0.95459 -0.0626332
0.955078 -0.0619625
0.955566 -0.0612919
0.956055 -0.0606212
0.956543 -0.0599505
0.957031 -0.0592799
0.95752 -0.0586093
0.958008 -0.0579387
0.958496 -0.0572681
0.958984 -0.0565976
0.959473 -0.055927
0.959961 -0.0552565
0.960449 -0.054586
0.960938 -0.0539155
0.961426 -0.0532451
0.961914 -0.0525747
0.962402 -0.0519042
0.962891 -0.0512338
0.963379 -0.0505635
0.963867 -0.0498931
0.964355 -0.0492228
0.964844 -0.0485525
0.965332 -0.0478822
0.96582 -0.0472119
0.966309 -0.0465417
0.966797 -0.0458714
0.967285 -0.0452012
0.967773 -0.044531
0.968262 -0.0438609
0.96875 -0.0431907
0.969238 -0.0425206
0.969727 -0.0418505
0.970215 -0.0411804
0.970703 -0.0405103
0.971191 -0.0398403
0.97168 -0.0391703
0.972168 -0.0385003
0.972656 -0.0378303
0.973145 -0.0371603
0.973633 -0.0364903
0.974121 -0.0358204
0.974609 -0.0351505
0.975098 -0.0344806
0.975586 -0.0338107
0.976074 -0.0331409
0.976562 -0.0324711
0.977051 -0.0318012
0.977539 -0.0311314
0.978027 -0.0304617
0.978516 -0.0297919
0.979004 -0.0291221
0.979492 -0.0284524
0.97998 -0.0277827
0.980469 -0.027113
0.980957 -0.0264433
0.981445 -0.0257737
0.981934 -0.025104
0.982422 -0.0244344
0.98291 -0.0237647
0.983398 -0.0230951
0.983887 -0.0224256
0.984375 -0.021756
0.984863 -0.0210864
0.985352 -0.0204169
0.98584 -0.0197473
0.986328 -0.0190778
0.986816 -0.0184083
0.987305 -0.0177388
0.987793 -0.0170693
0.988281 -0.0163998
0.98877 -0.0157304
0.989258 -0.0150609
0.989746 -0.0143915
0.990234 -0.013722
0.990723 -0.0130526
0.991211 -0.0123832
0.991699 -0.0117138
0.992188 -0.0110444
0.992676 -0.010375
0.993164 -0.0097056
0.993652 -0.00903622
0.994141 -0.00836684
0.994629 -0.00769747
0.995117 -0.00702811
0.995605 -0.00635875
0.996094 -0.0056894
0.996582 -0.00502005
0.99707 -0.0043507
0.997559 -0.00368136
0.998047 -0.00301202
0.998535 -0.00234268
0.999023 -0.00167334
0.999512 -0.001004
1 -0.000334668
