0 0.000231754
0.000488281 0.000695262
0.000976562 0.00115877
0.00146484 0.00162228
0.00195312 0.00208579
0.00244141 0.0025493
0.00292969 0.00301281
0.00341797 0.00347632
0.00390625 0.00393983
0.00439453 0.00440334
0.00488281 0.00486685
0.00537109 0.00533037
0.00585938 0.00579388
0.00634766 0.0062574
0.00683594 0.00672091
0.00732422 0.00718443
0.0078125 0.00764795
0.00830078 0.00811147
0.00878906 0.008575
0.00927734 0.00903852
0.00976562 0.00950205
0.0102539 0.00996558
0.0107422 0.0104291
0.0112305 0.0108926
0.0117188 0.0113562
0.012207 0.0118197
0.0126953 0.0122832
0.0131836 0.0127468
0.0136719 0.0132103
0.0141602 0.0136739
0.0146484 0.0141374
0.0151367 0.014601
0.015625 0.0150645
0.0161133 0.0155281
0.0166016 0.0159917
0.0170898 0.0164552
0.0175781 0.0169188
0.0180664 0.0173823
0.0185547 0.0178459
0.019043 0.0183095
0.0195312 0.0187731
0.0200195 0.0192367
0.0205078 0.0197002
0.0209961 0.0201638
0.0214844 0.0206274
0.0219727 0.021091
0.0224609 0.0215546
0.0229492 0.0220182
0.0234375 0.0224818
0.0239258 0.0229455
0.0244141 0.0234091
0.0249023 0.0238727
0.0253906 0.0243363
0.0258789 0.0248
0.0263672 0.0252636
0.0268555 0.0257272
0.0273438 0.0261909
0.027832 0.0266545
0.0283203 0.0271182
0.0288086 0.0275818
0.0292969 0.0280455
0.0297852 0.0285092
0.0302734 0.0289728
0.0307617 0.0294365
0.03125 0.0299002
0.0317383 0.0303639
0.0322266 0.0308276
0.0327148 0.0312913
0.0332031 0.031755
0.0336914 0.0322187
0.0341797 0.0326824
0.034668 0.0331461
0.0351562 0.0336098
0.0356445 0.0340735
0.0361328 0.0345373
0.0366211 0.035001
0.0371094 0.0354648
0.0375977 0.0359285
0.0380859 0.0363923
0.0385742 0.036856
0.0390625 0.0373198
0.0395508 0.0377836
0.0400391 0.0382473
0.0405273 0.0387111
0.0410156 0.0391749
0.0415039 0.0396387
0.0419922 0.0401025
0.0424805 0.0405663
0.0429688 0.0410301
0.043457 0.041494
0.0439453 0.0419578
0.0444336 0.0424216
0.0449219 0.0428854
0.0454102 0.0433493
0.0458984 0.0438131
0.0463867 0.044277
0.046875 0.0447409
0.0473633 0.0452047
0.0478516 0.0456686
0.0483398 0.0461325
0.0488281 0.0465964
0.0493164 0.0470602
0.0498047 0.0475241
0.050293 0.047988
0.0507812 0.0484519
0.0512695 0.0489159
0.0517578 0.0493798
0.0522461 0.0498437
0.0527344 0.0503076
0.0532227 0.0507716
0.0537109 0.0512355
0.0541992 0.0516995
0.0546875 0.0521634
0.0551758 0.0526274
0.0556641 0.0530914
0.0561523 0.0535553
0.0566406 0.0540193
0.0571289 0.0544833
0.0576172 0.0549473
0.0581055 0.0554113
0.0585938 0.0558753
0.059082 0.0563393
0.0595703 0.0568033
0.0600586 0.0572674
0.0605469 0.0577314
0.0610352 0.0581954
0.0615234 0.0586595
0.0620117 0.0591235
0.0625 0.0595876
0.0629883 0.0600516
0.0634766 0.0605157
0.0639648 0.0609797
0.0644531 0.0614438
0.0649414 0.0619079
0.0654297 0.062372
0.065918 0.0628361
0.0664062 0.0633002
0.0668945 0.0637643
0.0673828 0.0642284
0.0678711 0.0646925
0.0683594 0.0651566
0.0688477 0.0656207
0.0693359 0.0660849
0.0698242 0.066549
0.0703125 0.0670131
0.0708008 0.0674773
0.0712891 0.0679414
0.0717773 0.0684056
0.0722656 0.0688698
0.0727539 0.0693339
0.0732422 0.0697981
0.0737305 0.0702623
0.0742188 0.0707264
0.074707 0.0711906
0.0751953 0.0716548
0.0756836 0.072119
0.0761719 0.0725832
0.0766602 0.0730474
0.0771484 0.0735116
0.0776367 0.0739758
0.078125 0.0744401
0.0786133 0.0749043
0.0791016 0.0753685
0.0795898 0.0758327
0.0800781 0.076297
0.0805664 0.0767612
0.0810547 0.0772255
0.081543 0.0776897
0.0820312 0.078154
0.0825195 0.0786182
0.0830078 0.0790825
0.0834961 0.0795468
0.0839844 0.080011
0.0844727 0.0804753
0.0849609 0.0809396
0.0854492 0.0814039
0.0859375 0.0818682
0.0864258 0.0823324
0.0869141 0.0827967
0.0874023 0.083261
0.0878906 0.0837253
0.0883789 0.0841896
0.0888672 0.0846539
0.0893555 0.0851182
0.0898438 0.0855826
0.090332 0.0860469
0.0908203 0.0865112
0.0913086 0.0869755
0.0917969 0.0874398
0.0922852 0.0879042
0.0927734 0.0883685
0.0932617 0.0888328
0.09375 0.0892972
0.0942383 0.0897615
0.0947266 0.0902259
0.0952148 0.0906902
0.0957031 0.0911545
0.0961914 0.0916189
0.0966797 0.0920832
0.097168 0.0925476
0.0976562 0.093012
0.0981445 0.0934763
0.0986328 0.0939407
0.0991211 0.094405
0.0996094 0.0948694
0.100098 0.0953338
0.100586 0.0957981
0.101074 0.0962625
0.101562 0.0967269
0.102051 0.0971913
0.102539 0.0976556
0.103027 0.09812
0.103516 0.0985844
0.104004 0.0990488
0.104492 0.0995132
0.10498 0.0999775
0.105469 0.100442
0.105957 0.100906
0.106445 0.101371
0.106934 0.101835
0.107422 0.102299
0.10791 0.102764
0.108398 0.103228
0.108887 0.103693
0.109375 0.104157
0.109863 0.104621
0.110352 0.105086
0.11084 0.10555
0.111328 0.106015
0.111816 0.106479
0.112305 0.106943
0.112793 0.107408
0.113281 0.107872
0.11377 0.108337
0.114258 0.108801
0.114746 0.109265
0.115234 0.10973
0.115723 0.110194
0.116211 0.110659
0.116699 0.111123
0.117188 0.111587
0.117676 0.112052
0.118164 0.112516
0.118652 0.112981
0.119141 0.113445
0.119629 0.113909
0.120117 0.114374
0.120605 0.114838
0.121094 0.115303
0.121582 0.115767
0.12207 0.116231
0.122559 0.116696
0.123047 0.11716
0.123535 0.117624
0.124023 0.118089
0.124512 0.118553
0.125 0.119018
0.125488 0.119482
0.125977 0.119946
0.126465 0.120411
0.126953 0.120875
0.127441 0.12134
0.12793 0.121804
0.128418 0.122268
0.128906 0.122733
0.129395 0.123197
0.129883 0.123661
0.130371 0.124126
0.130859 0.12459
0.131348 0.125054
0.131836 0.125519
0.132324 0.125983
0.132812 0.126448
0.133301 0.126912
0.133789 0.127376
0.134277 0.127841
0.134766 0.128305
0.135254 0.128769
0.135742 0.129234
0.13623 0.129698
0.136719 0.130162
0.137207 0.130627
0.137695 0.131091
0.138184 0.131555
0.138672 0.13202
0.13916 0.132484
0.139648 0.132948
0.140137 0.133413
0.140625 0.133877
0.141113 0.134341
0.141602 0.134806
0.14209 0.13527
0.142578 0.135734
0.143066 0.136199
0.143555 0.136663
0.144043 0.137127
0.144531 0.137591
0.14502 0.138056
0.145508 0.13852
0.145996 0.138984
0.146484 0.139449
0.146973 0.139913
0.147461 0.140377
0.147949 0.140841
0.148438 0.141306
0.148926 0.14177
0.149414 0.142234
0.149902 0.142698
0.150391 0.143163
0.150879 0.143627
0.151367 0.144091
0.151855 0.144555
0.152344 0.14502
0.152832 0.145484
0.15332 0.145948
0.153809 0.146412
0.154297 0.146877
0.154785 0.147341
0.155273 0.147805
0.155762 0.148269
0.15625 0.148734
0.156738 0.149198
0.157227 0.149662
0.157715 0.150126
0.158203 0.15059
0.158691 0.151054
0.15918 0.151519
0.159668 0.151983
0.160156 0.152447
0.160645 0.152911
0.161133 0.153375
0.161621 0.15384
0.162109 0.154304
0.162598 0.154768
0.163086 0.155232
0.163574 0.155696
0.164062 0.15616
0.164551 0.156624
0.165039 0.157089
0.165527 0.157553
0.166016 0.158017
0.166504 0.158481
0.166992 0.158945
0.16748 0.159409
0.167969 0.159873
0.168457 0.160337
0.168945 0.160801
0.169434 0.161266
0.169922 0.16173
0.17041 0.162194
0.170898 0.162658
0.171387 0.163122
0.171875 0.163586
0.172363 0.16405
0.172852 0.164514
0.17334 0.164978
0.173828 0.165442
0.174316 0.165906
0.174805 0.16637
0.175293 0.166834
0.175781 0.167298
0.17627 0.167762
0.176758 0.168226
0.177246 0.16869
0.177734 0.169154
0.178223 0.169618
0.178711 0.170082
0.179199 0.170546
0.179688 0.17101
0.180176 0.171474
0.180664 0.171938
0.181152 0.172402
0.181641 0.172866
0.182129 0.17333
0.182617 0.173794
0.183105 0.174258
0.183594 0.174722
0.184082 0.175186
0.18457 0.17565
0.185059 0.176114
0.185547 0.176577
0.186035 0.177041
0.186523 0.177505
0.187012 0.177969
0.1875 0.178433
0.187988 0.178897
0.188477 0.179361
0.188965 0.179825
0.189453 0.180289
0.189941 0.180752
0.19043 0.181216
0.190918 0.18168
0.191406 0.182144
0.191895 0.182608
0.192383 0.183072
0.192871 0.183535
0.193359 0.183999
0.193848 0.184463
0.194336 0.184927
0.194824 0.185391
0.195312 0.185854
0.195801 0.186318
0.196289 0.186782
0.196777 0.187246
0.197266 0.18771
0.197754 0.188173
0.198242 0.188637
0.19873 0.189101
0.199219 0.189565
0.199707 0.190028
0.200195 0.190492
0.200684 0.190956
0.201172 0.191419
0.20166 0.191883
0.202148 0.192347
0.202637 0.192811
0.203125 0.193274
0.203613 0.193738
0.204102 0.194202
0.20459 0.194665
0.205078 0.195129
0.205566 0.195593
0.206055 0.196056
0.206543 0.19652
0.207031 0.196983
0.20752 0.197447
0.208008 0.197911
0.208496 0.198374
0.208984 0.198838
0.209473 0.199302
0.209961 0.199765
0.210449 0.200229
0.210938 0.200692
0.211426 0.201156
0.211914 0.201619
0.212402 0.202083
0.212891 0.202547
0.213379 0.20301
0.213867 0.203474
0.214355 0.203937
0.214844 0.204401
0.215332 0.204864
0.21582 0.205328
0.216309 0.205791
0.216797 0.206255
0.217285 0.206718
0.217773 0.207182
0.218262 0.207645
0.21875 0.208109
0.219238 0.208572
0.219727 0.209036
0.220215 0.209499
0.220703 0.209962
0.221191 0.210426
0.22168 0.210889
0.222168 0.211353
0.222656 0.211816
0.223145 0.212279
0.223633 0.212743
0.224121 0.213206
0.224609 0.21367
0.225098 0.214133
0.225586 0.214596
0.226074 0.21506
0.226562 0.215523
0.227051 0.215986
0.227539 0.21645
0.228027 0.216913
0.228516 0.217376
0.229004 0.21784
0.229492 0.218303
0.22998 0.218766
0.230469 0.21923
0.230957 0.219693
0.231445 0.220156
0.231934 0.220619
0.232422 0.221083
0.23291 0.221546
0.233398 0.222009
0.233887 0.222472
0.234375 0.222936
0.234863 0.223399
0.235352 0.223862
0.23584 0.224325
0.236328 0.224788
0.236816 0.225252
0.237305 0.225715
0.237793 0.226178
0.238281 0.226641
0.23877 0.227104
0.239258 0.227567
0.239746 0.228031
0.240234 0.228494
0.240723 0.228957
0.241211 0.22942
0.241699 0.229883
0.242188 0.230346
0.242676 0.230809
0.243164 0.231272
0.243652 0.231735
0.244141 0.232198
0.244629 0.232661
0.245117 0.233125
0.245605 0.233588
0.246094 0.234051
0.246582 0.234514
0.24707 0.234977
0.247559 0.23544
0.248047 0.235903
0.248535 0.236366
0.249023 0.236829
0.249512 0.237292
0.25 0.237755
0.250488 0.238218
0.250977 0.23868
0.251465 0.239143
0.251953 0.239606
0.252441 0.240069
0.25293 0.240532
0.253418 0.240995
0.253906 0.241458
0.254395 0.241921
0.254883 0.242384
0.255371 0.242847
0.255859 0.243309
0.256348 0.243772
0.256836 0.244235
0.257324 0.244698
0.257812 0.245161
0.258301 0.245624
0.258789 0.246086
0.259277 0.246549
0.259766 0.247012
0.260254 0.247475
0.260742 0.247938
0.26123 0.2484
0.261719 0.248863
0.262207 0.249326
0.262695 0.249789
0.263184 0.250251
0.263672 0.250714
0.26416 0.251177
0.264648 0.251639
0.265137 0.252102
0.265625 0.252565
0.266113 0.253028
0.266602 0.25349
0.26709 0.253953
0.267578 0.254415
0.268066 0.254878
0.268555 0.255341
0.269043 0.255803
0.269531 0.256266
0.27002 0.256729
0.270508 0.257191
0.270996 0.257654
0.271484 0.258116
0.271973 0.258579
0.272461 0.259041
0.272949 0.259504
0.273438 0.259967
0.273926 0.260429
0.274414 0.260892
0.274902 0.261354
0.275391 0.261817
0.275879 0.262279
0.276367 0.262742
0.276855 0.263204
0.277344 0.263666
0.277832 0.264129
0.27832 0.264591
0.278809 0.265054
0.279297 0.265516
0.279785 0.265979
0.280273 0.266441
0.280762 0.266903
0.28125 0.267366
0.281738 0.267828
0.282227 0.268291
0.282715 0.268753
0.283203 0.269215
0.283691 0.269678
0.28418 0.27014
0.284668 0.270602
0.285156 0.271065
0.285645 0.271527
0.286133 0.271989
0.286621 0.272451
0.287109 0.272914
0.287598 0.273376
0.288086 0.273838
0.288574 0.2743
0.289062 0.274763
0.289551 0.275225
0.290039 0.275687
0.290527 0.276149
0.291016 0.276611
0.291504 0.277074
0.291992 0.277536
0.29248 0.277998
0.292969 0.27846
0.293457 0.278922
0.293945 0.279384
0.294434 0.279846
0.294922 0.280309
0.29541 0.280771
0.295898 0.281233
0.296387 0.281695
0.296875 0.282157
0.297363 0.282619
0.297852 0.283081
0.29834 0.283543
0.298828 0.284005
0.299316 0.284467
0.299805 0.284929
0.300293 0.285391
0.300781 0.285853
0.30127 0.286315
0.301758 0.286777
0.302246 0.287239
0.302734 0.287701
0.303223 0.288163
0.303711 0.288625
0.304199 0.289086
0.304688 0.289548
0.305176 0.29001
0.305664 0.290472
0.306152 0.290934
0.306641 0.291396
0.307129 0.291858
0.307617 0.29232
0.308105 0.292781
0.308594 0.293243
0.309082 0.293705
0.30957 0.294167
0.310059 0.294628
0.310547 0.29509
0.311035 0.295552
0.311523 0.296014
0.312012 0.296475
0.3125 0.296937
0.312988 0.297399
0.313477 0.297861
0.313965 0.298322
0.314453 0.298784
0.314941 0.299246
0.31543 0.299707
0.315918 0.300169
0.316406 0.300631
0.316895 0.301092
0.317383 0.301554
0.317871 0.302015
0.318359 0.302477
0.318848 0.302939
0.319336 0.3034
0.319824 0.303862
0.320312 0.304323
0.320801 0.304785
0.321289 0.305246
0.321777 0.305708
0.322266 0.306169
0.322754 0.306631
0.323242 0.307092
0.32373 0.307554
0.324219 0.308015
0.324707 0.308477
0.325195 0.308938
0.325684 0.309399
0.326172 0.309861
0.32666 0.310322
0.327148 0.310784
0.327637 0.311245
0.328125 0.311706
0.328613 0.312168
0.329102 0.312629
0.32959 0.31309
0.330078 0.313552
0.330566 0.314013
0.331055 0.314474
0.331543 0.314935
0.332031 0.315397
0.33252 0.315858
0.333008 0.316319
0.333496 0.31678
0.333984 0.317242
0.334473 0.317703
0.334961 0.318164
0.335449 0.318625
0.335938 0.319086
0.336426 0.319547
0.336914 0.320009
0.337402 0.32047
0.337891 0.320931
0.338379 0.321392
0.338867 0.321853
0.339355 0.322314
0.339844 0.322775
0.340332 0.323236
0.34082 0.323697
0.341309 0.324158
0.341797 0.324619
0.342285 0.32508
0.342773 0.325541
0.343262 0.326002
0.34375 0.326463
0.344238 0.326924
0.344727 0.327385
0.345215 0.327846
0.345703 0.328307
0.346191 0.328768
0.34668 0.329229
0.347168 0.32969
0.347656 0.330151
0.348145 0.330611
0.348633 0.331072
0.349121 0.331533
0.349609 0.331994
0.350098 0.332455
0.350586 0.332915
0.351074 0.333376
0.351562 0.333837
0.352051 0.334298
0.352539 0.334759
0.353027 0.335219
0.353516 0.33568
0.354004 0.336141
0.354492 0.336601
0.35498 0.337062
0.355469 0.337523
0.355957 0.337983
0.356445 0.338444
0.356934 0.338905
0.357422 0.339365
0.35791 0.339826
0.358398 0.340286
0.358887 0.340747
0.359375 0.341208
0.359863 0.341668
0.360352 0.342129
0.36084 0.342589
0.361328 0.34305
0.361816 0.34351
0.362305 0.343971
0.362793 0.344431
0.363281 0.344891
0.36377 0.345352
0.364258 0.345812
0.364746 0.346273
0.365234 0.346733
0.365723 0.347194
0.366211 0.347654
0.366699 0.348114
0.367188 0.348575
0.367676 0.349035
0.368164 0.349495
0.368652 0.349956
0.369141 0.350416
0.369629 0.350876
0.370117 0.351336
0.370605 0.351797
0.371094 0.352257
0.371582 0.352717
0.37207 0.353177
0.372559 0.353637
0.373047 0.354098
0.373535 0.354558
0.374023 0.355018
0.374512 0.355478
0.375 0.355938
0.375488 0.356398
0.375977 0.356858
0.376465 0.357318
0.376953 0.357779
0.377441 0.358239
0.37793 0.358699
0.378418 0.359159
0.378906 0.359619
0.379395 0.360079
0.379883 0.360539
0.380371 0.360999
0.380859 0.361459
0.381348 0.361919
0.381836 0.362378
0.382324 0.362838
0.382812 0.363298
0.383301 0.363758
0.383789 0.364218
0.384277 0.364678
0.384766 0.365138
0.385254 0.365597
0.385742 0.366057
0.38623 0.366517
0.386719 0.366977
0.387207 0.367437
0.387695 0.367896
0.388184 0.368356
0.388672 0.368816
0.38916 0.369276
0.389648 0.369735
0.390137 0.370195
0.390625 0.370655
0.391113 0.371114
0.391602 0.371574
0.39209 0.372033
0.392578 0.372493
0.393066 0.372953
0.393555 0.373412
0.394043 0.373872
0.394531 0.374331
0.39502 0.374791
0.395508 0.37525
0.395996 0.37571
0.396484 0.376169
0.396973 0.376629
0.397461 0.377088
0.397949 0.377548
0.398438 0.378007
0.398926 0.378467
0.399414 0.378926
0.399902 0.379385
0.400391 0.379845
0.400879 0.380304
0.401367 0.380763
0.401855 0.381223
0.402344 0.381682
0.402832 0.382141
0.40332 0.3826
0.403809 0.38306
0.404297 0.383519
0.404785 0.383978
0.405273 0.384437
0.405762 0.384897
0.40625 0.385356
0.406738 0.385815
0.407227 0.386274
0.407715 0.386733
0.408203 0.387192
0.408691 0.387651
0.40918 0.38811
0.409668 0.38857
0.410156 0.389029
0.410645 0.389488
0.411133 0.389947
0.411621 0.390406
0.412109 0.390865
0.412598 0.391324
0.413086 0.391783
0.413574 0.392241
0.414062 0.3927
0.414551 0.393159
0.415039 0.393618
0.415527 0.394077
0.416016 0.394536
0.416504 0.394995
0.416992 0.395454
0.41748 0.395912
0.417969 0.396371
0.418457 0.39683
0.418945 0.397289
0.419434 0.397747
0.419922 0.398206
0.42041 0.398665
0.420898 0.399124
0.421387 0.399582
0.421875 0.400041
0.422363 0.4005
0.422852 0.400958
0.42334 0.401417
0.423828 0.401875
0.424316 0.402334
0.424805 0.402793
0.425293 0.403251
0.425781 0.40371
0.42627 0.404168
0.426758 0.404627
0.427246 0.405085
0.427734 0.405544
0.428223 0.406002
0.428711 0.40646
0.429199 0.406919
0.429688 0.407377
0.430176 0.407836
0.430664 0.408294
0.431152 0.408752
0.431641 0.409211
0.432129 0.409669
0.432617 0.410127
0.433105 0.410585
0.433594 0.411044
0.434082 0.411502
0.43457 0.41196
0.435059 0.412418
0.435547 0.412877
0.436035 0.413335
0.436523 0.413793
0.437012 0.414251
0.4375 0.414709
0.437988 0.415167
0.438477 0.415625
0.438965 0.416083
0.439453 0.416541
0.439941 0.416999
0.44043 0.417457
0.440918 0.417915
0.441406 0.418373
0.441895 0.418831
0.442383 0.419289
0.442871 0.419747
0.443359 0.420205
0.443848 0.420663
0.444336 0.421121
0.444824 0.421579
0.445312 0.422037
0.445801 0.422494
0.446289 0.422952
0.446777 0.42341
0.447266 0.423868
0.447754 0.424325
0.448242 0.424783
0.44873 0.425241
0.449219 0.425699
0.449707 0.426156
0.450195 0.426614
0.450684 0.427072
0.451172 0.427529
0.45166 0.427987
0.452148 0.428444
0.452637 0.428902
0.453125 0.429359
0.453613 0.429817
0.454102 0.430274
0.45459 0.430732
0.455078 0.431189
0.455566 0.431647
0.456055 0.432104
0.456543 0.432562
0.457031 0.433019
0.45752 0.433477
0.458008 0.433934
0.458496 0.434391
0.458984 0.434849
0.459473 0.435306
0.459961 0.435763
0.460449 0.43622
0.460938 0.436678
0.461426 0.437135
0.461914 0.437592
0.462402 0.438049
0.462891 0.438506
0.463379 0.438964
0.463867 0.439421
0.464355 0.439878
0.464844 0.440335
0.465332 0.440792
0.46582 0.441249
0.466309 0.441706
0.466797 0.442163
0.467285 0.44262
0.467773 0.443077
0.468262 0.443534
0.46875 0.443991
0.469238 0.444448
0.469727 0.444905
0.470215 0.445362
0.470703 0.445818
0.471191 0.446275
0.47168 0.446732
0.472168 0.447189
0.472656 0.447646
0.473145 0.448102
0.473633 0.448559
0.474121 0.449016
0.474609 0.449473
0.475098 0.449929
0.475586 0.450386
0.476074 0.450843
0.476562 0.451299
0.477051 0.451756
0.477539 0.452212
0.478027 0.452669
0.478516 0.453126
0.479004 0.453582
0.479492 0.454039
0.47998 0.454495
0.480469 0.454952
0.480957 0.455408
0.481445 0.455864
0.481934 0.456321
0.482422 0.456777
0.48291 0.457234
0.483398 0.45769
0.483887 0.458146
0.484375 0.458602
0.484863 0.459059
0.485352 0.459515
0.48584 0.459971
0.486328 0.460427
0.486816 0.460884
0.487305 0.46134
0.487793 0.461796
0.488281 0.462252
0.48877 0.462708
0.489258 0.463164
0.489746 0.46362
0.490234 0.464076
0.490723 0.464532
0.491211 0.464988
0.491699 0.465442
0.492188 0.465896
0.492676 0.466347
0.493164 0.466792
0.493652 0.467224
0.494141 0.467629
0.494629 0.467977
0.495117 0.468199
0.495605 0.468153
0.496094 0.467533
0.496582 0.465685
0.49707 0.461226
0.497559 0.451279
0.498047 0.430094
0.498535 0.387109
0.499023 0.306434
0.499512 0.174339
0.5 2.7111e-14
0.500488 -0.174339
0.500977 -0.306434
0.501465 -0.387109
0.501953 -0.430094
0.502441 -0.451279
0.50293 -0.461226
0.503418 -0.465685
0.503906 -0.467533
0.504395 -0.468153
0.504883 -0.468199
0.505371 -0.467977
0.505859 -0.467629
0.506348 -0.467224
0.506836 -0.466792
0.507324 -0.466347
0.507812 -0.465896
0.508301 -0.465442
0.508789 -0.464988
0.509277 -0.464532
0.509766 -0.464076
0.510254 -0.46362
0.510742 -0.463164
0.51123 -0.462708
0.511719 -0.462252
0.512207 -0.461796
0.512695 -0.46134
0.513184 -0.460884
0.513672 -0.460427
0.51416 -0.459971
0.514648 -0.459515
0.515137 -0.459059
0.515625 -0.458602
0.516113 -0.458146
0.516602 -0.45769
0.51709 -0.457234
0.517578 -0.456777
0.518066 -0.456321
0.518555 -0.455864
0.519043 -0.455408
0.519531 -0.454952
0.52002 -0.454495
0.520508 -0.454039
0.520996 -0.453582
0.521484 -0.453126
0.521973 -0.452669
0.522461 -0.452212
0.522949 -0.451756
0.523438 -0.451299
0.523926 -0.450843
0.524414 -0.450386
0.524902 -0.449929
0.525391 -0.449473
0.525879 -0.449016
0.526367 -0.448559
0.526855 -0.448102
0.527344 -0.447646
0.527832 -0.447189
0.52832 -0.446732
0.528809 -0.446275
0.529297 -0.445818
0.529785 -0.445362
0.530273 -0.444905
0.530762 -0.444448
0.53125 -0.443991
0.531738 -0.443534
0.532227 -0.443077
0.532715 -0.44262
0.533203 -0.442163
0.533691 -0.441706
0.53418 -0.441249
0.534668 -0.440792
0.535156 -0.440335
0.535645 -0.439878
0.536133 -0.439421
0.536621 -0.438964
0.537109 -0.438506
0.537598 -0.438049
0.538086 -0.437592
0.538574 -0.437135
0.539062 -0.436678
0.539551 -0.43622
0.540039 -0.435763
0.540527 -0.435306
0.541016 -0.434849
0.541504 -0.434391
0.541992 -0.433934
0.54248 -0.433477
0.542969 -0.433019
0.543457 -0.432562
0.543945 -0.432104
0.544434 -0.431647
0.544922 -0.431189
0.54541 -0.430732
0.545898 -0.430274
0.546387 -0.429817
0.546875 -0.429359
0.547363 -0.428902
0.547852 -0.428444
0.54834 -0.427987
0.548828 -0.427529
0.549316 -0.427072
0.549805 -0.426614
0.550293 -0.426156
0.550781 -0.425699
0.55127 -0.425241
0.551758 -0.424783
0.552246 -0.424325
0.552734 -0.423868
0.553223 -0.42341
0.553711 -0.422952
0.554199 -0.422494
0.554688 -0.422037
0.555176 -0.421579
0.555664 -0.421121
0.556152 -0.420663
0.556641 -0.420205
0.557129 -0.419747
0.557617 -0.419289
0.558105 -0.418831
0.558594 -0.418373
0.559082 -0.417915
0.55957 -0.417457
0.560059 -0.416999
0.560547 -0.416541
0.561035 -0.416083
0.561523 -0.415625
0.562012 -0.415167
0.5625 -0.414709
0.562988 -0.414251
0.563477 -0.413793
0.563965 -0.413335
0.564453 -0.412877
0.564941 -0.412418
0.56543 -0.41196
0.565918 -0.411502
0.566406 -0.411044
0.566895 -0.410585
0.567383 -0.410127
0.567871 -0.409669
0.568359 -0.409211
0.568848 -0.408752
0.569336 -0.408294
0.569824 -0.407836
0.570312 -0.407377
0.570801 -0.406919
0.571289 -0.40646
0.571777 -0.406002
0.572266 -0.405544
0.572754 -0.405085
0.573242 -0.404627
0.57373 -0.404168
0.574219 -0.40371
0.574707 -0.403251
0.575195 -0.402793
0.575684 -0.402334
0.576172 -0.401875
0.57666 -0.401417
0.577148 -0.400958
0.577637 -0.4005
0.578125 -0.400041
0.578613 -0.399582
0.579102 -0.399124
0.57959 -0.398665
0.580078 -0.398206
0.580566 -0.397747
0.581055 -0.397289
0.581543 -0.39683
0.582031 -0.396371
0.58252 -0.395912
0.583008 -0.395454
0.583496 -0.394995
0.583984 -0.394536
0.584473 -0.394077
0.584961 -0.393618
0.585449 -0.393159
0.585938 -0.3927
0.586426 -0.392241
0.586914 -0.391783
0.587402 -0.391324
0.587891 -0.390865
0.588379 -0.390406
0.588867 -0.389947
0.589355 -0.389488
0.589844 -0.389029
0.590332 -0.38857
0.59082 -0.38811
0.591309 -0.387651
0.591797 -0.387192
0.592285 -0.386733
0.592773 -0.386274
0.593262 -0.385815
0.59375 -0.385356
0.594238 -0.384897
0.594727 -0.384437
0.595215 -0.383978
0.595703 -0.383519
0.596191 -0.38306
0.59668 -0.3826
0.597168 -0.382141
0.597656 -0.381682
0.598145 -0.381223
0.598633 -0.380763
0.599121 -0.380304
0.599609 -0.379845
0.600098 -0.379385
0.600586 -0.378926
0.601074 -0.378467
0.601562 -0.378007
0.602051 -0.377548
0.602539 -0.377088
0.603027 -0.376629
0.603516 -0.376169
0.604004 -0.37571
0.604492 -0.37525
0.60498 -0.374791
0.605469 -0.374331
0.605957 -0.373872
0.606445 -0.373412
0.606934 -0.372953
0.607422 -0.372493
0.60791 -0.372033
0.608398 -0.371574
0.608887 -0.371114
0.609375 -0.370655
0.609863 -0.370195
0.610352 -0.369735
0.61084 -0.369276
0.611328 -0.368816
0.611816 -0.368356
0.612305 -0.367896
0.612793 -0.367437
0.613281 -0.366977
0.61377 -0.366517
0.614258 -0.366057
0.614746 -0.365597
0.615234 -0.365138
0.615723 -0.364678
0.616211 -0.364218
0.616699 -0.363758
0.617188 -0.363298
0.617676 -0.362838
0.618164 -0.362378
0.618652 -0.361919
0.619141 -0.361459
0.619629 -0.360999
0.620117 -0.360539
0.620605 -0.360079
0.621094 -0.359619
0.621582 -0.359159
0.62207 -0.358699
0.622559 -0.358239
0.623047 -0.357779
0.623535 -0.357318
0.624023 -0.356858
0.624512 -0.356398
0.625 -0.355938
0.625488 -0.355478
0.625977 -0.355018
0.626465 -0.354558
0.626953 -0.354098
0.627441 -0.353637
0.62793 -0.353177
0.628418 -0.352717
0.628906 -0.352257
0.629395 -0.351797
0.629883 -0.351336
0.630371 -0.350876
0.630859 -0.350416
0.631348 -0.349956
0.631836 -0.349495
0.632324 -0.349035
0.632812 -0.348575
0.633301 -0.348114
0.633789 -0.347654
0.634277 -0.347194
0.634766 -0.346733
0.635254 -0.346273
0.635742 -0.345812
0.63623 -0.345352
0.636719 -0.344891
0.637207 -0.344431
0.637695 -0.343971
0.638184 -0.34351
0.638672 -0.34305
0.63916 -0.342589
0.639648 -0.342129
0.640137 -0.341668
0.640625 -0.341208
0.641113 -0.340747
0.641602 -0.340286
0.64209 -0.339826
0.642578 -0.339365
0.643066 -0.338905
0.643555 -0.338444
0.644043 -0.337983
0.644531 -0.337523
0.64502 -0.337062
0.645508 -0.336601
0.645996 -0.336141
0.646484 -0.33568
0.646973 -0.335219
0.647461 -0.334759
0.647949 -0.334298
0.648438 -0.333837
0.648926 -0.333376
0.649414 -0.332915
0.649902 -0.332455
0.650391 -0.331994
0.650879 -0.331533
0.651367 -0.331072
0.651855 -0.330611
0.652344 -0.330151
0.652832 -0.32969
0.65332 -0.329229
0.653809 -0.328768
0.654297 -0.328307
0.654785 -0.327846
0.655273 -0.327385
0.655762 -0.326924
0.65625 -0.326463
0.656738 -0.326002
0.657227 -0.325541
0.657715 -0.32508
0.658203 -0.324619
0.658691 -0.324158
0.65918 -0.323697
0.659668 -0.323236
0.660156 -0.322775
0.660645 -0.322314
0.661133 -0.321853
0.661621 -0.321392
0.662109 -0.320931
0.662598 -0.32047
0.663086 -0.320009
0.663574 -0.319547
0.664062 -0.319086
0.664551 -0.318625
0.665039 -0.318164
0.665527 -0.317703
0.666016 -0.317242
0.666504 -0.31678
0.666992 -0.316319
0.66748 -0.315858
0.667969 -0.315397
0.668457 -0.314935
0.668945 -0.314474
0.669434 -0.314013
0.669922 -0.313552
0.67041 -0.31309
0.670898 -0.312629
0.671387 -0.312168
0.671875 -0.311706
0.672363 -0.311245
0.672852 -0.310784
0.67334 -0.310322
0.673828 -0.309861
0.674316 -0.309399
0.674805 -0.308938
0.675293 -0.308477
0.675781 -0.308015
0.67627 -0.307554
0.676758 -0.307092
0.677246 -0.306631
0.677734 -0.306169
0.678223 -0.305708
0.678711 -0.305246
0.679199 -0.304785
0.679688 -0.304323
0.680176 -0.303862
0.680664 -0.3034
0.681152 -0.302939
0.681641 -0.302477
0.682129 -0.302015
0.682617 -0.301554
0.683105 -0.301092
0.683594 -0.300631
0.684082 -0.300169
0.68457 -0.299707
0.685059 -0.299246
0.685547 -0.298784
0.686035 -0.298322
0.686523 -0.297861
0.687012 -0.297399
0.6875 -0.296937
0.687988 -0.296475
0.688477 -0.296014
0.688965 -0.295552
0.689453 -0.29509
0.689941 -0.294628
0.69043 -0.294167
0.690918 -0.293705
0.691406 -0.293243
0.691895 -0.292781
0.692383 -0.29232
0.692871 -0.291858
0.693359 -0.291396
0.693848 -0.290934
0.694336 -0.290472
0.694824 -0.29001
0.695312 -0.289548
0.695801 -0.289086
0.696289 -0.288625
0.696777 -0.288163
0.697266 -0.287701
0.697754 -0.287239
0.698242 -0.286777
0.69873 -0.286315
0.699219 -0.285853
0.699707 -0.285391
0.700195 -0.284929
0.700684 -0.284467
0.701172 -0.284005
0.70166 -0.283543
0.702148 -0.283081
0.702637 -0.282619
0.703125 -0.282157
0.703613 -0.281695
0.704102 -0.281233
0.70459 -0.280771
0.705078 -0.280309
0.705566 -0.279846
0.706055 -0.279384
0.706543 -0.278922
0.707031 -0.27846
0.70752 -0.277998
0.708008 -0.277536
0.708496 -0.277074
0.708984 -0.276611
0.709473 -0.276149
0.709961 -0.275687
0.710449 -0.275225
0.710938 -0.274763
0.711426 -0.2743
0.711914 -0.273838
0.712402 -0.273376
0.712891 -0.272914
0.713379 -0.272451
0.713867 -0.271989
0.714355 -0.271527
0.714844 -0.271065
0.715332 -0.270602
0.71582 -0.27014
0.716309 -0.269678
0.716797 -0.269215
0.717285 -0.268753
0.717773 -0.268291
0.718262 -0.267828
0.71875 -0.267366
0.719238 -0.266903
0.719727 -0.266441
0.720215 -0.265979
0.720703 -0.265516
0.721191 -0.265054
0.72168 -0.264591
0.722168 -0.264129
0.722656 -0.263666
0.723145 -0.263204
0.723633 -0.262742
0.724121 -0.262279
0.724609 -0.261817
0.725098 -0.261354
0.725586 -0.260892
0.726074 -0.260429
0.726562 -0.259967
0.727051 -0.259504
0.727539 -0.259041
0.728027 -0.258579
0.728516 -0.258116
0.729004 -0.257654
0.729492 -0.257191
0.72998 -0.256729
0.730469 -0.256266
0.730957 -0.255803
0.731445 -0.255341
0.731934 -0.254878
0.732422 -0.254415
0.73291 -0.253953
0.733398 -0.25349
0.733887 -0.253028
0.734375 -0.252565
0.734863 -0.252102
0.735352 -0.251639
0.73584 -0.251177
0.736328 -0.250714
0.736816 -0.250251
0.737305 -0.249789
0.737793 -0.249326
0.738281 -0.248863
0.73877 -0.2484
0.739258 -0.247938
0.739746 -0.247475
0.740234 -0.247012
0.740723 -0.246549
0.741211 -0.246086
0.741699 -0.245624
0.742188 -0.245161
0.742676 -0.244698
0.743164 -0.244235
0.743652 -0.243772
0.744141 -0.243309
0.744629 -0.242847
0.745117 -0.242384
0.745605 -0.241921
0.746094 -0.241458
0.746582 -0.240995
0.74707 -0.240532
0.747559 -0.240069
0.748047 -0.239606
0.748535 -0.239143
0.749023 -0.23868
0.749512 -0.238218
0.75 -0.237755
0.750488 -0.237292
0.750977 -0.236829
0.751465 -0.236366
0.751953 -0.235903
0.752441 -0.23544
0.75293 -0.234977
0.753418 -0.234514
0.753906 -0.234051
0.754395 -0.233588
0.754883 -0.233125
0.755371 -0.232661
0.755859 -0.232198
0.756348 -0.231735
0.756836 -0.231272
0.757324 -0.230809
0.757812 -0.230346
0.758301 -0.229883
0.758789 -0.22942
0.759277 -0.228957
0.759766 -0.228494
0.760254 -0.228031
0.760742 -0.227567
0.76123 -0.227104
0.761719 -0.226641
0.762207 -0.226178
0.762695 -0.225715
0.763184 -0.225252
0.763672 -0.224788
0.76416 -0.224325
0.764648 -0.223862
0.765137 -0.223399
0.765625 -0.222936
0.766113 -0.222472
0.766602 -0.222009
0.76709 -0.221546
0.767578 -0.221083
0.768066 -0.220619
0.768555 -0.220156
0.769043 -0.219693
0.769531 -0.21923
0.77002 -0.218766
0.770508 -0.218303
0.770996 -0.21784
0.771484 -0.217376
0.771973 -0.216913
0.772461 -0.21645
0.772949 -0.215986
0.773438 -0.215523
0.773926 -0.21506
0.774414 -0.214596
0.774902 -0.214133
0.775391 -0.21367
0.775879 -0.213206
0.776367 -0.212743
0.776855 -0.212279
0.777344 -0.211816
0.777832 -0.211353
0.77832 -0.210889
0.778809 -0.210426
0.779297 -0.209962
0.779785 -0.209499
0.780273 -0.209036
0.780762 -0.208572
0.78125 -0.208109
0.781738 -0.207645
0.782227 -0.207182
0.782715 -0.206718
0.783203 -0.206255
0.783691 -0.205791
0.78418 -0.205328
0.784668 -0.204864
0.785156 -0.204401
0.785645 -0.203937
0.786133 -0.203474
0.786621 -0.20301
0.787109 -0.202547
0.787598 -0.202083
0.788086 -0.201619
0.788574 -0.201156
0.789062 -0.200692
0.789551 -0.200229
0.790039 -0.199765
0.790527 -0.199302
0.791016 -0.198838
0.791504 -0.198374
0.791992 -0.197911
0.79248 -0.197447
0.792969 -0.196983
0.793457 -0.19652
0.793945 -0.196056
0.794434 -0.195593
0.794922 -0.195129
0.79541 -0.194665
0.795898 -0.194202
0.796387 -0.193738
0.796875 -0.193274
0.797363 -0.192811
0.797852 -0.192347
0.79834 -0.191883
0.798828 -0.191419
0.799316 -0.190956
0.799805 -0.190492
0.800293 -0.190028
0.800781 -0.189565
0.80127 -0.189101
0.801758 -0.188637
0.802246 -0.188173
0.802734 -0.18771
0.803223 -0.187246
0.803711 -0.186782
0.804199 -0.186318
0.804688 -0.185854
0.805176 -0.185391
0.805664 -0.184927
0.806152 -0.184463
0.806641 -0.183999
0.807129 -0.183535
0.807617 -0.183072
0.808105 -0.182608
0.808594 -0.182144
0.809082 -0.18168
0.80957 -0.181216
0.810059 -0.180752
0.810547 -0.180289
0.811035 -0.179825
0.811523 -0.179361
0.812012 -0.178897
0.8125 -0.178433
0.812988 -0.177969
0.813477 -0.177505
0.813965 -0.177041
0.814453 -0.176577
0.814941 -0.176114
0.81543 -0.17565
0.815918 -0.175186
0.816406 -0.174722
0.816895 -0.174258
0.817383 -0.173794
0.817871 -0.17333
0.818359 -0.172866
0.818848 -0.172402
0.819336 -0.171938
0.819824 -0.171474
0.820312 -0.17101
0.820801 -0.170546
0.821289 -0.170082
0.821777 -0.169618
0.822266 -0.169154
0.822754 -0.16869
0.823242 -0.168226
0.82373 -0.167762
0.824219 -0.167298
0.824707 -0.166834
0.825195 -0.16637
0.825684 -0.165906
0.826172 -0.165442
0.82666 -0.164978
0.827148 -0.164514
0.827637 -0.16405
0.828125 -0.163586
0.828613 -0.163122
0.829102 -0.162658
0.82959 -0.162194
0.830078 -0.16173
0.830566 -0.161266
0.831055 -0.160801
0.831543 -0.160337
0.832031 -0.159873
0.83252 -0.159409
0.833008 -0.158945
0.833496 -0.158481
0.833984 -0.158017
0.834473 -0.157553
0.834961 -0.157089
0.835449 -0.156624
0.835938 -0.15616
0.836426 -0.155696
0.836914 -0.155232
0.837402 -0.154768
0.837891 -0.154304
0.838379 -0.15384
0.838867 -0.153375
0.839355 -0.152911
0.839844 -0.152447
0.840332 -0.151983
0.84082 -0.151519
0.841309 -0.151054
0.841797 -0.15059
0.842285 -0.150126
0.842773 -0.149662
0.843262 -0.149198
0.84375 -0.148734
0.844238 -0.148269
0.844727 -0.147805
0.845215 -0.147341
0.845703 -0.146877
0.846191 -0.146412
0.84668 -0.145948
0.847168 -0.145484
0.847656 -0.14502
0.848145 -0.144555
0.848633 -0.144091
0.849121 -0.143627
0.849609 -0.143163
0.850098 -0.142698
0.850586 -0.142234
0.851074 -0.14177
0.851562 -0.141306
0.852051 -0.140841
0.852539 -0.140377
0.853027 -0.139913
0.853516 -0.139449
0.854004 -0.138984
0.854492 -0.13852
0.85498 -0.138056
0.855469 -0.137591
0.855957 -0.137127
0.856445 -0.136663
0.856934 -0.136199
0.857422 -0.135734
0.85791 -0.13527
0.858398 -0.134806
0.858887 -0.134341
0.859375 -0.133877
0.859863 -0.133413
0.860352 -0.132948
0.86084 -0.132484
0.861328 -0.13202
0.861816 -0.131555
0.862305 -0.131091
0.862793 -0.130627
0.863281 -0.130162
0.86377 -0.129698
0.864258 -0.129234
0.864746 -0.128769
0.865234 -0.128305
0.865723 -0.127841
0.866211 -0.127376
0.866699 -0.126912
0.867188 -0.126448
0.867676 -0.125983
0.868164 -0.125519
0.868652 -0.125054
0.869141 -0.12459
0.869629 -0.124126
0.870117 -0.123661
0.870605 -0.123197
0.871094 -0.122733
0.871582 -0.122268
0.87207 -0.121804
0.872559 -0.12134
0.873047 -0.120875
0.873535 -0.120411
0.874023 -0.119946
0.874512 -0.119482
0.875 -0.119018
0.875488 -0.118553
0.875977 -0.118089
0.876465 -0.117624
0.876953 -0.11716
0.877441 -0.116696
0.87793 -0.116231
0.878418 -0.115767
0.878906 -0.115303
0.879395 -0.114838
0.879883 -0.114374
0.880371 -0.113909
0.880859 -0.113445
0.881348 -0.112981
0.881836 -0.112516
0.882324 -0.112052
0.882812 -0.111587
0.883301 -0.111123
0.883789 -0.110659
0.884277 -0.110194
0.884766 -0.10973
0.885254 -0.109265
0.885742 -0.108801
0.88623 -0.108337
0.886719 -0.107872
0.887207 -0.107408
0.887695 -0.106943
0.888184 -0.106479
0.888672 -0.106015
0.88916 -0.10555
0.889648 -0.105086
0.890137 -0.104621
0.890625 -0.104157
0.891113 -0.103693
0.891602 -0.103228
0.89209 -0.102764
0.892578 -0.102299
0.893066 -0.101835
0.893555 -0.101371
0.894043 -0.100906
0.894531 -0.100442
0.89502 -0.0999775
0.895508 -0.0995132
0.895996 -0.0990488
0.896484 -0.0985844
0.896973 -0.09812
0.897461 -0.0976556
0.897949 -0.0971913
0.898438 -0.0967269
0.898926 -0.0962625
0.899414 -0.0957981
0.899902 -0.0953338
0.900391 -0.0948694
0.900879 -0.094405
0.901367 -0.0939407
0.901855 -0.0934763
0.902344 -0.093012
0.902832 -0.0925476
0.90332 -0.0920832
0.903809 -0.0916189
0.904297 -0.0911545
0.904785 -0.0906902
0.905273 -0.0902259
0.905762 -0.0897615
0.90625 -0.0892972
0.906738 -0.0888328
0.907227 -0.0883685
0.907715 -0.0879042
0.908203 -0.0874398
0.908691 -0.0869755
0.90918 -0.0865112
0.909668 -0.0860469
0.910156 -0.0855826
0.910645 -0.0851182
0.911133 -0.0846539
0.911621 -0.0841896
0.912109 -0.0837253
0.912598 -0.083261
0.913086 -0.0827967
0.913574 -0.0823324
0.914062 -0.0818682
0.914551 -0.0814039
0.915039 -0.0809396
0.915527 -0.0804753
0.916016 -0.080011
0.916504 -0.0795468
0.916992 -0.0790825
0.91748 -0.0786182
0.917969 -0.078154
0.918457 -0.0776897
0.918945 -0.0772255
0.919434 -0.0767612
0.919922 -0.076297
0.92041 -0.0758327
0.920898 -0.0753685
0.921387 -0.0749043
0.921875 -0.0744401
0.922363 -0.0739758
0.922852 -0.0735116
0.92334 -0.0730474
0.923828 -0.0725832
0.924316 -0.072119
0.924805 -0.0716548
0.925293 -0.0711906
0.925781 -0.0707264
0.92627 -0.0702623
0.926758 -0.0697981
0.927246 -0.0693339
0.927734 -0.0688698
0.928223 -0.0684056
0.928711 -0.0679414
0.929199 -0.0674773
0.929688 -0.0670131
0.930176 -0.066549
0.930664 -0.0660849
0.931152 -0.0656207
0.931641 -0.0651566
0.932129 -0.0646925
0.932617 -0.0642284
0.933105 -0.0637643
0.933594 -0.0633002
0.934082 -0.0628361
0.93457 -0.062372
0.935059 -0.0619079
0.935547 -0.0614438
0.936035 -0.0609797
0.936523 -0.0605157
0.937012 -0.0600516
0.9375 -0.0595876
0.937988 -0.0591235
0.938477 -0.0586595
0.938965 -0.0581954
0.939453 -0.0577314
0.939941 -0.0572674
0.94043 -0.0568033
0.940918 -0.0563393
0.941406 -0.0558753
0.941895 -0.0554113
0.942383 -0.0549473
0.942871 -0.0544833
0.943359 -0.0540193
0.943848 -0.0535553
0.944336 -0.0530914
0.944824 -0.0526274
0.945312 -0.0521634
0.945801 -0.0516995
0.946289 -0.0512355
0.946777 -0.0507716
0.947266 -0.0503076
0.947754 -0.0498437
0.948242 -0.0493798
0.94873 -0.0489159
0.949219 -0.0484519
0.949707 -0.047988
0.950195 -0.0475241
0.950684 -0.0470602
0.951172 -0.0465964
0.95166 -0.0461325
0.952148 -0.0456686
0.952637 -0.0452047
0.953125 -0.0447409
0.953613 -0.044277
0.954102 -0.0438131
0.95459 -0.0433493
0.955078 -0.0428854
0.955566 -0.0424216
0.956055 -0.0419578
0.956543 -0.041494
0.957031 -0.0410301
0.95752 -0.0405663
0.958008 -0.0401025
0.958496 -0.0396387
0.958984 -0.0391749
0.959473 -0.0387111
0.959961 -0.0382473
0.960449 -0.0377836
0.960938 -0.0373198
0.961426 -0.036856
0.961914 -0.0363923
0.962402 -0.0359285
0.962891 -0.0354648
0.963379 -0.035001
0.963867 -0.0345373
0.964355 -0.0340735
0.964844 -0.0336098
0.965332 -0.0331461
0.96582 -0.0326824
0.966309 -0.0322187
0.966797 -0.031755
0.967285 -0.0312913
0.967773 -0.0308276
0.968262 -0.0303639
0.96875 -0.0299002
0.969238 -0.0294365
0.969727 -0.0289728
0.970215 -0.0285092
0.970703 -0.0280455
0.971191 -0.0275818
0.97168 -0.0271182
0.972168 -0.0266545
0.972656 -0.0261909
0.973145 -0.0257272
0.973633 -0.0252636
0.974121 -0.0248
0.974609 -0.0243363
0.975098 -0.0238727
0.975586 -0.0234091
0.976074 -0.0229455
0.976562 -0.0224818
0.977051 -0.0220182
0.977539 -0.0215546
0.978027 -0.021091
0.978516 -0.0206274
0.979004 -0.0201638
0.979492 -0.0197002
0.97998 -0.0192367
0.980469 -0.0187731
0.980957 -0.0183095
0.981445 -0.0178459
0.981934 -0.0173823
0.982422 -0.0169188
0.98291 -0.0164552
0.983398 -0.0159917
0.983887 -0.0155281
0.984375 -0.0150645
0.984863 -0.014601
0.985352 -0.0141374
0.98584 -0.0136739
0.986328 -0.0132103
0.986816 -0.0127468
0.987305 -0.0122832
0.987793 -0.0118197
0.988281 -0.0113562
0.98877 -0.0108926
0.989258 -0.0104291
0.989746 -0.00996558
0.990234 -0.00950205
0.990723 -0.00903852
0.991211 -0.008575
0.991699 -0.00811147
0.992188 -0.00764795
0.992676 -0.00718443
0.993164 -0.00672091
0.993652 -0.0062574
0.994141 -0.00579388
0.994629 -0.00533037
0.995117 -0.00486685
0.995605 -0.00440334
0.996094 -0.00393983
0.996582 -0.00347632
0.99707 -0.00301281
0.997559 -0.0025493
0.998047 -0.00208579
0.998535 -0.00162228
0.999023 -0.00115877
0.999512 -0.000695262
1 -0.000231754
