0 0.0010567
0.000488281 0.00317022
0.000976562 0.00528411
0.00146484 0.00739858
0.00195312 0.00951388
0.00244141 0.0116302
0.00292969 0.0137478
0.00341797 0.0158668
0.00390625 0.0179874
0.00439453 0.0201097
0.00488281 0.0222339
0.00537109 0.0243601
0.00585938 0.0264883
0.00634766 0.0286187
0.00683594 0.0307512
0.00732422 0.0328858
0.0078125 0.0350227
0.00830078 0.0371617
0.00878906 0.0393027
0.00927734 0.0414459
0.00976562 0.043591
0.0102539 0.045738
0.0107422 0.0478867
0.0112305 0.0500372
0.0117188 0.0521893
0.012207 0.0543428
0.0126953 0.0564977
0.0131836 0.0586538
0.0136719 0.0608111
0.0141602 0.0629693
0.0146484 0.0651285
0.0151367 0.0672884
0.015625 0.069449
0.0161133 0.0716102
0.0166016 0.0737719
0.0170898 0.075934
0.0175781 0.0780964
0.0180664 0.080259
0.0185547 0.0824218
0.019043 0.0845847
0.0195312 0.0867477
0.0200195 0.0889107
0.0205078 0.0910736
0.0209961 0.0932364
0.0214844 0.0953991
0.0219727 0.0975616
0.0224609 0.0997239
0.0229492 0.101886
0.0234375 0.104048
0.0239258 0.106209
0.0244141 0.108371
0.0249023 0.110532
0.0253906 0.112692
0.0258789 0.114852
0.0263672 0.117012
0.0268555 0.119172
0.0273438 0.121331
0.027832 0.12349
0.0283203 0.125648
0.0288086 0.127806
0.0292969 0.129964
0.0297852 0.132121
0.0302734 0.134277
0.0307617 0.136434
0.03125 0.138589
0.0317383 0.140745
0.0322266 0.142899
0.0327148 0.145054
0.0332031 0.147208
0.0336914 0.149361
0.0341797 0.151514
0.034668 0.153666
0.0351562 0.155818
0.0356445 0.157969
0.0361328 0.16012
0.0366211 0.16227
0.0371094 0.16442
0.0375977 0.166569
0.0380859 0.168718
0.0385742 0.170866
0.0390625 0.173013
0.0395508 0.17516
0.0400391 0.177306
0.0405273 0.179452
0.0410156 0.181597
0.0415039 0.183741
0.0419922 0.185885
0.0424805 0.188028
0.0429688 0.19017
0.043457 0.192312
0.0439453 0.194454
0.0444336 0.196594
0.0449219 0.198734
0.0454102 0.200873
0.0458984 0.203012
0.0463867 0.20515
0.046875 0.207287
0.0473633 0.209423
0.0478516 0.211559
0.0483398 0.213694
0.0488281 0.215828
0.0493164 0.217962
0.0498047 0.220094
0.050293 0.222226
0.0507812 0.224358
0.0512695 0.226488
0.0517578 0.228618
0.0522461 0.230747
0.0527344 0.232875
0.0532227 0.235002
0.0537109 0.237129
0.0541992 0.239255
0.0546875 0.24138
0.0551758 0.243504
0.0556641 0.245627
0.0561523 0.247749
0.0566406 0.249871
0.0571289 0.251992
0.0576172 0.254112
0.0581055 0.256231
0.0585938 0.258349
0.059082 0.260466
0.0595703 0.262582
0.0600586 0.264698
0.0605469 0.266812
0.0610352 0.268926
0.0615234 0.271038
0.0620117 0.27315
0.0625 0.275261
0.0629883 0.277371
0.0634766 0.279479
0.0639648 0.281587
0.0644531 0.283694
0.0649414 0.2858
0.0654297 0.287905
0.065918 0.290009
0.0664062 0.292112
0.0668945 0.294214
0.0673828 0.296315
0.0678711 0.298415
0.0683594 0.300514
0.0688477 0.302611
0.0693359 0.304708
0.0698242 0.306804
0.0703125 0.308898
0.0708008 0.310992
0.0712891 0.313084
0.0717773 0.315176
0.0722656 0.317266
0.0727539 0.319355
0.0732422 0.321443
0.0737305 0.32353
0.0742188 0.325616
0.074707 0.3277
0.0751953 0.329784
0.0756836 0.331866
0.0761719 0.333947
0.0766602 0.336027
0.0771484 0.338106
0.0776367 0.340184
0.078125 0.34226
0.0786133 0.344335
0.0791016 0.346409
0.0795898 0.348482
0.0800781 0.350554
0.0805664 0.352624
0.0810547 0.354693
0.081543 0.356761
0.0820312 0.358827
0.0825195 0.360893
0.0830078 0.362957
0.0834961 0.365019
0.0839844 0.367081
0.0844727 0.369141
0.0849609 0.3712
0.0854492 0.373257
0.0859375 0.375313
0.0864258 0.377368
0.0869141 0.379421
0.0874023 0.381473
0.0878906 0.383524
0.0883789 0.385574
0.0888672 0.387622
0.0893555 0.389668
0.0898438 0.391713
0.090332 0.393757
0.0908203 0.3958
0.0913086 0.397841
0.0917969 0.39988
0.0922852 0.401918
0.0927734 0.403955
0.0932617 0.40599
0.09375 0.408024
0.0942383 0.410056
0.0947266 0.412087
0.0952148 0.414116
0.0957031 0.416144
0.0961914 0.41817
0.0966797 0.420195
0.097168 0.422218
0.0976562 0.42424
0.0981445 0.42626
0.0986328 0.428279
0.0991211 0.430296
0.0996094 0.432311
0.100098 0.434325
0.100586 0.436337
0.101074 0.438348
0.101562 0.440357
0.102051 0.442365
0.102539 0.444371
0.103027 0.446375
0.103516 0.448378
0.104004 0.450379
0.104492 0.452378
0.10498 0.454376
0.105469 0.456372
0.105957 0.458366
0.106445 0.460359
0.106934 0.462349
0.107422 0.464339
0.10791 0.466326
0.108398 0.468312
0.108887 0.470296
0.109375 0.472278
0.109863 0.474259
0.110352 0.476238
0.11084 0.478215
0.111328 0.48019
0.111816 0.482163
0.112305 0.484135
0.112793 0.486105
0.113281 0.488073
0.11377 0.490039
0.114258 0.492003
0.114746 0.493966
0.115234 0.495927
0.115723 0.497885
0.116211 0.499842
0.116699 0.501797
0.117188 0.50375
0.117676 0.505702
0.118164 0.507651
0.118652 0.509598
0.119141 0.511544
0.119629 0.513487
0.120117 0.515429
0.120605 0.517369
0.121094 0.519306
0.121582 0.521242
0.12207 0.523176
0.122559 0.525108
0.123047 0.527037
0.123535 0.528965
0.124023 0.530891
0.124512 0.532814
0.125 0.534736
0.125488 0.536655
0.125977 0.538573
0.126465 0.540488
0.126953 0.542402
0.127441 0.544313
0.12793 0.546222
0.128418 0.548129
0.128906 0.550034
0.129395 0.551937
0.129883 0.553837
0.130371 0.555736
0.130859 0.557632
0.131348 0.559526
0.131836 0.561418
0.132324 0.563308
0.132812 0.565196
0.133301 0.567081
0.133789 0.568964
0.134277 0.570845
0.134766 0.572724
0.135254 0.5746
0.135742 0.576474
0.13623 0.578346
0.136719 0.580216
0.137207 0.582083
0.137695 0.583948
0.138184 0.585811
0.138672 0.587671
0.13916 0.589529
0.139648 0.591385
0.140137 0.593239
0.140625 0.59509
0.141113 0.596938
0.141602 0.598784
0.14209 0.600628
0.142578 0.60247
0.143066 0.604309
0.143555 0.606145
0.144043 0.60798
0.144531 0.609811
0.14502 0.611641
0.145508 0.613467
0.145996 0.615292
0.146484 0.617113
0.146973 0.618933
0.147461 0.62075
0.147949 0.622564
0.148438 0.624376
0.148926 0.626185
0.149414 0.627992
0.149902 0.629796
0.150391 0.631597
0.150879 0.633396
0.151367 0.635192
0.151855 0.636986
0.152344 0.638777
0.152832 0.640566
0.15332 0.642352
0.153809 0.644135
0.154297 0.645915
0.154785 0.647693
0.155273 0.649468
0.155762 0.651241
0.15625 0.653011
0.156738 0.654778
0.157227 0.656542
0.157715 0.658303
0.158203 0.660062
0.158691 0.661818
0.15918 0.663572
0.159668 0.665322
0.160156 0.66707
0.160645 0.668815
0.161133 0.670557
0.161621 0.672296
0.162109 0.674032
0.162598 0.675766
0.163086 0.677496
0.163574 0.679224
0.164062 0.680949
0.164551 0.682671
0.165039 0.68439
0.165527 0.686106
0.166016 0.687819
0.166504 0.689529
0.166992 0.691237
0.16748 0.692941
0.167969 0.694642
0.168457 0.69634
0.168945 0.698036
0.169434 0.699728
0.169922 0.701417
0.17041 0.703103
0.170898 0.704786
0.171387 0.706466
0.171875 0.708143
0.172363 0.709817
0.172852 0.711488
0.17334 0.713156
0.173828 0.71482
0.174316 0.716481
0.174805 0.71814
0.175293 0.719795
0.175781 0.721446
0.17627 0.723095
0.176758 0.72474
0.177246 0.726383
0.177734 0.728022
0.178223 0.729657
0.178711 0.73129
0.179199 0.732919
0.179688 0.734545
0.180176 0.736167
0.180664 0.737787
0.181152 0.739403
0.181641 0.741015
0.182129 0.742624
0.182617 0.74423
0.183105 0.745833
0.183594 0.747432
0.184082 0.749028
0.18457 0.75062
0.185059 0.752209
0.185547 0.753794
0.186035 0.755376
0.186523 0.756955
0.187012 0.75853
0.1875 0.760101
0.187988 0.761669
0.188477 0.763234
0.188965 0.764795
0.189453 0.766352
0.189941 0.767906
0.19043 0.769456
0.190918 0.771003
0.191406 0.772546
0.191895 0.774085
0.192383 0.775621
0.192871 0.777153
0.193359 0.778681
0.193848 0.780206
0.194336 0.781727
0.194824 0.783245
0.195312 0.784758
0.195801 0.786268
0.196289 0.787774
0.196777 0.789277
0.197266 0.790776
0.197754 0.79227
0.198242 0.793761
0.19873 0.795249
0.199219 0.796732
0.199707 0.798212
0.200195 0.799687
0.200684 0.801159
0.201172 0.802627
0.20166 0.804091
0.202148 0.805551
0.202637 0.807007
0.203125 0.808459
0.203613 0.809908
0.204102 0.811352
0.20459 0.812792
0.205078 0.814228
0.205566 0.815661
0.206055 0.817089
0.206543 0.818513
0.207031 0.819933
0.20752 0.821349
0.208008 0.822761
0.208496 0.824168
0.208984 0.825572
0.209473 0.826971
0.209961 0.828366
0.210449 0.829757
0.210938 0.831144
0.211426 0.832527
0.211914 0.833905
0.212402 0.83528
0.212891 0.836649
0.213379 0.838015
0.213867 0.839376
0.214355 0.840733
0.214844 0.842086
0.215332 0.843434
0.21582 0.844778
0.216309 0.846118
0.216797 0.847453
0.217285 0.848784
0.217773 0.85011
0.218262 0.851432
0.21875 0.85275
0.219238 0.854063
0.219727 0.855371
0.220215 0.856675
0.220703 0.857975
0.221191 0.85927
0.22168 0.86056
0.222168 0.861846
0.222656 0.863127
0.223145 0.864404
0.223633 0.865676
0.224121 0.866943
0.224609 0.868206
0.225098 0.869464
0.225586 0.870717
0.226074 0.871966
0.226562 0.873209
0.227051 0.874449
0.227539 0.875683
0.228027 0.876912
0.228516 0.878137
0.229004 0.879357
0.229492 0.880572
0.22998 0.881782
0.230469 0.882988
0.230957 0.884188
0.231445 0.885384
0.231934 0.886574
0.232422 0.88776
0.23291 0.88894
0.233398 0.890116
0.233887 0.891287
0.234375 0.892452
0.234863 0.893613
0.235352 0.894769
0.23584 0.895919
0.236328 0.897064
0.236816 0.898205
0.237305 0.89934
0.237793 0.90047
0.238281 0.901595
0.23877 0.902714
0.239258 0.903829
0.239746 0.904938
0.240234 0.906042
0.240723 0.90714
0.241211 0.908234
0.241699 0.909322
0.242188 0.910404
0.242676 0.911482
0.243164 0.912554
0.243652 0.91362
0.244141 0.914681
0.244629 0.915737
0.245117 0.916787
0.245605 0.917832
0.246094 0.918872
0.246582 0.919905
0.24707 0.920934
0.247559 0.921956
0.248047 0.922973
0.248535 0.923985
0.249023 0.924991
0.249512 0.925991
0.25 0.926986
0.250488 0.927975
0.250977 0.928958
0.251465 0.929936
0.251953 0.930907
0.252441 0.931874
0.25293 0.932834
0.253418 0.933788
0.253906 0.934737
0.254395 0.93568
0.254883 0.936616
0.255371 0.937547
0.255859 0.938473
0.256348 0.939392
0.256836 0.940305
0.257324 0.941212
0.257812 0.942113
0.258301 0.943008
0.258789 0.943898
0.259277 0.944781
0.259766 0.945658
0.260254 0.946528
0.260742 0.947393
0.26123 0.948252
0.261719 0.949104
0.262207 0.94995
0.262695 0.95079
0.263184 0.951624
0.263672 0.952451
0.26416 0.953272
0.264648 0.954087
0.265137 0.954895
0.265625 0.955697
0.266113 0.956493
0.266602 0.957282
0.26709 0.958065
0.267578 0.958841
0.268066 0.959611
0.268555 0.960374
0.269043 0.961131
0.269531 0.961881
0.27002 0.962625
0.270508 0.963362
0.270996 0.964092
0.271484 0.964816
0.271973 0.965533
0.272461 0.966243
0.272949 0.966947
0.273438 0.967643
0.273926 0.968333
0.274414 0.969017
0.274902 0.969693
0.275391 0.970362
0.275879 0.971025
0.276367 0.97168
0.276855 0.972329
0.277344 0.972971
0.277832 0.973606
0.27832 0.974233
0.278809 0.974854
0.279297 0.975467
0.279785 0.976074
0.280273 0.976673
0.280762 0.977265
0.28125 0.97785
0.281738 0.978428
0.282227 0.978999
0.282715 0.979562
0.283203 0.980118
0.283691 0.980667
0.28418 0.981208
0.284668 0.981742
0.285156 0.982268
0.285645 0.982788
0.286133 0.983299
0.286621 0.983803
0.287109 0.9843
0.287598 0.984789
0.288086 0.985271
0.288574 0.985745
0.289062 0.986211
0.289551 0.98667
0.290039 0.987121
0.290527 0.987564
0.291016 0.987999
0.291504 0.988427
0.291992 0.988847
0.29248 0.989259
0.292969 0.989663
0.293457 0.99006
0.293945 0.990448
0.294434 0.990829
0.294922 0.991201
0.29541 0.991566
0.295898 0.991922
0.296387 0.99227
0.296875 0.992611
0.297363 0.992943
0.297852 0.993267
0.29834 0.993583
0.298828 0.99389
0.299316 0.994189
0.299805 0.99448
0.300293 0.994763
0.300781 0.995037
0.30127 0.995303
0.301758 0.995561
0.302246 0.99581
0.302734 0.996051
0.303223 0.996283
0.303711 0.996506
0.304199 0.996721
0.304688 0.996928
0.305176 0.997125
0.305664 0.997314
0.306152 0.997495
0.306641 0.997666
0.307129 0.997829
0.307617 0.997983
0.308105 0.998128
0.308594 0.998265
0.309082 0.998392
0.30957 0.99851
0.310059 0.99862
0.310547 0.99872
0.311035 0.998812
0.311523 0.998894
0.312012 0.998967
0.3125 0.999032
0.312988 0.999086
0.313477 0.999132
0.313965 0.999169
0.314453 0.999196
0.314941 0.999214
0.31543 0.999222
0.315918 0.999221
0.316406 0.999211
0.316895 0.999191
0.317383 0.999162
0.317871 0.999123
0.318359 0.999074
0.318848 0.999016
0.319336 0.998949
0.319824 0.998871
0.320312 0.998784
0.320801 0.998687
0.321289 0.998581
0.321777 0.998464
0.322266 0.998338
0.322754 0.998202
0.323242 0.998056
0.32373 0.997899
0.324219 0.997733
0.324707 0.997557
0.325195 0.997371
0.325684 0.997174
0.326172 0.996968
0.32666 0.996751
0.327148 0.996524
0.327637 0.996286
0.328125 0.996039
0.328613 0.99578
0.329102 0.995512
0.32959 0.995233
0.330078 0.994944
0.330566 0.994644
0.331055 0.994333
0.331543 0.994012
0.332031 0.99368
0.33252 0.993338
0.333008 0.992985
0.333496 0.992621
0.333984 0.992246
0.334473 0.99186
0.334961 0.991464
0.335449 0.991056
0.335938 0.990638
0.336426 0.990209
0.336914 0.989768
0.337402 0.989316
0.337891 0.988854
0.338379 0.98838
0.338867 0.987895
0.339355 0.987398
0.339844 0.986891
0.340332 0.986372
0.34082 0.985841
0.341309 0.985299
0.341797 0.984746
0.342285 0.984181
0.342773 0.983604
0.343262 0.983016
0.34375 0.982417
0.344238 0.981805
0.344727 0.981182
0.345215 0.980547
0.345703 0.9799
0.346191 0.979242
0.34668 0.978571
0.347168 0.977888
0.347656 0.977194
0.348145 0.976487
0.348633 0.975769
0.349121 0.975038
0.349609 0.974295
0.350098 0.973539
0.350586 0.972772
0.351074 0.971992
0.351562 0.9712
0.352051 0.970395
0.352539 0.969578
0.353027 0.968748
0.353516 0.967906
0.354004 0.967051
0.354492 0.966184
0.35498 0.965304
0.355469 0.964411
0.355957 0.963505
0.356445 0.962586
0.356934 0.961655
0.357422 0.960711
0.35791 0.959753
0.358398 0.958783
0.358887 0.9578
0.359375 0.956803
0.359863 0.955793
0.360352 0.95477
0.36084 0.953734
0.361328 0.952685
0.361816 0.951622
0.362305 0.950546
0.362793 0.949456
0.363281 0.948353
0.36377 0.947236
0.364258 0.946105
0.364746 0.944961
0.365234 0.943804
0.365723 0.942632
0.366211 0.941447
0.366699 0.940248
0.367188 0.939035
0.367676 0.937808
0.368164 0.936567
0.368652 0.935312
0.369141 0.934043
0.369629 0.932759
0.370117 0.931462
0.370605 0.93015
0.371094 0.928824
0.371582 0.927484
0.37207 0.926129
0.372559 0.92476
0.373047 0.923376
0.373535 0.921978
0.374023 0.920565
0.374512 0.919138
0.375 0.917696
0.375488 0.916239
0.375977 0.914767
0.376465 0.913281
0.376953 0.911779
0.377441 0.910263
0.37793 0.908731
0.378418 0.907185
0.378906 0.905624
0.379395 0.904047
0.379883 0.902455
0.380371 0.900848
0.380859 0.899226
0.381348 0.897588
0.381836 0.895935
0.382324 0.894266
0.382812 0.892582
0.383301 0.890883
0.383789 0.889168
0.384277 0.887437
0.384766 0.88569
0.385254 0.883928
0.385742 0.88215
0.38623 0.880356
0.386719 0.878546
0.387207 0.876721
0.387695 0.874879
0.388184 0.873021
0.388672 0.871148
0.38916 0.869258
0.389648 0.867351
0.390137 0.865429
0.390625 0.86349
0.391113 0.861535
0.391602 0.859564
0.39209 0.857576
0.392578 0.855572
0.393066 0.853551
0.393555 0.851514
0.394043 0.84946
0.394531 0.847389
0.39502 0.845302
0.395508 0.843198
0.395996 0.841077
0.396484 0.838939
0.396973 0.836784
0.397461 0.834612
0.397949 0.832424
0.398438 0.830218
0.398926 0.827995
0.399414 0.825755
0.399902 0.823498
0.400391 0.821224
0.400879 0.818933
0.401367 0.816624
0.401855 0.814298
0.402344 0.811954
0.402832 0.809593
0.40332 0.807214
0.403809 0.804818
0.404297 0.802405
0.404785 0.799974
0.405273 0.797525
0.405762 0.795058
0.40625 0.792574
0.406738 0.790072
0.407227 0.787552
0.407715 0.785015
0.408203 0.782459
0.408691 0.779886
0.40918 0.777294
0.409668 0.774685
0.410156 0.772058
0.410645 0.769412
0.411133 0.766749
0.411621 0.764067
0.412109 0.761367
0.412598 0.758649
0.413086 0.755913
0.413574 0.753158
0.414062 0.750386
0.414551 0.747594
0.415039 0.744785
0.415527 0.741957
0.416016 0.739111
0.416504 0.736246
0.416992 0.733363
0.41748 0.730461
0.417969 0.727541
0.418457 0.724602
0.418945 0.721645
0.419434 0.718669
0.419922 0.715674
0.42041 0.712661
0.420898 0.709629
0.421387 0.706579
0.421875 0.703509
0.422363 0.700421
0.422852 0.697315
0.42334 0.694189
0.423828 0.691045
0.424316 0.687882
0.424805 0.6847
0.425293 0.6815
0.425781 0.67828
0.42627 0.675042
0.426758 0.671785
0.427246 0.668509
0.427734 0.665214
0.428223 0.661901
0.428711 0.658568
0.429199 0.655217
0.429688 0.651846
0.430176 0.648457
0.430664 0.645049
0.431152 0.641622
0.431641 0.638177
0.432129 0.634712
0.432617 0.631228
0.433105 0.627726
0.433594 0.624205
0.434082 0.620665
0.43457 0.617106
0.435059 0.613528
0.435547 0.609932
0.436035 0.606317
0.436523 0.602682
0.437012 0.59903
0.4375 0.595358
0.437988 0.591668
0.438477 0.587959
0.438965 0.584231
0.439453 0.580485
0.439941 0.57672
0.44043 0.572937
0.440918 0.569135
0.441406 0.565314
0.441895 0.561475
0.442383 0.557618
0.442871 0.553742
0.443359 0.549847
0.443848 0.545935
0.444336 0.542004
0.444824 0.538054
0.445312 0.534087
0.445801 0.530101
0.446289 0.526098
0.446777 0.522076
0.447266 0.518036
0.447754 0.513979
0.448242 0.509903
0.44873 0.505809
0.449219 0.501698
0.449707 0.497569
0.450195 0.493423
0.450684 0.489259
0.451172 0.485077
0.45166 0.480878
0.452148 0.476661
0.452637 0.472428
0.453125 0.468177
0.453613 0.463908
0.454102 0.459623
0.45459 0.455321
0.455078 0.451002
0.455566 0.446666
0.456055 0.442314
0.456543 0.437945
0.457031 0.433559
0.45752 0.429157
0.458008 0.424739
0.458496 0.420304
0.458984 0.415854
0.459473 0.411387
0.459961 0.406904
0.460449 0.402406
0.460938 0.397892
0.461426 0.393362
0.461914 0.388817
0.462402 0.384257
0.462891 0.379681
0.463379 0.375091
0.463867 0.370485
0.464355 0.365865
0.464844 0.36123
0.465332 0.35658
0.46582 0.351916
0.466309 0.347238
0.466797 0.342545
0.467285 0.337839
0.467773 0.333118
0.468262 0.328384
0.46875 0.323637
0.469238 0.318876
0.469727 0.314102
0.470215 0.309314
0.470703 0.304514
0.471191 0.299701
0.47168 0.294875
0.472168 0.290037
0.472656 0.285187
0.473145 0.280324
0.473633 0.27545
0.474121 0.270563
0.474609 0.265666
0.475098 0.260756
0.475586 0.255836
0.476074 0.250905
0.476562 0.245962
0.477051 0.241009
0.477539 0.236046
0.478027 0.231072
0.478516 0.226088
0.479004 0.221094
0.479492 0.21609
0.47998 0.211077
0.480469 0.206055
0.480957 0.201023
0.481445 0.195983
0.481934 0.190934
0.482422 0.185876
0.48291 0.18081
0.483398 0.175736
0.483887 0.170654
0.484375 0.165565
0.484863 0.160468
0.485352 0.155363
0.48584 0.150252
0.486328 0.145134
0.486816 0.14001
0.487305 0.134879
0.487793 0.129741
0.488281 0.124599
0.48877 0.11945
0.489258 0.114296
0.489746 0.109136
0.490234 0.103972
0.490723 0.0988031
0.491211 0.0936295
0.491699 0.0884517
0.492188 0.0832697
0.492676 0.078084
0.493164 0.0728946
0.493652 0.0677019
0.494141 0.0625061
0.494629 0.0573074
0.495117 0.0521061
0.495605 0.0469023
0.496094 0.0416964
0.496582 0.0364886
0.49707 0.0312791
0.497559 0.0260681
0.498047 0.0208559
0.498535 0.0156428
0.499023 0.0104289
0.499512 0.00521459
0.5 2.04738e-16
0.500488 -0.00521459
0.500977 -0.0104289
0.501465 -0.0156428
0.501953 -0.0208559
0.502441 -0.0260681
0.50293 -0.0312791
0.503418 -0.0364886
0.503906 -0.0416964
0.504395 -0.0469023
0.504883 -0.0521061
0.505371 -0.0573074
0.505859 -0.0625061
0.506348 -0.0677019
0.506836 -0.0728946
0.507324 -0.078084
0.507812 -0.0832697
0.508301 -0.0884517
0.508789 -0.0936295
0.509277 -0.0988031
0.509766 -0.103972
0.510254 -0.109136
0.510742 -0.114296
0.51123 -0.11945
0.511719 -0.124599
0.512207 -0.129741
0.512695 -0.134879
0.513184 -0.14001
0.513672 -0.145134
0.51416 -0.150252
0.514648 -0.155363
0.515137 -0.160468
0.515625 -0.165565
0.516113 -0.170654
0.516602 -0.175736
0.51709 -0.18081
0.517578 -0.185876
0.518066 -0.190934
0.518555 -0.195983
0.519043 -0.201023
0.519531 -0.206055
0.52002 -0.211077
0.520508 -0.21609
0.520996 -0.221094
0.521484 -0.226088
0.521973 -0.231072
0.522461 -0.236046
0.522949 -0.241009
0.523438 -0.245962
0.523926 -0.250905
0.524414 -0.255836
0.524902 -0.260756
0.525391 -0.265666
0.525879 -0.270563
0.526367 -0.27545
0.526855 -0.280324
0.527344 -0.285187
0.527832 -0.290037
0.52832 -0.294875
0.528809 -0.299701
0.529297 -0.304514
0.529785 -0.309314
0.530273 -0.314102
0.530762 -0.318876
0.53125 -0.323637
0.531738 -0.328384
0.532227 -0.333118
0.532715 -0.337839
0.533203 -0.342545
0.533691 -0.347238
0.53418 -0.351916
0.534668 -0.35658
0.535156 -0.36123
0.535645 -0.365865
0.536133 -0.370485
0.536621 -0.375091
0.537109 -0.379681
0.537598 -0.384257
0.538086 -0.388817
0.538574 -0.393362
0.539062 -0.397892
0.539551 -0.402406
0.540039 -0.406904
0.540527 -0.411387
0.541016 -0.415854
0.541504 -0.420304
0.541992 -0.424739
0.54248 -0.429157
0.542969 -0.433559
0.543457 -0.437945
0.543945 -0.442314
0.544434 -0.446666
0.544922 -0.451002
0.54541 -0.455321
0.545898 -0.459623
0.546387 -0.463908
0.546875 -0.468177
0.547363 -0.472428
0.547852 -0.476661
0.54834 -0.480878
0.548828 -0.485077
0.549316 -0.489259
0.549805 -0.493423
0.550293 -0.497569
0.550781 -0.501698
0.55127 -0.505809
0.551758 -0.509903
0.552246 -0.513979
0.552734 -0.518036
0.553223 -0.522076
0.553711 -0.526098
0.554199 -0.530101
0.554688 -0.534087
0.555176 -0.538054
0.555664 -0.542004
0.556152 -0.545935
0.556641 -0.549847
0.557129 -0.553742
0.557617 -0.557618
0.558105 -0.561475
0.558594 -0.565314
0.559082 -0.569135
0.55957 -0.572937
0.560059 -0.57672
0.560547 -0.580485
0.561035 -0.584231
0.561523 -0.587959
0.562012 -0.591668
0.5625 -0.595358
0.562988 -0.59903
0.563477 -0.602682
0.563965 -0.606317
0.564453 -0.609932
0.564941 -0.613528
0.56543 -0.617106
0.565918 -0.620665
0.566406 -0.624205
0.566895 -0.627726
0.567383 -0.631228
0.567871 -0.634712
0.568359 -0.638177
0.568848 -0.641622
0.569336 -0.645049
0.569824 -0.648457
0.570312 -0.651846
0.570801 -0.655217
0.571289 -0.658568
0.571777 -0.661901
0.572266 -0.665214
0.572754 -0.668509
0.573242 -0.671785
0.57373 -0.675042
0.574219 -0.67828
0.574707 -0.6815
0.575195 -0.6847
0.575684 -0.687882
0.576172 -0.691045
0.57666 -0.694189
0.577148 -0.697315
0.577637 -0.700421
0.578125 -0.703509
0.578613 -0.706579
0.579102 -0.709629
0.57959 -0.712661
0.580078 -0.715674
0.580566 -0.718669
0.581055 -0.721645
0.581543 -0.724602
0.582031 -0.727541
0.58252 -0.730461
0.583008 -0.733363
0.583496 -0.736246
0.583984 -0.739111
0.584473 -0.741957
0.584961 -0.744785
0.585449 -0.747594
0.585938 -0.750386
0.586426 -0.753158
0.586914 -0.755913
0.587402 -0.758649
0.587891 -0.761367
0.588379 -0.764067
0.588867 -0.766749
0.589355 -0.769412
0.589844 -0.772058
0.590332 -0.774685
0.59082 -0.777294
0.591309 -0.779886
0.591797 -0.782459
0.592285 -0.785015
0.592773 -0.787552
0.593262 -0.790072
0.59375 -0.792574
0.594238 -0.795058
0.594727 -0.797525
0.595215 -0.799974
0.595703 -0.802405
0.596191 -0.804818
0.59668 -0.807214
0.597168 -0.809593
0.597656 -0.811954
0.598145 -0.814298
0.598633 -0.816624
0.599121 -0.818933
0.599609 -0.821224
0.600098 -0.823498
0.600586 -0.825755
0.601074 -0.827995
0.601562 -0.830218
0.602051 -0.832424
0.602539 -0.834612
0.603027 -0.836784
0.603516 -0.838939
0.604004 -0.841077
0.604492 -0.843198
0.60498 -0.845302
0.605469 -0.847389
0.605957 -0.84946
0.606445 -0.851514
0.606934 -0.853551
0.607422 -0.855572
0.60791 -0.857576
0.608398 -0.859564
0.608887 -0.861535
0.609375 -0.86349
0.609863 -0.865429
0.610352 -0.867351
0.61084 -0.869258
0.611328 -0.871148
0.611816 -0.873021
0.612305 -0.874879
0.612793 -0.876721
0.613281 -0.878546
0.61377 -0.880356
0.614258 -0.88215
0.614746 -0.883928
0.615234 -0.88569
0.615723 -0.887437
0.616211 -0.889168
0.616699 -0.890883
0.617188 -0.892582
0.617676 -0.894266
0.618164 -0.895935
0.618652 -0.897588
0.619141 -0.899226
0.619629 -0.900848
0.620117 -0.902455
0.620605 -0.904047
0.621094 -0.905624
0.621582 -0.907185
0.62207 -0.908731
0.622559 -0.910263
0.623047 -0.911779
0.623535 -0.913281
0.624023 -0.914767
0.624512 -0.916239
0.625 -0.917696
0.625488 -0.919138
0.625977 -0.920565
0.626465 -0.921978
0.626953 -0.923376
0.627441 -0.92476
0.62793 -0.926129
0.628418 -0.927484
0.628906 -0.928824
0.629395 -0.93015
0.629883 -0.931462
0.630371 -0.932759
0.630859 -0.934043
0.631348 -0.935312
0.631836 -0.936567
0.632324 -0.937808
0.632812 -0.939035
0.633301 -0.940248
0.633789 -0.941447
0.634277 -0.942632
0.634766 -0.943804
0.635254 -0.944961
0.635742 -0.946105
0.63623 -0.947236
0.636719 -0.948353
0.637207 -0.949456
0.637695 -0.950546
0.638184 -0.951622
0.638672 -0.952685
0.63916 -0.953734
0.639648 -0.95477
0.640137 -0.955793
0.640625 -0.956803
0.641113 -0.9578
0.641602 -0.958783
0.64209 -0.959753
0.642578 -0.960711
0.643066 -0.961655
0.643555 -0.962586
0.644043 -0.963505
0.644531 -0.964411
0.64502 -0.965304
0.645508 -0.966184
0.645996 -0.967051
0.646484 -0.967906
0.646973 -0.968748
0.647461 -0.969578
0.647949 -0.970395
0.648438 -0.9712
0.648926 -0.971992
0.649414 -0.972772
0.649902 -0.973539
0.650391 -0.974295
0.650879 -0.975038
0.651367 -0.975769
0.651855 -0.976487
0.652344 -0.977194
0.652832 -0.977888
0.65332 -0.978571
0.653809 -0.979242
0.654297 -0.9799
0.654785 -0.980547
0.655273 -0.981182
0.655762 -0.981805
0.65625 -0.982417
0.656738 -0.983016
0.657227 -0.983604
0.657715 -0.984181
0.658203 -0.984746
0.658691 -0.985299
0.65918 -0.985841
0.659668 -0.986372
0.660156 -0.986891
0.660645 -0.987398
0.661133 -0.987895
0.661621 -0.98838
0.662109 -0.988854
0.662598 -0.989316
0.663086 -0.989768
0.663574 -0.990209
0.664062 -0.990638
0.664551 -0.991056
0.665039 -0.991464
0.665527 -0.99186
0.666016 -0.992246
0.666504 -0.992621
0.666992 -0.992985
0.66748 -0.993338
0.667969 -0.99368
0.668457 -0.994012
0.668945 -0.994333
0.669434 -0.994644
0.669922 -0.994944
0.67041 -0.995233
0.670898 -0.995512
0.671387 -0.99578
0.671875 -0.996039
0.672363 -0.996286
0.672852 -0.996524
0.67334 -0.996751
0.673828 -0.996968
0.674316 -0.997174
0.674805 -0.997371
0.675293 -0.997557
0.675781 -0.997733
0.67627 -0.997899
0.676758 -0.998056
0.677246 -0.998202
0.677734 -0.998338
0.678223 -0.998464
0.678711 -0.998581
0.679199 -0.998687
0.679688 -0.998784
0.680176 -0.998871
0.680664 -0.998949
0.681152 -0.999016
0.681641 -0.999074
0.682129 -0.999123
0.682617 -0.999162
0.683105 -0.999191
0.683594 -0.999211
0.684082 -0.999221
0.68457 -0.999222
0.685059 -0.999214
0.685547 -0.999196
0.686035 -0.999169
0.686523 -0.999132
0.687012 -0.999086
0.6875 -0.999032
0.687988 -0.998967
0.688477 -0.998894
0.688965 -0.998812
0.689453 -0.99872
0.689941 -0.99862
0.69043 -0.99851
0.690918 -0.998392
0.691406 -0.998265
0.691895 -0.998128
0.692383 -0.997983
0.692871 -0.997829
0.693359 -0.997666
0.693848 -0.997495
0.694336 -0.997314
0.694824 -0.997125
0.695312 -0.996928
0.695801 -0.996721
0.696289 -0.996506
0.696777 -0.996283
0.697266 -0.996051
0.697754 -0.99581
0.698242 -0.995561
0.69873 -0.995303
0.699219 -0.995037
0.699707 -0.994763
0.700195 -0.99448
0.700684 -0.994189
0.701172 -0.99389
0.70166 -0.993583
0.702148 -0.993267
0.702637 -0.992943
0.703125 -0.992611
0.703613 -0.99227
0.704102 -0.991922
0.70459 -0.991566
0.705078 -0.991201
0.705566 -0.990829
0.706055 -0.990448
0.706543 -0.99006
0.707031 -0.989663
0.70752 -0.989259
0.708008 -0.988847
0.708496 -0.988427
0.708984 -0.987999
0.709473 -0.987564
0.709961 -0.987121
0.710449 -0.98667
0.710938 -0.986211
0.711426 -0.985745
0.711914 -0.985271
0.712402 -0.984789
0.712891 -0.9843
0.713379 -0.983803
0.713867 -0.983299
0.714355 -0.982788
0.714844 -0.982268
0.715332 -0.981742
0.71582 -0.981208
0.716309 -0.980667
0.716797 -0.980118
0.717285 -0.979562
0.717773 -0.978999
0.718262 -0.978428
0.71875 -0.97785
0.719238 -0.977265
0.719727 -0.976673
0.720215 -0.976074
0.720703 -0.975467
0.721191 -0.974854
0.72168 -0.974233
0.722168 -0.973606
0.722656 -0.972971
0.723145 -0.972329
0.723633 -0.97168
0.724121 -0.971025
0.724609 -0.970362
0.725098 -0.969693
0.725586 -0.969017
0.726074 -0.968333
0.726562 -0.967643
0.727051 -0.966947
0.727539 -0.966243
0.728027 -0.965533
0.728516 -0.964816
0.729004 -0.964092
0.729492 -0.963362
0.72998 -0.962625
0.730469 -0.961881
0.730957 -0.961131
0.731445 -0.960374
0.731934 -0.959611
0.732422 -0.958841
0.73291 -0.958065
0.733398 -0.957282
0.733887 -0.956493
0.734375 -0.955697
0.734863 -0.954895
0.735352 -0.954087
0.73584 -0.953272
0.736328 -0.952451
0.736816 -0.951624
0.737305 -0.95079
0.737793 -0.94995
0.738281 -0.949104
0.73877 -0.948252
0.739258 -0.947393
0.739746 -0.946528
0.740234 -0.945658
0.740723 -0.944781
0.741211 -0.943898
0.741699 -0.943008
0.742188 -0.942113
0.742676 -0.941212
0.743164 -0.940305
0.743652 -0.939392
0.744141 -0.938473
0.744629 -0.937547
0.745117 -0.936616
0.745605 -0.93568
0.746094 -0.934737
0.746582 -0.933788
0.74707 -0.932834
0.747559 -0.931874
0.748047 -0.930907
0.748535 -0.929936
0.749023 -0.928958
0.749512 -0.927975
0.75 -0.926986
0.750488 -0.925991
0.750977 -0.924991
0.751465 -0.923985
0.751953 -0.922973
0.752441 -0.921956
0.75293 -0.920934
0.753418 -0.919905
0.753906 -0.918872
0.754395 -0.917832
0.754883 -0.916787
0.755371 -0.915737
0.755859 -0.914681
0.756348 -0.91362
0.756836 -0.912554
0.757324 -0.911482
0.757812 -0.910404
0.758301 -0.909322
0.758789 -0.908234
0.759277 -0.90714
0.759766 -0.906042
0.760254 -0.904938
0.760742 -0.903829
0.76123 -0.902714
0.761719 -0.901595
0.762207 -0.90047
0.762695 -0.89934
0.763184 -0.898205
0.763672 -0.897064
0.76416 -0.895919
0.764648 -0.894769
0.765137 -0.893613
0.765625 -0.892452
0.766113 -0.891287
0.766602 -0.890116
0.76709 -0.88894
0.767578 -0.88776
0.768066 -0.886574
0.768555 -0.885384
0.769043 -0.884188
0.769531 -0.882988
0.77002 -0.881782
0.770508 -0.880572
0.770996 -0.879357
0.771484 -0.878137
0.771973 -0.876912
0.772461 -0.875683
0.772949 -0.874449
0.773438 -0.873209
0.773926 -0.871966
0.774414 -0.870717
0.774902 -0.869464
0.775391 -0.868206
0.775879 -0.866943
0.776367 -0.865676
0.776855 -0.864404
0.777344 -0.863127
0.777832 -0.861846
0.77832 -0.86056
0.778809 -0.85927
0.779297 -0.857975
0.779785 -0.856675
0.780273 -0.855371
0.780762 -0.854063
0.78125 -0.85275
0.781738 -0.851432
0.782227 -0.85011
0.782715 -0.848784
0.783203 -0.847453
0.783691 -0.846118
0.78418 -0.844778
0.784668 -0.843434
0.785156 -0.842086
0.785645 -0.840733
0.786133 -0.839376
0.786621 -0.838015
0.787109 -0.836649
0.787598 -0.83528
0.788086 -0.833905
0.788574 -0.832527
0.789062 -0.831144
0.789551 -0.829757
0.790039 -0.828366
0.790527 -0.826971
0.791016 -0.825572
0.791504 -0.824168
0.791992 -0.822761
0.79248 -0.821349
0.792969 -0.819933
0.793457 -0.818513
0.793945 -0.817089
0.794434 -0.815661
0.794922 -0.814228
0.79541 -0.812792
0.795898 -0.811352
0.796387 -0.809908
0.796875 -0.808459
0.797363 -0.807007
0.797852 -0.805551
0.79834 -0.804091
0.798828 -0.802627
0.799316 -0.801159
0.799805 -0.799687
0.800293 -0.798212
0.800781 -0.796732
0.80127 -0.795249
0.801758 -0.793761
0.802246 -0.79227
0.802734 -0.790776
0.803223 -0.789277
0.803711 -0.787774
0.804199 -0.786268
0.804688 -0.784758
0.805176 -0.783245
0.805664 -0.781727
0.806152 -0.780206
0.806641 -0.778681
0.807129 -0.777153
0.807617 -0.775621
0.808105 -0.774085
0.808594 -0.772546
0.809082 -0.771003
0.80957 -0.769456
0.810059 -0.767906
0.810547 -0.766352
0.811035 -0.764795
0.811523 -0.763234
0.812012 -0.761669
0.8125 -0.760101
0.812988 -0.75853
0.813477 -0.756955
0.813965 -0.755376
0.814453 -0.753794
0.814941 -0.752209
0.81543 -0.75062
0.815918 -0.749028
0.816406 -0.747432
0.816895 -0.745833
0.817383 -0.74423
0.817871 -0.742624
0.818359 -0.741015
0.818848 -0.739403
0.819336 -0.737787
0.819824 -0.736167
0.820312 -0.734545
0.820801 -0.732919
0.821289 -0.73129
0.821777 -0.729657
0.822266 -0.728022
0.822754 -0.726383
0.823242 -0.72474
0.82373 -0.723095
0.824219 -0.721446
0.824707 -0.719795
0.825195 -0.71814
0.825684 -0.716481
0.826172 -0.71482
0.82666 -0.713156
0.827148 -0.711488
0.827637 -0.709817
0.828125 -0.708143
0.828613 -0.706466
0.829102 -0.704786
0.82959 -0.703103
0.830078 -0.701417
0.830566 -0.699728
0.831055 -0.698036
0.831543 -0.69634
0.832031 -0.694642
0.83252 -0.692941
0.833008 -0.691237
0.833496 -0.689529
0.833984 -0.687819
0.834473 -0.686106
0.834961 -0.68439
0.835449 -0.682671
0.835938 -0.680949
0.836426 -0.679224
0.836914 -0.677496
0.837402 -0.675766
0.837891 -0.674032
0.838379 -0.672296
0.838867 -0.670557
0.839355 -0.668815
0.839844 -0.66707
0.840332 -0.665322
0.84082 -0.663572
0.841309 -0.661818
0.841797 -0.660062
0.842285 -0.658303
0.842773 -0.656542
0.843262 -0.654778
0.84375 -0.653011
0.844238 -0.651241
0.844727 -0.649468
0.845215 -0.647693
0.845703 -0.645915
0.846191 -0.644135
0.84668 -0.642352
0.847168 -0.640566
0.847656 -0.638777
0.848145 -0.636986
0.848633 -0.635192
0.849121 -0.633396
0.849609 -0.631597
0.850098 -0.629796
0.850586 -0.627992
0.851074 -0.626185
0.851562 -0.624376
0.852051 -0.622564
0.852539 -0.62075
0.853027 -0.618933
0.853516 -0.617113
0.854004 -0.615292
0.854492 -0.613467
0.85498 -0.611641
0.855469 -0.609811
0.855957 -0.60798
0.856445 -0.606145
0.856934 -0.604309
0.857422 -0.60247
0.85791 -0.600628
0.858398 -0.598784
0.858887 -0.596938
0.859375 -0.59509
0.859863 -0.593239
0.860352 -0.591385
0.86084 -0.589529
0.861328 -0.587671
0.861816 -0.585811
0.862305 -0.583948
0.862793 -0.582083
0.863281 -0.580216
0.86377 -0.578346
0.864258 -0.576474
0.864746 -0.5746
0.865234 -0.572724
0.865723 -0.570845
0.866211 -0.568964
0.866699 -0.567081
0.867188 -0.565196
0.867676 -0.563308
0.868164 -0.561418
0.868652 -0.559526
0.869141 -0.557632
0.869629 -0.555736
0.870117 -0.553837
0.870605 -0.551937
0.871094 -0.550034
0.871582 -0.548129
0.87207 -0.546222
0.872559 -0.544313
0.873047 -0.542402
0.873535 -0.540488
0.874023 -0.538573
0.874512 -0.536655
0.875 -0.534736
0.875488 -0.532814
0.875977 -0.530891
0.876465 -0.528965
0.876953 -0.527037
0.877441 -0.525108
0.87793 -0.523176
0.878418 -0.521242
0.878906 -0.519306
0.879395 -0.517369
0.879883 -0.515429
0.880371 -0.513487
0.880859 -0.511544
0.881348 -0.509598
0.881836 -0.507651
0.882324 -0.505702
0.882812 -0.50375
0.883301 -0.501797
0.883789 -0.499842
0.884277 -0.497885
0.884766 -0.495927
0.885254 -0.493966
0.885742 -0.492003
0.88623 -0.490039
0.886719 -0.488073
0.887207 -0.486105
0.887695 -0.484135
0.888184 -0.482163
0.888672 -0.48019
0.88916 -0.478215
0.889648 -0.476238
0.890137 -0.474259
0.890625 -0.472278
0.891113 -0.470296
0.891602 -0.468312
0.89209 -0.466326
0.892578 -0.464339
0.893066 -0.462349
0.893555 -0.460359
0.894043 -0.458366
0.894531 -0.456372
0.89502 -0.454376
0.895508 -0.452378
0.895996 -0.450379
0.896484 -0.448378
0.896973 -0.446375
0.897461 -0.444371
0.897949 -0.442365
0.898438 -0.440357
0.898926 -0.438348
0.899414 -0.436337
0.899902 -0.434325
0.900391 -0.432311
0.900879 -0.430296
0.901367 -0.428279
0.901855 -0.42626
0.902344 -0.42424
0.902832 -0.422218
0.90332 -0.420195
0.903809 -0.41817
0.904297 -0.416144
0.904785 -0.414116
0.905273 -0.412087
0.905762 -0.410056
0.90625 -0.408024
0.906738 -0.40599
0.907227 -0.403955
0.907715 -0.401918
0.908203 -0.39988
0.908691 -0.397841
0.90918 -0.3958
0.909668 -0.393757
0.910156 -0.391713
0.910645 -0.389668
0.911133 -0.387622
0.911621 -0.385574
0.912109 -0.383524
0.912598 -0.381473
0.913086 -0.379421
0.913574 -0.377368
0.914062 -0.375313
0.914551 -0.373257
0.915039 -0.3712
0.915527 -0.369141
0.916016 -0.367081
0.916504 -0.365019
0.916992 -0.362957
0.91748 -0.360893
0.917969 -0.358827
0.918457 -0.356761
0.918945 -0.354693
0.919434 -0.352624
0.919922 -0.350554
0.92041 -0.348482
0.920898 -0.346409
0.921387 -0.344335
0.921875 -0.34226
0.922363 -0.340184
0.922852 -0.338106
0.92334 -0.336027
0.923828 -0.333947
0.924316 -0.331866
0.924805 -0.329784
0.925293 -0.3277
0.925781 -0.325616
0.92627 -0.32353
0.926758 -0.321443
0.927246 -0.319355
0.927734 -0.317266
0.928223 -0.315176
0.928711 -0.313084
0.929199 -0.310992
0.929688 -0.308898
0.930176 -0.306804
0.930664 -0.304708
0.931152 -0.302611
0.931641 -0.300514
0.932129 -0.298415
0.932617 -0.296315
0.933105 -0.294214
0.933594 -0.292112
0.934082 -0.290009
0.93457 -0.287905
0.935059 -0.2858
0.935547 -0.283694
0.936035 -0.281587
0.936523 -0.279479
0.937012 -0.277371
0.9375 -0.275261
0.937988 -0.27315
0.938477 -0.271038
0.938965 -0.268926
0.939453 -0.266812
0.939941 -0.264698
0.94043 -0.262582
0.940918 -0.260466
0.941406 -0.258349
0.941895 -0.256231
0.942383 -0.254112
0.942871 -0.251992
0.943359 -0.249871
0.943848 -0.247749
0.944336 -0.245627
0.944824 -0.243504
0.945312 -0.24138
0.945801 -0.239255
0.946289 -0.237129
0.946777 -0.235002
0.947266 -0.232875
0.947754 -0.230747
0.948242 -0.228618
0.94873 -0.226488
0.949219 -0.224358
0.949707 -0.222226
0.950195 -0.220094
0.950684 -0.217962
0.951172 -0.215828
0.95166 -0.213694
0.952148 -0.211559
0.952637 -0.209423
0.953125 -0.207287
0.953613 -0.20515
0.954102 -0.203012
0.95459 -0.200873
0.955078 -0.198734
0.955566 -0.196594
0.956055 -0.194454
0.956543 -0.192312
0.957031 -0.19017
0.95752 -0.188028
0.958008 -0.185885
0.958496 -0.183741
0.958984 -0.181597
0.959473 -0.179452
0.959961 -0.177306
0.960449 -0.17516
0.960938 -0.173013
0.961426 -0.170866
0.961914 -0.168718
0.962402 -0.166569
0.962891 -0.16442
0.963379 -0.16227
0.963867 -0.16012
0.964355 -0.157969
0.964844 -0.155818
0.965332 -0.153666
0.96582 -0.151514
0.966309 -0.149361
0.966797 -0.147208
0.967285 -0.145054
0.967773 -0.142899
0.968262 -0.140745
0.96875 -0.138589
0.969238 -0.136434
0.969727 -0.134277
0.970215 -0.132121
0.970703 -0.129964
0.971191 -0.127806
0.97168 -0.125648
0.972168 -0.12349
0.972656 -0.121331
0.973145 -0.119172
0.973633 -0.117012
0.974121 -0.114852
0.974609 -0.112692
0.975098 -0.110532
0.975586 -0.108371
0.976074 -0.106209
0.976562 -0.104048
0.977051 -0.101886
0.977539 -0.0997239
0.978027 -0.0975616
0.978516 -0.0953991
0.979004 -0.0932364
0.979492 -0.0910736
0.97998 -0.0889107
0.980469 -0.0867477
0.980957 -0.0845847
0.981445 -0.0824218
0.981934 -0.080259
0.982422 -0.0780964
0.98291 -0.075934
0.983398 -0.0737719
0.983887 -0.0716102
0.984375 -0.069449
0.984863 -0.0672884
0.985352 -0.0651285
0.98584 -0.0629693
0.986328 -0.0608111
0.986816 -0.0586538
0.987305 -0.0564977
0.987793 -0.0543428
0.988281 -0.0521893
0.98877 -0.0500372
0.989258 -0.0478867
0.989746 -0.045738
0.990234 -0.043591
0.990723 -0.0414459
0.991211 -0.0393027
0.991699 -0.0371617
0.992188 -0.0350227
0.992676 -0.0328858
0.993164 -0.0307512
0.993652 -0.0286187
0.994141 -0.0264883
0.994629 -0.0243601
0.995117 -0.0222339
0.995605 -0.0201097
0.996094 -0.0179874
0.996582 -0.0158668
0.99707 -0.0137478
0.997559 -0.0116302
0.998047 -0.00951388
0.998535 -0.00739858
0.999023 -0.00528411
0.999512 -0.00317022
1 -0.0010567
