0 0.0010923
0.000488281 0.00327706
0.000976562 0.0054623
0.00146484 0.00764832
0.00195312 0.00983542
0.00244141 0.0120239
0.00292969 0.014214
0.00341797 0.0164059
0.00390625 0.0185999
0.00439453 0.0207962
0.00488281 0.0229948
0.00537109 0.025196
0.00585938 0.0273997
0.00634766 0.0296061
0.00683594 0.0318151
0.00732422 0.0340268
0.0078125 0.0362411
0.00830078 0.038458
0.00878906 0.0406773
0.00927734 0.042899
0.00976562 0.045123
0.0102539 0.0473491
0.0107422 0.0495771
0.0112305 0.051807
0.0117188 0.0540386
0.012207 0.0562717
0.0126953 0.0585061
0.0131836 0.0607418
0.0136719 0.0629786
0.0141602 0.0652163
0.0146484 0.0674549
0.0151367 0.0696941
0.015625 0.0719338
0.0161133 0.074174
0.0166016 0.0764146
0.0170898 0.0786554
0.0175781 0.0808964
0.0180664 0.0831375
0.0185547 0.0853786
0.019043 0.0876197
0.0195312 0.0898608
0.0200195 0.0921017
0.0205078 0.0943424
0.0209961 0.0965829
0.0214844 0.0988231
0.0219727 0.101063
0.0224609 0.103303
0.0229492 0.105542
0.0234375 0.107781
0.0239258 0.11002
0.0244141 0.112258
0.0249023 0.114496
0.0253906 0.116733
0.0258789 0.118971
0.0263672 0.121207
0.0268555 0.123443
0.0273438 0.125679
0.027832 0.127914
0.0283203 0.130149
0.0288086 0.132383
0.0292969 0.134617
0.0297852 0.136851
0.0302734 0.139083
0.0307617 0.141316
0.03125 0.143547
0.0317383 0.145779
0.0322266 0.148009
0.0327148 0.150239
0.0332031 0.152469
0.0336914 0.154698
0.0341797 0.156926
0.034668 0.159154
0.0351562 0.161381
0.0356445 0.163608
0.0361328 0.165834
0.0366211 0.168059
0.0371094 0.170284
0.0375977 0.172508
0.0380859 0.174732
0.0385742 0.176954
0.0390625 0.179177
0.0395508 0.181398
0.0400391 0.183619
0.0405273 0.185839
0.0410156 0.188058
0.0415039 0.190277
0.0419922 0.192495
0.0424805 0.194712
0.0429688 0.196929
0.043457 0.199144
0.0439453 0.201359
0.0444336 0.203574
0.0449219 0.205787
0.0454102 0.208
0.0458984 0.210212
0.0463867 0.212423
0.046875 0.214633
0.0473633 0.216843
0.0478516 0.219051
0.0483398 0.221259
0.0488281 0.223466
0.0493164 0.225672
0.0498047 0.227878
0.050293 0.230082
0.0507812 0.232286
0.0512695 0.234489
0.0517578 0.23669
0.0522461 0.238891
0.0527344 0.241091
0.0532227 0.24329
0.0537109 0.245488
0.0541992 0.247686
0.0546875 0.249882
0.0551758 0.252077
0.0556641 0.254272
0.0561523 0.256465
0.0566406 0.258657
0.0571289 0.260849
0.0576172 0.263039
0.0581055 0.265229
0.0585938 0.267417
0.059082 0.269605
0.0595703 0.271791
0.0600586 0.273976
0.0605469 0.276161
0.0610352 0.278344
0.0615234 0.280526
0.0620117 0.282707
0.0625 0.284887
0.0629883 0.287066
0.0634766 0.289244
0.0639648 0.29142
0.0644531 0.293596
0.0649414 0.29577
0.0654297 0.297944
0.065918 0.300116
0.0664062 0.302287
0.0668945 0.304457
0.0673828 0.306625
0.0678711 0.308793
0.0683594 0.310959
0.0688477 0.313124
0.0693359 0.315288
0.0698242 0.317451
0.0703125 0.319612
0.0708008 0.321772
0.0712891 0.323931
0.0717773 0.326089
0.0722656 0.328245
0.0727539 0.3304
0.0732422 0.332554
0.0737305 0.334707
0.0742188 0.336858
0.074707 0.339008
0.0751953 0.341156
0.0756836 0.343304
0.0761719 0.34545
0.0766602 0.347594
0.0771484 0.349738
0.0776367 0.351879
0.078125 0.35402
0.0786133 0.356159
0.0791016 0.358297
0.0795898 0.360433
0.0800781 0.362568
0.0805664 0.364701
0.0810547 0.366833
0.081543 0.368964
0.0820312 0.371093
0.0825195 0.373221
0.0830078 0.375347
0.0834961 0.377472
0.0839844 0.379595
0.0844727 0.381717
0.0849609 0.383837
0.0854492 0.385956
0.0859375 0.388073
0.0864258 0.390189
0.0869141 0.392303
0.0874023 0.394416
0.0878906 0.396527
0.0883789 0.398636
0.0888672 0.400744
0.0893555 0.40285
0.0898438 0.404955
0.090332 0.407058
0.0908203 0.409159
0.0913086 0.411259
0.0917969 0.413357
0.0922852 0.415454
0.0927734 0.417549
0.0932617 0.419642
0.09375 0.421733
0.0942383 0.423823
0.0947266 0.425911
0.0952148 0.427998
0.0957031 0.430082
0.0961914 0.432165
0.0966797 0.434247
0.097168 0.436326
0.0976562 0.438404
0.0981445 0.44048
0.0986328 0.442554
0.0991211 0.444626
0.0996094 0.446697
0.100098 0.448766
0.100586 0.450833
0.101074 0.452898
0.101562 0.454961
0.102051 0.457023
0.102539 0.459082
0.103027 0.46114
0.103516 0.463196
0.104004 0.46525
0.104492 0.467302
0.10498 0.469352
0.105469 0.4714
0.105957 0.473446
0.106445 0.475491
0.106934 0.477533
0.107422 0.479574
0.10791 0.481612
0.108398 0.483649
0.108887 0.485683
0.109375 0.487716
0.109863 0.489746
0.110352 0.491775
0.11084 0.493801
0.111328 0.495826
0.111816 0.497848
0.112305 0.499869
0.112793 0.501887
0.113281 0.503903
0.11377 0.505917
0.114258 0.507929
0.114746 0.509939
0.115234 0.511947
0.115723 0.513953
0.116211 0.515956
0.116699 0.517957
0.117188 0.519957
0.117676 0.521954
0.118164 0.523948
0.118652 0.525941
0.119141 0.527931
0.119629 0.52992
0.120117 0.531905
0.120605 0.533889
0.121094 0.535871
0.121582 0.53785
0.12207 0.539827
0.122559 0.541802
0.123047 0.543774
0.123535 0.545744
0.124023 0.547712
0.124512 0.549677
0.125 0.55164
0.125488 0.553601
0.125977 0.555559
0.126465 0.557515
0.126953 0.559469
0.127441 0.56142
0.12793 0.563369
0.128418 0.565316
0.128906 0.56726
0.129395 0.569201
0.129883 0.57114
0.130371 0.573077
0.130859 0.575011
0.131348 0.576943
0.131836 0.578872
0.132324 0.580799
0.132812 0.582723
0.133301 0.584645
0.133789 0.586564
0.134277 0.588481
0.134766 0.590395
0.135254 0.592306
0.135742 0.594215
0.13623 0.596121
0.136719 0.598025
0.137207 0.599926
0.137695 0.601825
0.138184 0.60372
0.138672 0.605614
0.13916 0.607504
0.139648 0.609392
0.140137 0.611277
0.140625 0.61316
0.141113 0.615039
0.141602 0.616916
0.14209 0.618791
0.142578 0.620662
0.143066 0.622531
0.143555 0.624397
0.144043 0.62626
0.144531 0.628121
0.14502 0.629979
0.145508 0.631834
0.145996 0.633686
0.146484 0.635535
0.146973 0.637381
0.147461 0.639225
0.147949 0.641065
0.148438 0.642903
0.148926 0.644738
0.149414 0.64657
0.149902 0.648399
0.150391 0.650225
0.150879 0.652048
0.151367 0.653868
0.151855 0.655685
0.152344 0.6575
0.152832 0.659311
0.15332 0.661119
0.153809 0.662924
0.154297 0.664726
0.154785 0.666526
0.155273 0.668322
0.155762 0.670115
0.15625 0.671905
0.156738 0.673691
0.157227 0.675475
0.157715 0.677256
0.158203 0.679033
0.158691 0.680807
0.15918 0.682579
0.159668 0.684347
0.160156 0.686111
0.160645 0.687873
0.161133 0.689631
0.161621 0.691387
0.162109 0.693139
0.162598 0.694887
0.163086 0.696633
0.163574 0.698375
0.164062 0.700114
0.164551 0.701849
0.165039 0.703582
0.165527 0.70531
0.166016 0.707036
0.166504 0.708758
0.166992 0.710477
0.16748 0.712193
0.167969 0.713905
0.168457 0.715614
0.168945 0.717319
0.169434 0.719021
0.169922 0.720719
0.17041 0.722414
0.170898 0.724106
0.171387 0.725794
0.171875 0.727478
0.172363 0.729159
0.172852 0.730836
0.17334 0.73251
0.173828 0.734181
0.174316 0.735848
0.174805 0.737511
0.175293 0.73917
0.175781 0.740826
0.17627 0.742479
0.176758 0.744128
0.177246 0.745773
0.177734 0.747414
0.178223 0.749052
0.178711 0.750686
0.179199 0.752316
0.179688 0.753943
0.180176 0.755566
0.180664 0.757185
0.181152 0.7588
0.181641 0.760412
0.182129 0.76202
0.182617 0.763624
0.183105 0.765224
0.183594 0.76682
0.184082 0.768413
0.18457 0.770002
0.185059 0.771586
0.185547 0.773167
0.186035 0.774744
0.186523 0.776317
0.187012 0.777886
0.1875 0.779451
0.187988 0.781013
0.188477 0.78257
0.188965 0.784123
0.189453 0.785672
0.189941 0.787217
0.19043 0.788758
0.190918 0.790296
0.191406 0.791829
0.191895 0.793357
0.192383 0.794882
0.192871 0.796403
0.193359 0.797919
0.193848 0.799432
0.194336 0.80094
0.194824 0.802444
0.195312 0.803944
0.195801 0.80544
0.196289 0.806931
0.196777 0.808418
0.197266 0.809901
0.197754 0.81138
0.198242 0.812854
0.19873 0.814324
0.199219 0.81579
0.199707 0.817252
0.200195 0.818709
0.200684 0.820161
0.201172 0.82161
0.20166 0.823054
0.202148 0.824493
0.202637 0.825928
0.203125 0.827359
0.203613 0.828785
0.204102 0.830207
0.20459 0.831624
0.205078 0.833036
0.205566 0.834445
0.206055 0.835848
0.206543 0.837247
0.207031 0.838642
0.20752 0.840031
0.208008 0.841417
0.208496 0.842797
0.208984 0.844173
0.209473 0.845545
0.209961 0.846911
0.210449 0.848273
0.210938 0.84963
0.211426 0.850983
0.211914 0.852331
0.212402 0.853674
0.212891 0.855012
0.213379 0.856345
0.213867 0.857674
0.214355 0.858997
0.214844 0.860316
0.215332 0.86163
0.21582 0.86294
0.216309 0.864244
0.216797 0.865543
0.217285 0.866837
0.217773 0.868127
0.218262 0.869411
0.21875 0.870691
0.219238 0.871965
0.219727 0.873235
0.220215 0.874499
0.220703 0.875758
0.221191 0.877013
0.22168 0.878262
0.222168 0.879506
0.222656 0.880745
0.223145 0.881978
0.223633 0.883207
0.224121 0.88443
0.224609 0.885649
0.225098 0.886861
0.225586 0.888069
0.226074 0.889272
0.226562 0.890469
0.227051 0.891661
0.227539 0.892847
0.228027 0.894028
0.228516 0.895204
0.229004 0.896375
0.229492 0.89754
0.22998 0.898699
0.230469 0.899853
0.230957 0.901002
0.231445 0.902145
0.231934 0.903283
0.232422 0.904415
0.23291 0.905542
0.233398 0.906663
0.233887 0.907779
0.234375 0.908889
0.234863 0.909993
0.235352 0.911092
0.23584 0.912185
0.236328 0.913273
0.236816 0.914355
0.237305 0.915431
0.237793 0.916501
0.238281 0.917566
0.23877 0.918624
0.239258 0.919677
0.239746 0.920725
0.240234 0.921766
0.240723 0.922802
0.241211 0.923831
0.241699 0.924855
0.242188 0.925873
0.242676 0.926885
0.243164 0.927891
0.243652 0.928891
0.244141 0.929885
0.244629 0.930873
0.245117 0.931855
0.245605 0.932831
0.246094 0.9338
0.246582 0.934764
0.24707 0.935722
0.247559 0.936673
0.248047 0.937618
0.248535 0.938558
0.249023 0.93949
0.249512 0.940417
0.25 0.941337
0.250488 0.942252
0.250977 0.943159
0.251465 0.944061
0.251953 0.944956
0.252441 0.945845
0.25293 0.946727
0.253418 0.947603
0.253906 0.948473
0.254395 0.949336
0.254883 0.950193
0.255371 0.951043
0.255859 0.951887
0.256348 0.952724
0.256836 0.953554
0.257324 0.954378
0.257812 0.955196
0.258301 0.956006
0.258789 0.95681
0.259277 0.957608
0.259766 0.958398
0.260254 0.959182
0.260742 0.95996
0.26123 0.96073
0.261719 0.961494
0.262207 0.962251
0.262695 0.963001
0.263184 0.963744
0.263672 0.96448
0.26416 0.965209
0.264648 0.965932
0.265137 0.966647
0.265625 0.967356
0.266113 0.968057
0.266602 0.968751
0.26709 0.969439
0.267578 0.970119
0.268066 0.970792
0.268555 0.971458
0.269043 0.972117
0.269531 0.972769
0.27002 0.973413
0.270508 0.97405
0.270996 0.97468
0.271484 0.975303
0.271973 0.975919
0.272461 0.976527
0.272949 0.977127
0.273438 0.977721
0.273926 0.978307
0.274414 0.978885
0.274902 0.979456
0.275391 0.98002
0.275879 0.980576
0.276367 0.981124
0.276855 0.981665
0.277344 0.982199
0.277832 0.982725
0.27832 0.983243
0.278809 0.983753
0.279297 0.984256
0.279785 0.984751
0.280273 0.985238
0.280762 0.985718
0.28125 0.98619
0.281738 0.986654
0.282227 0.98711
0.282715 0.987558
0.283203 0.987998
0.283691 0.988431
0.28418 0.988855
0.284668 0.989271
0.285156 0.98968
0.285645 0.99008
0.286133 0.990472
0.286621 0.990857
0.287109 0.991233
0.287598 0.991601
0.288086 0.99196
0.288574 0.992312
0.289062 0.992655
0.289551 0.99299
0.290039 0.993317
0.290527 0.993636
0.291016 0.993946
0.291504 0.994247
0.291992 0.994541
0.29248 0.994826
0.292969 0.995102
0.293457 0.99537
0.293945 0.995629
0.294434 0.99588
0.294922 0.996123
0.29541 0.996356
0.295898 0.996581
0.296387 0.996798
0.296875 0.997005
0.297363 0.997204
0.297852 0.997395
0.29834 0.997576
0.298828 0.997749
0.299316 0.997912
0.299805 0.998067
0.300293 0.998213
0.300781 0.99835
0.30127 0.998478
0.301758 0.998598
0.302246 0.998708
0.302734 0.998809
0.303223 0.998901
0.303711 0.998983
0.304199 0.999057
0.304688 0.999122
0.305176 0.999177
0.305664 0.999223
0.306152 0.99926
0.306641 0.999287
0.307129 0.999306
0.307617 0.999314
0.308105 0.999314
0.308594 0.999304
0.309082 0.999284
0.30957 0.999255
0.310059 0.999217
0.310547 0.999169
0.311035 0.999111
0.311523 0.999044
0.312012 0.998967
0.3125 0.998881
0.312988 0.998784
0.313477 0.998678
0.313965 0.998562
0.314453 0.998437
0.314941 0.998301
0.31543 0.998156
0.315918 0.998001
0.316406 0.997836
0.316895 0.997661
0.317383 0.997475
0.317871 0.99728
0.318359 0.997075
0.318848 0.99686
0.319336 0.996634
0.319824 0.996398
0.320312 0.996153
0.320801 0.995896
0.321289 0.99563
0.321777 0.995353
0.322266 0.995066
0.322754 0.994769
0.323242 0.994461
0.32373 0.994143
0.324219 0.993814
0.324707 0.993475
0.325195 0.993125
0.325684 0.992765
0.326172 0.992394
0.32666 0.992012
0.327148 0.99162
0.327637 0.991217
0.328125 0.990803
0.328613 0.990378
0.329102 0.989943
0.32959 0.989496
0.330078 0.989039
0.330566 0.988571
0.331055 0.988092
0.331543 0.987602
0.332031 0.987101
0.33252 0.986589
0.333008 0.986066
0.333496 0.985531
0.333984 0.984986
0.334473 0.984429
0.334961 0.983861
0.335449 0.983281
0.335938 0.982691
0.336426 0.982089
0.336914 0.981475
0.337402 0.980851
0.337891 0.980214
0.338379 0.979566
0.338867 0.978907
0.339355 0.978236
0.339844 0.977554
0.340332 0.97686
0.34082 0.976154
0.341309 0.975436
0.341797 0.974707
0.342285 0.973966
0.342773 0.973213
0.343262 0.972448
0.34375 0.971672
0.344238 0.970883
0.344727 0.970082
0.345215 0.96927
0.345703 0.968445
0.346191 0.967608
0.34668 0.96676
0.347168 0.965899
0.347656 0.965025
0.348145 0.96414
0.348633 0.963242
0.349121 0.962332
0.349609 0.96141
0.350098 0.960475
0.350586 0.959528
0.351074 0.958569
0.351562 0.957597
0.352051 0.956612
0.352539 0.955615
0.353027 0.954605
0.353516 0.953583
0.354004 0.952547
0.354492 0.9515
0.35498 0.950439
0.355469 0.949366
0.355957 0.94828
0.356445 0.947181
0.356934 0.946069
0.357422 0.944944
0.35791 0.943806
0.358398 0.942655
0.358887 0.941491
0.359375 0.940314
0.359863 0.939124
0.360352 0.937921
0.36084 0.936704
0.361328 0.935474
0.361816 0.934231
0.362305 0.932975
0.362793 0.931706
0.363281 0.930423
0.36377 0.929126
0.364258 0.927816
0.364746 0.926493
0.365234 0.925156
0.365723 0.923805
0.366211 0.922441
0.366699 0.921063
0.367188 0.919672
0.367676 0.918267
0.368164 0.916848
0.368652 0.915415
0.369141 0.913969
0.369629 0.912508
0.370117 0.911034
0.370605 0.909546
0.371094 0.908044
0.371582 0.906528
0.37207 0.904997
0.372559 0.903453
0.373047 0.901895
0.373535 0.900322
0.374023 0.898736
0.374512 0.897135
0.375 0.895519
0.375488 0.89389
0.375977 0.892246
0.376465 0.890588
0.376953 0.888915
0.377441 0.887228
0.37793 0.885527
0.378418 0.883811
0.378906 0.882081
0.379395 0.880336
0.379883 0.878576
0.380371 0.876802
0.380859 0.875013
0.381348 0.873209
0.381836 0.871391
0.382324 0.869558
0.382812 0.86771
0.383301 0.865847
0.383789 0.86397
0.384277 0.862077
0.384766 0.86017
0.385254 0.858247
0.385742 0.85631
0.38623 0.854358
0.386719 0.85239
0.387207 0.850408
0.387695 0.84841
0.388184 0.846397
0.388672 0.84437
0.38916 0.842326
0.389648 0.840268
0.390137 0.838195
0.390625 0.836106
0.391113 0.834002
0.391602 0.831882
0.39209 0.829747
0.392578 0.827597
0.393066 0.825431
0.393555 0.82325
0.394043 0.821053
0.394531 0.818841
0.39502 0.816613
0.395508 0.81437
0.395996 0.812111
0.396484 0.809837
0.396973 0.807547
0.397461 0.805241
0.397949 0.80292
0.398438 0.800583
0.398926 0.79823
0.399414 0.795861
0.399902 0.793477
0.400391 0.791077
0.400879 0.788661
0.401367 0.786229
0.401855 0.783781
0.402344 0.781318
0.402832 0.778838
0.40332 0.776343
0.403809 0.773832
0.404297 0.771305
0.404785 0.768761
0.405273 0.766202
0.405762 0.763627
0.40625 0.761036
0.406738 0.758429
0.407227 0.755806
0.407715 0.753166
0.408203 0.750511
0.408691 0.747839
0.40918 0.745152
0.409668 0.742448
0.410156 0.739728
0.410645 0.736992
0.411133 0.73424
0.411621 0.731472
0.412109 0.728688
0.412598 0.725887
0.413086 0.723071
0.413574 0.720238
0.414062 0.717389
0.414551 0.714523
0.415039 0.711642
0.415527 0.708744
0.416016 0.70583
0.416504 0.7029
0.416992 0.699954
0.41748 0.696991
0.417969 0.694013
0.418457 0.691018
0.418945 0.688007
0.419434 0.684979
0.419922 0.681936
0.42041 0.678876
0.420898 0.6758
0.421387 0.672708
0.421875 0.6696
0.422363 0.666475
0.422852 0.663334
0.42334 0.660177
0.423828 0.657004
0.424316 0.653815
0.424805 0.65061
0.425293 0.647389
0.425781 0.644151
0.42627 0.640898
0.426758 0.637628
0.427246 0.634342
0.427734 0.63104
0.428223 0.627723
0.428711 0.624389
0.429199 0.621039
0.429688 0.617673
0.430176 0.614292
0.430664 0.610894
0.431152 0.607481
0.431641 0.604051
0.432129 0.600606
0.432617 0.597145
0.433105 0.593668
0.433594 0.590176
0.434082 0.586667
0.43457 0.583143
0.435059 0.579604
0.435547 0.576048
0.436035 0.572477
0.436523 0.568891
0.437012 0.565289
0.4375 0.561672
0.437988 0.558039
0.438477 0.554391
0.438965 0.550727
0.439453 0.547048
0.439941 0.543354
0.44043 0.539644
0.440918 0.53592
0.441406 0.53218
0.441895 0.528425
0.442383 0.524655
0.442871 0.52087
0.443359 0.517071
0.443848 0.513256
0.444336 0.509427
0.444824 0.505583
0.445312 0.501724
0.445801 0.49785
0.446289 0.493962
0.446777 0.49006
0.447266 0.486143
0.447754 0.482211
0.448242 0.478265
0.44873 0.474305
0.449219 0.470331
0.449707 0.466343
0.450195 0.462341
0.450684 0.458324
0.451172 0.454294
0.45166 0.45025
0.452148 0.446193
0.452637 0.442121
0.453125 0.438036
0.453613 0.433938
0.454102 0.429826
0.45459 0.425701
0.455078 0.421563
0.455566 0.417411
0.456055 0.413247
0.456543 0.409069
0.457031 0.404879
0.45752 0.400676
0.458008 0.39646
0.458496 0.392231
0.458984 0.38799
0.459473 0.383737
0.459961 0.379471
0.460449 0.375193
0.460938 0.370903
0.461426 0.366601
0.461914 0.362287
0.462402 0.357962
0.462891 0.353625
0.463379 0.349276
0.463867 0.344915
0.464355 0.340544
0.464844 0.336161
0.465332 0.331767
0.46582 0.327362
0.466309 0.322946
0.466797 0.31852
0.467285 0.314082
0.467773 0.309635
0.468262 0.305177
0.46875 0.300708
0.469238 0.29623
0.469727 0.291741
0.470215 0.287243
0.470703 0.282735
0.471191 0.278217
0.47168 0.27369
0.472168 0.269153
0.472656 0.264608
0.473145 0.260053
0.473633 0.255489
0.474121 0.250917
0.474609 0.246335
0.475098 0.241746
0.475586 0.237148
0.476074 0.232541
0.476562 0.227927
0.477051 0.223304
0.477539 0.218674
0.478027 0.214036
0.478516 0.209391
0.479004 0.204738
0.479492 0.200079
0.47998 0.195412
0.480469 0.190738
0.480957 0.186057
0.481445 0.18137
0.481934 0.176677
0.482422 0.171977
0.48291 0.167271
0.483398 0.162559
0.483887 0.157842
0.484375 0.153118
0.484863 0.14839
0.485352 0.143656
0.48584 0.138916
0.486328 0.134172
0.486816 0.129423
0.487305 0.12467
0.487793 0.119912
0.488281 0.115149
0.48877 0.110383
0.489258 0.105612
0.489746 0.100838
0.490234 0.0960598
0.490723 0.0912784
0.491211 0.0864936
0.491699 0.0817057
0.492188 0.0769149
0.492676 0.0721212
0.493164 0.067325
0.493652 0.0625263
0.494141 0.0577253
0.494629 0.0529223
0.495117 0.0481173
0.495605 0.0433105
0.496094 0.0385022
0.496582 0.0336925
0.49707 0.0288816
0.497559 0.0240696
0.498047 0.0192567
0.498535 0.0144432
0.499023 0.00962906
0.499512 0.00481462
0.5 1.90821e-16
0.500488 -0.00481462
0.500977 -0.00962906
0.501465 -0.0144432
0.501953 -0.0192567
0.502441 -0.0240696
0.50293 -0.0288816
0.503418 -0.0336925
0.503906 -0.0385022
0.504395 -0.0433105
0.504883 -0.0481173
0.505371 -0.0529223
0.505859 -0.0577253
0.506348 -0.0625263
0.506836 -0.067325
0.507324 -0.0721212
0.507812 -0.0769149
0.508301 -0.0817057
0.508789 -0.0864936
0.509277 -0.0912784
0.509766 -0.0960598
0.510254 -0.100838
0.510742 -0.105612
0.51123 -0.110383
0.511719 -0.115149
0.512207 -0.119912
0.512695 -0.12467
0.513184 -0.129423
0.513672 -0.134172
0.51416 -0.138916
0.514648 -0.143656
0.515137 -0.14839
0.515625 -0.153118
0.516113 -0.157842
0.516602 -0.162559
0.51709 -0.167271
0.517578 -0.171977
0.518066 -0.176677
0.518555 -0.18137
0.519043 -0.186057
0.519531 -0.190738
0.52002 -0.195412
0.520508 -0.200079
0.520996 -0.204738
0.521484 -0.209391
0.521973 -0.214036
0.522461 -0.218674
0.522949 -0.223304
0.523438 -0.227927
0.523926 -0.232541
0.524414 -0.237148
0.524902 -0.241746
0.525391 -0.246335
0.525879 -0.250917
0.526367 -0.255489
0.526855 -0.260053
0.527344 -0.264608
0.527832 -0.269153
0.52832 -0.27369
0.528809 -0.278217
0.529297 -0.282735
0.529785 -0.287243
0.530273 -0.291741
0.530762 -0.29623
0.53125 -0.300708
0.531738 -0.305177
0.532227 -0.309635
0.532715 -0.314082
0.533203 -0.31852
0.533691 -0.322946
0.53418 -0.327362
0.534668 -0.331767
0.535156 -0.336161
0.535645 -0.340544
0.536133 -0.344915
0.536621 -0.349276
0.537109 -0.353625
0.537598 -0.357962
0.538086 -0.362287
0.538574 -0.366601
0.539062 -0.370903
0.539551 -0.375193
0.540039 -0.379471
0.540527 -0.383737
0.541016 -0.38799
0.541504 -0.392231
0.541992 -0.39646
0.54248 -0.400676
0.542969 -0.404879
0.543457 -0.409069
0.543945 -0.413247
0.544434 -0.417411
0.544922 -0.421563
0.54541 -0.425701
0.545898 -0.429826
0.546387 -0.433938
0.546875 -0.438036
0.547363 -0.442121
0.547852 -0.446193
0.54834 -0.45025
0.548828 -0.454294
0.549316 -0.458324
0.549805 -0.462341
0.550293 -0.466343
0.550781 -0.470331
0.55127 -0.474305
0.551758 -0.478265
0.552246 -0.482211
0.552734 -0.486143
0.553223 -0.49006
0.553711 -0.493962
0.554199 -0.49785
0.554688 -0.501724
0.555176 -0.505583
0.555664 -0.509427
0.556152 -0.513256
0.556641 -0.517071
0.557129 -0.52087
0.557617 -0.524655
0.558105 -0.528425
0.558594 -0.53218
0.559082 -0.53592
0.55957 -0.539644
0.560059 -0.543354
0.560547 -0.547048
0.561035 -0.550727
0.561523 -0.554391
0.562012 -0.558039
0.5625 -0.561672
0.562988 -0.565289
0.563477 -0.568891
0.563965 -0.572477
0.564453 -0.576048
0.564941 -0.579604
0.56543 -0.583143
0.565918 -0.586667
0.566406 -0.590176
0.566895 -0.593668
0.567383 -0.597145
0.567871 -0.600606
0.568359 -0.604051
0.568848 -0.607481
0.569336 -0.610894
0.569824 -0.614292
0.570312 -0.617673
0.570801 -0.621039
0.571289 -0.624389
0.571777 -0.627723
0.572266 -0.63104
0.572754 -0.634342
0.573242 -0.637628
0.57373 -0.640898
0.574219 -0.644151
0.574707 -0.647389
0.575195 -0.65061
0.575684 -0.653815
0.576172 -0.657004
0.57666 -0.660177
0.577148 -0.663334
0.577637 -0.666475
0.578125 -0.6696
0.578613 -0.672708
0.579102 -0.6758
0.57959 -0.678876
0.580078 -0.681936
0.580566 -0.684979
0.581055 -0.688007
0.581543 -0.691018
0.582031 -0.694013
0.58252 -0.696991
0.583008 -0.699954
0.583496 -0.7029
0.583984 -0.70583
0.584473 -0.708744
0.584961 -0.711642
0.585449 -0.714523
0.585938 -0.717389
0.586426 -0.720238
0.586914 -0.723071
0.587402 -0.725887
0.587891 -0.728688
0.588379 -0.731472
0.588867 -0.73424
0.589355 -0.736992
0.589844 -0.739728
0.590332 -0.742448
0.59082 -0.745152
0.591309 -0.747839
0.591797 -0.750511
0.592285 -0.753166
0.592773 -0.755806
0.593262 -0.758429
0.59375 -0.761036
0.594238 -0.763627
0.594727 -0.766202
0.595215 -0.768761
0.595703 -0.771305
0.596191 -0.773832
0.59668 -0.776343
0.597168 -0.778838
0.597656 -0.781318
0.598145 -0.783781
0.598633 -0.786229
0.599121 -0.788661
0.599609 -0.791077
0.600098 -0.793477
0.600586 -0.795861
0.601074 -0.79823
0.601562 -0.800583
0.602051 -0.80292
0.602539 -0.805241
0.603027 -0.807547
0.603516 -0.809837
0.604004 -0.812111
0.604492 -0.81437
0.60498 -0.816613
0.605469 -0.818841
0.605957 -0.821053
0.606445 -0.82325
0.606934 -0.825431
0.607422 -0.827597
0.60791 -0.829747
0.608398 -0.831882
0.608887 -0.834002
0.609375 -0.836106
0.609863 -0.838195
0.610352 -0.840268
0.61084 -0.842326
0.611328 -0.84437
0.611816 -0.846397
0.612305 -0.84841
0.612793 -0.850408
0.613281 -0.85239
0.61377 -0.854358
0.614258 -0.85631
0.614746 -0.858247
0.615234 -0.86017
0.615723 -0.862077
0.616211 -0.86397
0.616699 -0.865847
0.617188 -0.86771
0.617676 -0.869558
0.618164 -0.871391
0.618652 -0.873209
0.619141 -0.875013
0.619629 -0.876802
0.620117 -0.878576
0.620605 -0.880336
0.621094 -0.882081
0.621582 -0.883811
0.62207 -0.885527
0.622559 -0.887228
0.623047 -0.888915
0.623535 -0.890588
0.624023 -0.892246
0.624512 -0.89389
0.625 -0.895519
0.625488 -0.897135
0.625977 -0.898736
0.626465 -0.900322
0.626953 -0.901895
0.627441 -0.903453
0.62793 -0.904997
0.628418 -0.906528
0.628906 -0.908044
0.629395 -0.909546
0.629883 -0.911034
0.630371 -0.912508
0.630859 -0.913969
0.631348 -0.915415
0.631836 -0.916848
0.632324 -0.918267
0.632812 -0.919672
0.633301 -0.921063
0.633789 -0.922441
0.634277 -0.923805
0.634766 -0.925156
0.635254 -0.926493
0.635742 -0.927816
0.63623 -0.929126
0.636719 -0.930423
0.637207 -0.931706
0.637695 -0.932975
0.638184 -0.934231
0.638672 -0.935474
0.63916 -0.936704
0.639648 -0.937921
0.640137 -0.939124
0.640625 -0.940314
0.641113 -0.941491
0.641602 -0.942655
0.64209 -0.943806
0.642578 -0.944944
0.643066 -0.946069
0.643555 -0.947181
0.644043 -0.94828
0.644531 -0.949366
0.64502 -0.950439
0.645508 -0.9515
0.645996 -0.952547
0.646484 -0.953583
0.646973 -0.954605
0.647461 -0.955615
0.647949 -0.956612
0.648438 -0.957597
0.648926 -0.958569
0.649414 -0.959528
0.649902 -0.960475
0.650391 -0.96141
0.650879 -0.962332
0.651367 -0.963242
0.651855 -0.96414
0.652344 -0.965025
0.652832 -0.965899
0.65332 -0.96676
0.653809 -0.967608
0.654297 -0.968445
0.654785 -0.96927
0.655273 -0.970082
0.655762 -0.970883
0.65625 -0.971672
0.656738 -0.972448
0.657227 -0.973213
0.657715 -0.973966
0.658203 -0.974707
0.658691 -0.975436
0.65918 -0.976154
0.659668 -0.97686
0.660156 -0.977554
0.660645 -0.978236
0.661133 -0.978907
0.661621 -0.979566
0.662109 -0.980214
0.662598 -0.980851
0.663086 -0.981475
0.663574 -0.982089
0.664062 -0.982691
0.664551 -0.983281
0.665039 -0.983861
0.665527 -0.984429
0.666016 -0.984986
0.666504 -0.985531
0.666992 -0.986066
0.66748 -0.986589
0.667969 -0.987101
0.668457 -0.987602
0.668945 -0.988092
0.669434 -0.988571
0.669922 -0.989039
0.67041 -0.989496
0.670898 -0.989943
0.671387 -0.990378
0.671875 -0.990803
0.672363 -0.991217
0.672852 -0.99162
0.67334 -0.992012
0.673828 -0.992394
0.674316 -0.992765
0.674805 -0.993125
0.675293 -0.993475
0.675781 -0.993814
0.67627 -0.994143
0.676758 -0.994461
0.677246 -0.994769
0.677734 -0.995066
0.678223 -0.995353
0.678711 -0.99563
0.679199 -0.995896
0.679688 -0.996153
0.680176 -0.996398
0.680664 -0.996634
0.681152 -0.99686
0.681641 -0.997075
0.682129 -0.99728
0.682617 -0.997475
0.683105 -0.997661
0.683594 -0.997836
0.684082 -0.998001
0.68457 -0.998156
0.685059 -0.998301
0.685547 -0.998437
0.686035 -0.998562
0.686523 -0.998678
0.687012 -0.998784
0.6875 -0.998881
0.687988 -0.998967
0.688477 -0.999044
0.688965 -0.999111
0.689453 -0.999169
0.689941 -0.999217
0.69043 -0.999255
0.690918 -0.999284
0.691406 -0.999304
0.691895 -0.999314
0.692383 -0.999314
0.692871 -0.999306
0.693359 -0.999287
0.693848 -0.99926
0.694336 -0.999223
0.694824 -0.999177
0.695312 -0.999122
0.695801 -0.999057
0.696289 -0.998983
0.696777 -0.998901
0.697266 -0.998809
0.697754 -0.998708
0.698242 -0.998598
0.69873 -0.998478
0.699219 -0.99835
0.699707 -0.998213
0.700195 -0.998067
0.700684 -0.997912
0.701172 -0.997749
0.70166 -0.997576
0.702148 -0.997395
0.702637 -0.997204
0.703125 -0.997005
0.703613 -0.996798
0.704102 -0.996581
0.70459 -0.996356
0.705078 -0.996123
0.705566 -0.99588
0.706055 -0.995629
0.706543 -0.99537
0.707031 -0.995102
0.70752 -0.994826
0.708008 -0.994541
0.708496 -0.994247
0.708984 -0.993946
0.709473 -0.993636
0.709961 -0.993317
0.710449 -0.99299
0.710938 -0.992655
0.711426 -0.992312
0.711914 -0.99196
0.712402 -0.991601
0.712891 -0.991233
0.713379 -0.990857
0.713867 -0.990472
0.714355 -0.99008
0.714844 -0.98968
0.715332 -0.989271
0.71582 -0.988855
0.716309 -0.988431
0.716797 -0.987998
0.717285 -0.987558
0.717773 -0.98711
0.718262 -0.986654
0.71875 -0.98619
0.719238 -0.985718
0.719727 -0.985238
0.720215 -0.984751
0.720703 -0.984256
0.721191 -0.983753
0.72168 -0.983243
0.722168 -0.982725
0.722656 -0.982199
0.723145 -0.981665
0.723633 -0.981124
0.724121 -0.980576
0.724609 -0.98002
0.725098 -0.979456
0.725586 -0.978885
0.726074 -0.978307
0.726562 -0.977721
0.727051 -0.977127
0.727539 -0.976527
0.728027 -0.975919
0.728516 -0.975303
0.729004 -0.97468
0.729492 -0.97405
0.72998 -0.973413
0.730469 -0.972769
0.730957 -0.972117
0.731445 -0.971458
0.731934 -0.970792
0.732422 -0.970119
0.73291 -0.969439
0.733398 -0.968751
0.733887 -0.968057
0.734375 -0.967356
0.734863 -0.966647
0.735352 -0.965932
0.73584 -0.965209
0.736328 -0.96448
0.736816 -0.963744
0.737305 -0.963001
0.737793 -0.962251
0.738281 -0.961494
0.73877 -0.96073
0.739258 -0.95996
0.739746 -0.959182
0.740234 -0.958398
0.740723 -0.957608
0.741211 -0.95681
0.741699 -0.956006
0.742188 -0.955196
0.742676 -0.954378
0.743164 -0.953554
0.743652 -0.952724
0.744141 -0.951887
0.744629 -0.951043
0.745117 -0.950193
0.745605 -0.949336
0.746094 -0.948473
0.746582 -0.947603
0.74707 -0.946727
0.747559 -0.945845
0.748047 -0.944956
0.748535 -0.944061
0.749023 -0.943159
0.749512 -0.942252
0.75 -0.941337
0.750488 -0.940417
0.750977 -0.93949
0.751465 -0.938558
0.751953 -0.937618
0.752441 -0.936673
0.75293 -0.935722
0.753418 -0.934764
0.753906 -0.9338
0.754395 -0.932831
0.754883 -0.931855
0.755371 -0.930873
0.755859 -0.929885
0.756348 -0.928891
0.756836 -0.927891
0.757324 -0.926885
0.757812 -0.925873
0.758301 -0.924855
0.758789 -0.923831
0.759277 -0.922802
0.759766 -0.921766
0.760254 -0.920725
0.760742 -0.919677
0.76123 -0.918624
0.761719 -0.917566
0.762207 -0.916501
0.762695 -0.915431
0.763184 -0.914355
0.763672 -0.913273
0.76416 -0.912185
0.764648 -0.911092
0.765137 -0.909993
0.765625 -0.908889
0.766113 -0.907779
0.766602 -0.906663
0.76709 -0.905542
0.767578 -0.904415
0.768066 -0.903283
0.768555 -0.902145
0.769043 -0.901002
0.769531 -0.899853
0.77002 -0.898699
0.770508 -0.89754
0.770996 -0.896375
0.771484 -0.895204
0.771973 -0.894028
0.772461 -0.892847
0.772949 -0.891661
0.773438 -0.890469
0.773926 -0.889272
0.774414 -0.888069
0.774902 -0.886861
0.775391 -0.885649
0.775879 -0.88443
0.776367 -0.883207
0.776855 -0.881978
0.777344 -0.880745
0.777832 -0.879506
0.77832 -0.878262
0.778809 -0.877013
0.779297 -0.875758
0.779785 -0.874499
0.780273 -0.873235
0.780762 -0.871965
0.78125 -0.870691
0.781738 -0.869411
0.782227 -0.868127
0.782715 -0.866837
0.783203 -0.865543
0.783691 -0.864244
0.78418 -0.86294
0.784668 -0.86163
0.785156 -0.860316
0.785645 -0.858997
0.786133 -0.857674
0.786621 -0.856345
0.787109 -0.855012
0.787598 -0.853674
0.788086 -0.852331
0.788574 -0.850983
0.789062 -0.84963
0.789551 -0.848273
0.790039 -0.846911
0.790527 -0.845545
0.791016 -0.844173
0.791504 -0.842797
0.791992 -0.841417
0.79248 -0.840031
0.792969 -0.838642
0.793457 -0.837247
0.793945 -0.835848
0.794434 -0.834445
0.794922 -0.833036
0.79541 -0.831624
0.795898 -0.830207
0.796387 -0.828785
0.796875 -0.827359
0.797363 -0.825928
0.797852 -0.824493
0.79834 -0.823054
0.798828 -0.82161
0.799316 -0.820161
0.799805 -0.818709
0.800293 -0.817252
0.800781 -0.81579
0.80127 -0.814324
0.801758 -0.812854
0.802246 -0.81138
0.802734 -0.809901
0.803223 -0.808418
0.803711 -0.806931
0.804199 -0.80544
0.804688 -0.803944
0.805176 -0.802444
0.805664 -0.80094
0.806152 -0.799432
0.806641 -0.797919
0.807129 -0.796403
0.807617 -0.794882
0.808105 -0.793357
0.808594 -0.791829
0.809082 -0.790296
0.80957 -0.788758
0.810059 -0.787217
0.810547 -0.785672
0.811035 -0.784123
0.811523 -0.78257
0.812012 -0.781013
0.8125 -0.779451
0.812988 -0.777886
0.813477 -0.776317
0.813965 -0.774744
0.814453 -0.773167
0.814941 -0.771586
0.81543 -0.770002
0.815918 -0.768413
0.816406 -0.76682
0.816895 -0.765224
0.817383 -0.763624
0.817871 -0.76202
0.818359 -0.760412
0.818848 -0.7588
0.819336 -0.757185
0.819824 -0.755566
0.820312 -0.753943
0.820801 -0.752316
0.821289 -0.750686
0.821777 -0.749052
0.822266 -0.747414
0.822754 -0.745773
0.823242 -0.744128
0.82373 -0.742479
0.824219 -0.740826
0.824707 -0.73917
0.825195 -0.737511
0.825684 -0.735848
0.826172 -0.734181
0.82666 -0.73251
0.827148 -0.730836
0.827637 -0.729159
0.828125 -0.727478
0.828613 -0.725794
0.829102 -0.724106
0.82959 -0.722414
0.830078 -0.720719
0.830566 -0.719021
0.831055 -0.717319
0.831543 -0.715614
0.832031 -0.713905
0.83252 -0.712193
0.833008 -0.710477
0.833496 -0.708758
0.833984 -0.707036
0.834473 -0.70531
0.834961 -0.703582
0.835449 -0.701849
0.835938 -0.700114
0.836426 -0.698375
0.836914 -0.696633
0.837402 -0.694887
0.837891 -0.693139
0.838379 -0.691387
0.838867 -0.689631
0.839355 -0.687873
0.839844 -0.686111
0.840332 -0.684347
0.84082 -0.682579
0.841309 -0.680807
0.841797 -0.679033
0.842285 -0.677256
0.842773 -0.675475
0.843262 -0.673691
0.84375 -0.671905
0.844238 -0.670115
0.844727 -0.668322
0.845215 -0.666526
0.845703 -0.664726
0.846191 -0.662924
0.84668 -0.661119
0.847168 -0.659311
0.847656 -0.6575
0.848145 -0.655685
0.848633 -0.653868
0.849121 -0.652048
0.849609 -0.650225
0.850098 -0.648399
0.850586 -0.64657
0.851074 -0.644738
0.851562 -0.642903
0.852051 -0.641065
0.852539 -0.639225
0.853027 -0.637381
0.853516 -0.635535
0.854004 -0.633686
0.854492 -0.631834
0.85498 -0.629979
0.855469 -0.628121
0.855957 -0.62626
0.856445 -0.624397
0.856934 -0.622531
0.857422 -0.620662
0.85791 -0.618791
0.858398 -0.616916
0.858887 -0.615039
0.859375 -0.61316
0.859863 -0.611277
0.860352 -0.609392
0.86084 -0.607504
0.861328 -0.605614
0.861816 -0.60372
0.862305 -0.601825
0.862793 -0.599926
0.863281 -0.598025
0.86377 -0.596121
0.864258 -0.594215
0.864746 -0.592306
0.865234 -0.590395
0.865723 -0.588481
0.866211 -0.586564
0.866699 -0.584645
0.867188 -0.582723
0.867676 -0.580799
0.868164 -0.578872
0.868652 -0.576943
0.869141 -0.575011
0.869629 -0.573077
0.870117 -0.57114
0.870605 -0.569201
0.871094 -0.56726
0.871582 -0.565316
0.87207 -0.563369
0.872559 -0.56142
0.873047 -0.559469
0.873535 -0.557515
0.874023 -0.555559
0.874512 -0.553601
0.875 -0.55164
0.875488 -0.549677
0.875977 -0.547712
0.876465 -0.545744
0.876953 -0.543774
0.877441 -0.541802
0.87793 -0.539827
0.878418 -0.53785
0.878906 -0.535871
0.879395 -0.533889
0.879883 -0.531905
0.880371 -0.52992
0.880859 -0.527931
0.881348 -0.525941
0.881836 -0.523948
0.882324 -0.521954
0.882812 -0.519957
0.883301 -0.517957
0.883789 -0.515956
0.884277 -0.513953
0.884766 -0.511947
0.885254 -0.509939
0.885742 -0.507929
0.88623 -0.505917
0.886719 -0.503903
0.887207 -0.501887
0.887695 -0.499869
0.888184 -0.497848
0.888672 -0.495826
0.88916 -0.493801
0.889648 -0.491775
0.890137 -0.489746
0.890625 -0.487716
0.891113 -0.485683
0.891602 -0.483649
0.89209 -0.481612
0.892578 -0.479574
0.893066 -0.477533
0.893555 -0.475491
0.894043 -0.473446
0.894531 -0.4714
0.89502 -0.469352
0.895508 -0.467302
0.895996 -0.46525
0.896484 -0.463196
0.896973 -0.46114
0.897461 -0.459082
0.897949 -0.457023
0.898438 -0.454961
0.898926 -0.452898
0.899414 -0.450833
0.899902 -0.448766
0.900391 -0.446697
0.900879 -0.444626
0.901367 -0.442554
0.901855 -0.44048
0.902344 -0.438404
0.902832 -0.436326
0.90332 -0.434247
0.903809 -0.432165
0.904297 -0.430082
0.904785 -0.427998
0.905273 -0.425911
0.905762 -0.423823
0.90625 -0.421733
0.906738 -0.419642
0.907227 -0.417549
0.907715 -0.415454
0.908203 -0.413357
0.908691 -0.411259
0.90918 -0.409159
0.909668 -0.407058
0.910156 -0.404955
0.910645 -0.40285
0.911133 -0.400744
0.911621 -0.398636
0.912109 -0.396527
0.912598 -0.394416
0.913086 -0.392303
0.913574 -0.390189
0.914062 -0.388073
0.914551 -0.385956
0.915039 -0.383837
0.915527 -0.381717
0.916016 -0.379595
0.916504 -0.377472
0.916992 -0.375347
0.91748 -0.373221
0.917969 -0.371093
0.918457 -0.368964
0.918945 -0.366833
0.919434 -0.364701
0.919922 -0.362568
0.92041 -0.360433
0.920898 -0.358297
0.921387 -0.356159
0.921875 -0.35402
0.922363 -0.351879
0.922852 -0.349738
0.92334 -0.347594
0.923828 -0.34545
0.924316 -0.343304
0.924805 -0.341156
0.925293 -0.339008
0.925781 -0.336858
0.92627 -0.334707
0.926758 -0.332554
0.927246 -0.3304
0.927734 -0.328245
0.928223 -0.326089
0.928711 -0.323931
0.929199 -0.321772
0.929688 -0.319612
0.930176 -0.317451
0.930664 -0.315288
0.931152 -0.313124
0.931641 -0.310959
0.932129 -0.308793
0.932617 -0.306625
0.933105 -0.304457
0.933594 -0.302287
0.934082 -0.300116
0.93457 -0.297944
0.935059 -0.29577
0.935547 -0.293596
0.936035 -0.29142
0.936523 -0.289244
0.937012 -0.287066
0.9375 -0.284887
0.937988 -0.282707
0.938477 -0.280526
0.938965 -0.278344
0.939453 -0.276161
0.939941 -0.273976
0.94043 -0.271791
0.940918 -0.269605
0.941406 -0.267417
0.941895 -0.265229
0.942383 -0.263039
0.942871 -0.260849
0.943359 -0.258657
0.943848 -0.256465
0.944336 -0.254272
0.944824 -0.252077
0.945312 -0.249882
0.945801 -0.247686
0.946289 -0.245488
0.946777 -0.24329
0.947266 -0.241091
0.947754 -0.238891
0.948242 -0.23669
0.94873 -0.234489
0.949219 -0.232286
0.949707 -0.230082
0.950195 -0.227878
0.950684 -0.225672
0.951172 -0.223466
0.95166 -0.221259
0.952148 -0.219051
0.952637 -0.216843
0.953125 -0.214633
0.953613 -0.212423
0.954102 -0.210212
0.95459 -0.208
0.955078 -0.205787
0.955566 -0.203574
0.956055 -0.201359
0.956543 -0.199144
0.957031 -0.196929
0.95752 -0.194712
0.958008 -0.192495
0.958496 -0.190277
0.958984 -0.188058
0.959473 -0.185839
0.959961 -0.183619
0.960449 -0.181398
0.960938 -0.179177
0.961426 -0.176954
0.961914 -0.174732
0.962402 -0.172508
0.962891 -0.170284
0.963379 -0.168059
0.963867 -0.165834
0.964355 -0.163608
0.964844 -0.161381
0.965332 -0.159154
0.96582 -0.156926
0.966309 -0.154698
0.966797 -0.152469
0.967285 -0.150239
0.967773 -0.148009
0.968262 -0.145779
0.96875 -0.143547
0.969238 -0.141316
0.969727 -0.139083
0.970215 -0.136851
0.970703 -0.134617
0.971191 -0.132383
0.97168 -0.130149
0.972168 -0.127914
0.972656 -0.125679
0.973145 -0.123443
0.973633 -0.121207
0.974121 -0.118971
0.974609 -0.116733
0.975098 -0.114496
0.975586 -0.112258
0.976074 -0.11002
0.976562 -0.107781
0.977051 -0.105542
0.977539 -0.103303
0.978027 -0.101063
0.978516 -0.0988231
0.979004 -0.0965829
0.979492 -0.0943424
0.97998 -0.0921017
0.980469 -0.0898608
0.980957 -0.0876197
0.981445 -0.0853786
0.981934 -0.0831375
0.982422 -0.0808964
0.98291 -0.0786554
0.983398 -0.0764146
0.983887 -0.074174
0.984375 -0.0719338
0.984863 -0.0696941
0.985352 -0.0674549
0.98584 -0.0652163
0.986328 -0.0629786
0.986816 -0.0607418
0.987305 -0.0585061
0.987793 -0.0562717
0.988281 -0.0540386
0.98877 -0.051807
0.989258 -0.0495771
0.989746 -0.0473491
0.990234 -0.045123
0.990723 -0.042899
0.991211 -0.0406773
0.991699 -0.038458
0.992188 -0.0362411
0.992676 -0.0340268
0.993164 -0.0318151
0.993652 -0.0296061
0.994141 -0.0273997
0.994629 -0.025196
0.995117 -0.0229948
0.995605 -0.0207962
0.996094 -0.0185999
0.996582 -0.0164059
0.99707 -0.014214
0.997559 -0.0120239
0.998047 -0.00983542
0.998535 -0.00764832
0.999023 -0.0054623
0.999512 -0.00327706
1 -0.0010923
