0 0.000330415
0.000488281 0.000991245
0.000976562 0.00165208
0.00146484 0.00231291
0.00195312 0.00297374
0.00244141 0.00363458
0.00292969 0.00429541
0.00341797 0.00495625
0.00390625 0.0056171
0.00439453 0.00627795
0.00488281 0.0069388
0.00537109 0.00759965
0.00585938 0.00826052
0.00634766 0.00892138
0.00683594 0.00958226
0.00732422 0.0102431
0.0078125 0.010904
0.00830078 0.0115649
0.00878906 0.0122258
0.00927734 0.0128867
0.00976562 0.0135476
0.0102539 0.0142086
0.0107422 0.0148695
0.0112305 0.0155304
0.0117188 0.0161914
0.012207 0.0168524
0.0126953 0.0175133
0.0131836 0.0181743
0.0136719 0.0188353
0.0141602 0.0194963
0.0146484 0.0201573
0.0151367 0.0208184
0.015625 0.0214794
0.0161133 0.0221405
0.0166016 0.0228015
0.0170898 0.0234626
0.0175781 0.0241237
0.0180664 0.0247848
0.0185547 0.025446
0.019043 0.0261071
0.0195312 0.0267683
0.0200195 0.0274294
0.0205078 0.0280906
0.0209961 0.0287518
0.0214844 0.029413
0.0219727 0.0300743
0.0224609 0.0307355
0.0229492 0.0313968
0.0234375 0.0320581
0.0239258 0.0327194
0.0244141 0.0333807
0.0249023 0.0340421
0.0253906 0.0347034
0.0258789 0.0353648
0.0263672 0.0360262
0.0268555 0.0366876
0.0273438 0.037349
0.027832 0.0380105
0.0283203 0.0386719
0.0288086 0.0393334
0.0292969 0.0399949
0.0297852 0.0406565
0.0302734 0.041318
0.0307617 0.0419796
0.03125 0.0426411
0.0317383 0.0433027
0.0322266 0.0439644
0.0327148 0.044626
0.0332031 0.0452877
0.0336914 0.0459493
0.0341797 0.046611
0.034668 0.0472728
0.0351562 0.0479345
0.0356445 0.0485963
0.0361328 0.049258
0.0366211 0.0499198
0.0371094 0.0505816
0.0375977 0.0512435
0.0380859 0.0519053
0.0385742 0.0525672
0.0390625 0.0532291
0.0395508 0.053891
0.0400391 0.054553
0.0405273 0.0552149
0.0410156 0.0558769
0.0415039 0.0565389
0.0419922 0.0572009
0.0424805 0.0578629
0.0429688 0.058525
0.043457 0.059187
0.0439453 0.0598491
0.0444336 0.0605112
0.0449219 0.0611733
0.0454102 0.0618355
0.0458984 0.0624976
0.0463867 0.0631598
0.046875 0.063822
0.0473633 0.0644842
0.0478516 0.0651464
0.0483398 0.0658087
0.0488281 0.0664709
0.0493164 0.0671332
0.0498047 0.0677955
0.050293 0.0684578
0.0507812 0.0691202
0.0512695 0.0697825
0.0517578 0.0704449
0.0522461 0.0711072
0.0527344 0.0717696
0.0532227 0.072432
0.0537109 0.0730944
0.0541992 0.0737569
0.0546875 0.0744193
0.0551758 0.0750818
0.0556641 0.0757443
0.0561523 0.0764068
0.0566406 0.0770693
0.0571289 0.0777318
0.0576172 0.0783943
0.0581055 0.0790569
0.0585938 0.0797194
0.059082 0.080382
0.0595703 0.0810446
0.0600586 0.0817072
0.0605469 0.0823698
0.0610352 0.0830324
0.0615234 0.083695
0.0620117 0.0843576
0.0625 0.0850203
0.0629883 0.0856829
0.0634766 0.0863456
0.0639648 0.0870083
0.0644531 0.0876709
0.0649414 0.0883336
0.0654297 0.0889963
0.065918 0.089659
0.0664062 0.0903218
0.0668945 0.0909845
0.0673828 0.0916472
0.0678711 0.0923099
0.0683594 0.0929727
0.0688477 0.0936354
0.0693359 0.0942982
0.0698242 0.094961
0.0703125 0.0956237
0.0708008 0.0962865
0.0712891 0.0969493
0.0717773 0.0976121
0.0722656 0.0982749
0.0727539 0.0989377
0.0732422 0.0996004
0.0737305 0.100263
0.0742188 0.100926
0.074707 0.101589
0.0751953 0.102252
0.0756836 0.102914
0.0761719 0.103577
0.0766602 0.10424
0.0771484 0.104903
0.0776367 0.105566
0.078125 0.106229
0.0786133 0.106891
0.0791016 0.107554
0.0795898 0.108217
0.0800781 0.10888
0.0805664 0.109543
0.0810547 0.110205
0.081543 0.110868
0.0820312 0.111531
0.0825195 0.112194
0.0830078 0.112857
0.0834961 0.11352
0.0839844 0.114182
0.0844727 0.114845
0.0849609 0.115508
0.0854492 0.116171
0.0859375 0.116834
0.0864258 0.117496
0.0869141 0.118159
0.0874023 0.118822
0.0878906 0.119485
0.0883789 0.120148
0.0888672 0.12081
0.0893555 0.121473
0.0898438 0.122136
0.090332 0.122799
0.0908203 0.123461
0.0913086 0.124124
0.0917969 0.124787
0.0922852 0.12545
0.0927734 0.126112
0.0932617 0.126775
0.09375 0.127438
0.0942383 0.128101
0.0947266 0.128763
0.0952148 0.129426
0.0957031 0.130089
0.0961914 0.130751
0.0966797 0.131414
0.097168 0.132077
0.0976562 0.132739
0.0981445 0.133402
0.0986328 0.134065
0.0991211 0.134727
0.0996094 0.13539
0.100098 0.136053
0.100586 0.136715
0.101074 0.137378
0.101562 0.13804
0.102051 0.138703
0.102539 0.139365
0.103027 0.140028
0.103516 0.140691
0.104004 0.141353
0.104492 0.142016
0.10498 0.142678
0.105469 0.143341
0.105957 0.144003
0.106445 0.144666
0.106934 0.145328
0.107422 0.145991
0.10791 0.146653
0.108398 0.147316
0.108887 0.147978
0.109375 0.14864
0.109863 0.149303
0.110352 0.149965
0.11084 0.150628
0.111328 0.15129
0.111816 0.151952
0.112305 0.152615
0.112793 0.153277
0.113281 0.153939
0.11377 0.154602
0.114258 0.155264
0.114746 0.155926
0.115234 0.156588
0.115723 0.157251
0.116211 0.157913
0.116699 0.158575
0.117188 0.159237
0.117676 0.159899
0.118164 0.160562
0.118652 0.161224
0.119141 0.161886
0.119629 0.162548
0.120117 0.16321
0.120605 0.163872
0.121094 0.164534
0.121582 0.165196
0.12207 0.165858
0.122559 0.16652
0.123047 0.167182
0.123535 0.167845
0.124023 0.168506
0.124512 0.169168
0.125 0.16983
0.125488 0.170492
0.125977 0.171154
0.126465 0.171816
0.126953 0.172478
0.127441 0.17314
0.12793 0.173802
0.128418 0.174464
0.128906 0.175126
0.129395 0.175787
0.129883 0.176449
0.130371 0.177111
0.130859 0.177773
0.131348 0.178434
0.131836 0.179096
0.132324 0.179758
0.132812 0.18042
0.133301 0.181081
0.133789 0.181743
0.134277 0.182405
0.134766 0.183066
0.135254 0.183728
0.135742 0.184389
0.13623 0.185051
0.136719 0.185712
0.137207 0.186374
0.137695 0.187035
0.138184 0.187697
0.138672 0.188358
0.13916 0.18902
0.139648 0.189681
0.140137 0.190343
0.140625 0.191004
0.141113 0.191666
0.141602 0.192327
0.14209 0.192988
0.142578 0.19365
0.143066 0.194311
0.143555 0.194972
0.144043 0.195633
0.144531 0.196295
0.14502 0.196956
0.145508 0.197617
0.145996 0.198278
0.146484 0.198939
0.146973 0.199601
0.147461 0.200262
0.147949 0.200923
0.148438 0.201584
0.148926 0.202245
0.149414 0.202906
0.149902 0.203567
0.150391 0.204228
0.150879 0.204889
0.151367 0.20555
0.151855 0.206211
0.152344 0.206872
0.152832 0.207533
0.15332 0.208194
0.153809 0.208854
0.154297 0.209515
0.154785 0.210176
0.155273 0.210837
0.155762 0.211498
0.15625 0.212158
0.156738 0.212819
0.157227 0.21348
0.157715 0.214141
0.158203 0.214801
0.158691 0.215462
0.15918 0.216123
0.159668 0.216783
0.160156 0.217444
0.160645 0.218104
0.161133 0.218765
0.161621 0.219425
0.162109 0.220086
0.162598 0.220746
0.163086 0.221407
0.163574 0.222067
0.164062 0.222728
0.164551 0.223388
0.165039 0.224048
0.165527 0.224709
0.166016 0.225369
0.166504 0.226029
0.166992 0.226689
0.16748 0.22735
0.167969 0.22801
0.168457 0.22867
0.168945 0.22933
0.169434 0.22999
0.169922 0.230651
0.17041 0.231311
0.170898 0.231971
0.171387 0.232631
0.171875 0.233291
0.172363 0.233951
0.172852 0.234611
0.17334 0.235271
0.173828 0.235931
0.174316 0.236591
0.174805 0.23725
0.175293 0.23791
0.175781 0.23857
0.17627 0.23923
0.176758 0.23989
0.177246 0.24055
0.177734 0.241209
0.178223 0.241869
0.178711 0.242529
0.179199 0.243188
0.179688 0.243848
0.180176 0.244508
0.180664 0.245167
0.181152 0.245827
0.181641 0.246486
0.182129 0.247146
0.182617 0.247805
0.183105 0.248465
0.183594 0.249124
0.184082 0.249783
0.18457 0.250443
0.185059 0.251102
0.185547 0.251762
0.186035 0.252421
0.186523 0.25308
0.187012 0.253739
0.1875 0.254399
0.187988 0.255058
0.188477 0.255717
0.188965 0.256376
0.189453 0.257035
0.189941 0.257694
0.19043 0.258353
0.190918 0.259012
0.191406 0.259671
0.191895 0.26033
0.192383 0.260989
0.192871 0.261648
0.193359 0.262307
0.193848 0.262966
0.194336 0.263625
0.194824 0.264284
0.195312 0.264942
0.195801 0.265601
0.196289 0.26626
0.196777 0.266919
0.197266 0.267577
0.197754 0.268236
0.198242 0.268895
0.19873 0.269553
0.199219 0.270212
0.199707 0.27087
0.200195 0.271529
0.200684 0.272187
0.201172 0.272846
0.20166 0.273504
0.202148 0.274163
0.202637 0.274821
0.203125 0.275479
0.203613 0.276138
0.204102 0.276796
0.20459 0.277454
0.205078 0.278112
0.205566 0.27877
0.206055 0.279429
0.206543 0.280087
0.207031 0.280745
0.20752 0.281403
0.208008 0.282061
0.208496 0.282719
0.208984 0.283377
0.209473 0.284035
0.209961 0.284693
0.210449 0.285351
0.210938 0.286009
0.211426 0.286666
0.211914 0.287324
0.212402 0.287982
0.212891 0.28864
0.213379 0.289297
0.213867 0.289955
0.214355 0.290613
0.214844 0.29127
0.215332 0.291928
0.21582 0.292585
0.216309 0.293243
0.216797 0.2939
0.217285 0.294558
0.217773 0.295215
0.218262 0.295873
0.21875 0.29653
0.219238 0.297187
0.219727 0.297845
0.220215 0.298502
0.220703 0.299159
0.221191 0.299816
0.22168 0.300474
0.222168 0.301131
0.222656 0.301788
0.223145 0.302445
0.223633 0.303102
0.224121 0.303759
0.224609 0.304416
0.225098 0.305073
0.225586 0.30573
0.226074 0.306387
0.226562 0.307043
0.227051 0.3077
0.227539 0.308357
0.228027 0.309014
0.228516 0.309671
0.229004 0.310327
0.229492 0.310984
0.22998 0.31164
0.230469 0.312297
0.230957 0.312954
0.231445 0.31361
0.231934 0.314267
0.232422 0.314923
0.23291 0.315579
0.233398 0.316236
0.233887 0.316892
0.234375 0.317548
0.234863 0.318205
0.235352 0.318861
0.23584 0.319517
0.236328 0.320173
0.236816 0.320829
0.237305 0.321485
0.237793 0.322141
0.238281 0.322797
0.23877 0.323453
0.239258 0.324109
0.239746 0.324765
0.240234 0.325421
0.240723 0.326077
0.241211 0.326733
0.241699 0.327389
0.242188 0.328044
0.242676 0.3287
0.243164 0.329356
0.243652 0.330011
0.244141 0.330667
0.244629 0.331322
0.245117 0.331978
0.245605 0.332633
0.246094 0.333289
0.246582 0.333944
0.24707 0.3346
0.247559 0.335255
0.248047 0.33591
0.248535 0.336566
0.249023 0.337221
0.249512 0.337876
0.25 0.338531
0.250488 0.339186
0.250977 0.339841
0.251465 0.340496
0.251953 0.341151
0.252441 0.341806
0.25293 0.342461
0.253418 0.343116
0.253906 0.343771
0.254395 0.344426
0.254883 0.345081
0.255371 0.345735
0.255859 0.34639
0.256348 0.347045
0.256836 0.347699
0.257324 0.348354
0.257812 0.349008
0.258301 0.349663
0.258789 0.350317
0.259277 0.350972
0.259766 0.351626
0.260254 0.35228
0.260742 0.352935
0.26123 0.353589
0.261719 0.354243
0.262207 0.354897
0.262695 0.355551
0.263184 0.356206
0.263672 0.35686
0.26416 0.357514
0.264648 0.358168
0.265137 0.358822
0.265625 0.359475
0.266113 0.360129
0.266602 0.360783
0.26709 0.361437
0.267578 0.362091
0.268066 0.362744
0.268555 0.363398
0.269043 0.364052
0.269531 0.364705
0.27002 0.365359
0.270508 0.366012
0.270996 0.366666
0.271484 0.367319
0.271973 0.367972
0.272461 0.368626
0.272949 0.369279
0.273438 0.369932
0.273926 0.370585
0.274414 0.371238
0.274902 0.371892
0.275391 0.372545
0.275879 0.373198
0.276367 0.373851
0.276855 0.374504
0.277344 0.375156
0.277832 0.375809
0.27832 0.376462
0.278809 0.377115
0.279297 0.377768
0.279785 0.37842
0.280273 0.379073
0.280762 0.379725
0.28125 0.380378
0.281738 0.38103
0.282227 0.381683
0.282715 0.382335
0.283203 0.382988
0.283691 0.38364
0.28418 0.384292
0.284668 0.384945
0.285156 0.385597
0.285645 0.386249
0.286133 0.386901
0.286621 0.387553
0.287109 0.388205
0.287598 0.388857
0.288086 0.389509
0.288574 0.390161
0.289062 0.390813
0.289551 0.391464
0.290039 0.392116
0.290527 0.392768
0.291016 0.393419
0.291504 0.394071
0.291992 0.394723
0.29248 0.395374
0.292969 0.396026
0.293457 0.396677
0.293945 0.397328
0.294434 0.39798
0.294922 0.398631
0.29541 0.399282
0.295898 0.399933
0.296387 0.400584
0.296875 0.401235
0.297363 0.401887
0.297852 0.402538
0.29834 0.403188
0.298828 0.403839
0.299316 0.40449
0.299805 0.405141
0.300293 0.405792
0.300781 0.406442
0.30127 0.407093
0.301758 0.407744
0.302246 0.408394
0.302734 0.409045
0.303223 0.409695
0.303711 0.410346
0.304199 0.410996
0.304688 0.411646
0.305176 0.412297
0.305664 0.412947
0.306152 0.413597
0.306641 0.414247
0.307129 0.414897
0.307617 0.415547
0.308105 0.416197
0.308594 0.416847
0.309082 0.417497
0.30957 0.418147
0.310059 0.418796
0.310547 0.419446
0.311035 0.420096
0.311523 0.420745
0.312012 0.421395
0.3125 0.422044
0.312988 0.422694
0.313477 0.423343
0.313965 0.423993
0.314453 0.424642
0.314941 0.425291
0.31543 0.42594
0.315918 0.426589
0.316406 0.427239
0.316895 0.427888
0.317383 0.428537
0.317871 0.429186
0.318359 0.429834
0.318848 0.430483
0.319336 0.431132
0.319824 0.431781
0.320312 0.432429
0.320801 0.433078
0.321289 0.433727
0.321777 0.434375
0.322266 0.435024
0.322754 0.435672
0.323242 0.43632
0.32373 0.436969
0.324219 0.437617
0.324707 0.438265
0.325195 0.438913
0.325684 0.439561
0.326172 0.440209
0.32666 0.440857
0.327148 0.441505
0.327637 0.442153
0.328125 0.442801
0.328613 0.443449
0.329102 0.444096
0.32959 0.444744
0.330078 0.445392
0.330566 0.446039
0.331055 0.446687
0.331543 0.447334
0.332031 0.447981
0.33252 0.448629
0.333008 0.449276
0.333496 0.449923
0.333984 0.45057
0.334473 0.451217
0.334961 0.451864
0.335449 0.452511
0.335938 0.453158
0.336426 0.453805
0.336914 0.454452
0.337402 0.455099
0.337891 0.455745
0.338379 0.456392
0.338867 0.457039
0.339355 0.457685
0.339844 0.458332
0.340332 0.458978
0.34082 0.459624
0.341309 0.460271
0.341797 0.460917
0.342285 0.461563
0.342773 0.462209
0.343262 0.462855
0.34375 0.463501
0.344238 0.464147
0.344727 0.464793
0.345215 0.465439
0.345703 0.466084
0.346191 0.46673
0.34668 0.467376
0.347168 0.468021
0.347656 0.468667
0.348145 0.469312
0.348633 0.469958
0.349121 0.470603
0.349609 0.471248
0.350098 0.471893
0.350586 0.472539
0.351074 0.473184
0.351562 0.473829
0.352051 0.474474
0.352539 0.475119
0.353027 0.475763
0.353516 0.476408
0.354004 0.477053
0.354492 0.477698
0.35498 0.478342
0.355469 0.478987
0.355957 0.479631
0.356445 0.480275
0.356934 0.48092
0.357422 0.481564
0.35791 0.482208
0.358398 0.482852
0.358887 0.483497
0.359375 0.484141
0.359863 0.484785
0.360352 0.485428
0.36084 0.486072
0.361328 0.486716
0.361816 0.48736
0.362305 0.488003
0.362793 0.488647
0.363281 0.48929
0.36377 0.489934
0.364258 0.490577
0.364746 0.491221
0.365234 0.491864
0.365723 0.492507
0.366211 0.49315
0.366699 0.493793
0.367188 0.494436
0.367676 0.495079
0.368164 0.495722
0.368652 0.496365
0.369141 0.497007
0.369629 0.49765
0.370117 0.498293
0.370605 0.498935
0.371094 0.499578
0.371582 0.50022
0.37207 0.500862
0.372559 0.501505
0.373047 0.502147
0.373535 0.502789
0.374023 0.503431
0.374512 0.504073
0.375 0.504715
0.375488 0.505357
0.375977 0.505998
0.376465 0.50664
0.376953 0.507282
0.377441 0.507923
0.37793 0.508565
0.378418 0.509206
0.378906 0.509848
0.379395 0.510489
0.379883 0.51113
0.380371 0.511771
0.380859 0.512412
0.381348 0.513053
0.381836 0.513694
0.382324 0.514335
0.382812 0.514976
0.383301 0.515617
0.383789 0.516257
0.384277 0.516898
0.384766 0.517538
0.385254 0.518179
0.385742 0.518819
0.38623 0.51946
0.386719 0.5201
0.387207 0.52074
0.387695 0.52138
0.388184 0.52202
0.388672 0.52266
0.38916 0.5233
0.389648 0.52394
0.390137 0.524579
0.390625 0.525219
0.391113 0.525859
0.391602 0.526498
0.39209 0.527137
0.392578 0.527777
0.393066 0.528416
0.393555 0.529055
0.394043 0.529694
0.394531 0.530333
0.39502 0.530972
0.395508 0.531611
0.395996 0.53225
0.396484 0.532889
0.396973 0.533528
0.397461 0.534166
0.397949 0.534805
0.398438 0.535443
0.398926 0.536081
0.399414 0.53672
0.399902 0.537358
0.400391 0.537996
0.400879 0.538634
0.401367 0.539272
0.401855 0.53991
0.402344 0.540548
0.402832 0.541186
0.40332 0.541823
0.403809 0.542461
0.404297 0.543098
0.404785 0.543736
0.405273 0.544373
0.405762 0.54501
0.40625 0.545648
0.406738 0.546285
0.407227 0.546922
0.407715 0.547559
0.408203 0.548196
0.408691 0.548832
0.40918 0.549469
0.409668 0.550106
0.410156 0.550742
0.410645 0.551379
0.411133 0.552015
0.411621 0.552652
0.412109 0.553288
0.412598 0.553924
0.413086 0.55456
0.413574 0.555196
0.414062 0.555832
0.414551 0.556468
0.415039 0.557104
0.415527 0.557739
0.416016 0.558375
0.416504 0.55901
0.416992 0.559646
0.41748 0.560281
0.417969 0.560916
0.418457 0.561551
0.418945 0.562186
0.419434 0.562821
0.419922 0.563456
0.42041 0.564091
0.420898 0.564726
0.421387 0.565361
0.421875 0.565995
0.422363 0.56663
0.422852 0.567264
0.42334 0.567898
0.423828 0.568533
0.424316 0.569167
0.424805 0.569801
0.425293 0.570435
0.425781 0.571069
0.42627 0.571702
0.426758 0.572336
0.427246 0.57297
0.427734 0.573603
0.428223 0.574237
0.428711 0.57487
0.429199 0.575503
0.429688 0.576137
0.430176 0.57677
0.430664 0.577403
0.431152 0.578036
0.431641 0.578668
0.432129 0.579301
0.432617 0.579934
0.433105 0.580566
0.433594 0.581199
0.434082 0.581831
0.43457 0.582463
0.435059 0.583096
0.435547 0.583728
0.436035 0.58436
0.436523 0.584992
0.437012 0.585624
0.4375 0.586255
0.437988 0.586887
0.438477 0.587518
0.438965 0.58815
0.439453 0.588781
0.439941 0.589413
0.44043 0.590044
0.440918 0.590675
0.441406 0.591306
0.441895 0.591937
0.442383 0.592568
0.442871 0.593198
0.443359 0.593829
0.443848 0.594459
0.444336 0.59509
0.444824 0.59572
0.445312 0.59635
0.445801 0.596981
0.446289 0.597611
0.446777 0.598241
0.447266 0.59887
0.447754 0.5995
0.448242 0.60013
0.44873 0.600759
0.449219 0.601389
0.449707 0.602018
0.450195 0.602648
0.450684 0.603277
0.451172 0.603906
0.45166 0.604535
0.452148 0.605164
0.452637 0.605792
0.453125 0.606421
0.453613 0.60705
0.454102 0.607678
0.45459 0.608307
0.455078 0.608935
0.455566 0.609563
0.456055 0.610191
0.456543 0.610819
0.457031 0.611447
0.45752 0.612075
0.458008 0.612703
0.458496 0.61333
0.458984 0.613958
0.459473 0.614585
0.459961 0.615212
0.460449 0.615839
0.460938 0.616466
0.461426 0.617093
0.461914 0.61772
0.462402 0.618347
0.462891 0.618974
0.463379 0.6196
0.463867 0.620227
0.464355 0.620853
0.464844 0.621479
0.465332 0.622105
0.46582 0.622731
0.466309 0.623357
0.466797 0.623983
0.467285 0.624609
0.467773 0.625234
0.468262 0.62586
0.46875 0.626485
0.469238 0.627111
0.469727 0.627736
0.470215 0.628361
0.470703 0.628986
0.471191 0.629611
0.47168 0.630235
0.472168 0.63086
0.472656 0.631485
0.473145 0.632109
0.473633 0.632733
0.474121 0.633358
0.474609 0.633982
0.475098 0.634606
0.475586 0.635229
0.476074 0.635853
0.476562 0.636477
0.477051 0.6371
0.477539 0.637724
0.478027 0.638347
0.478516 0.63897
0.479004 0.639593
0.479492 0.640216
0.47998 0.640839
0.480469 0.641462
0.480957 0.642085
0.481445 0.642707
0.481934 0.643329
0.482422 0.643952
0.48291 0.644574
0.483398 0.645196
0.483887 0.645818
0.484375 0.64644
0.484863 0.647061
0.485352 0.647683
0.48584 0.648304
0.486328 0.648926
0.486816 0.649547
0.487305 0.650168
0.487793 0.650789
0.488281 0.65141
0.48877 0.652031
0.489258 0.652651
0.489746 0.653272
0.490234 0.653892
0.490723 0.654513
0.491211 0.655133
0.491699 0.655753
0.492188 0.656373
0.492676 0.656993
0.493164 0.657612
0.493652 0.658231
0.494141 0.658847
0.494629 0.659459
0.495117 0.660058
0.495605 0.660617
0.496094 0.661066
0.496582 0.661197
0.49707 0.660423
0.497559 0.657066
0.498047 0.646401
0.498535 0.615463
0.499023 0.53166
0.499512 0.334459
0.5 2.42129e-14
0.500488 -0.334459
0.500977 -0.53166
0.501465 -0.615463
0.501953 -0.646401
0.502441 -0.657066
0.50293 -0.660423
0.503418 -0.661197
0.503906 -0.661066
0.504395 -0.660617
0.504883 -0.660058
0.505371 -0.659459
0.505859 -0.658847
0.506348 -0.658231
0.506836 -0.657612
0.507324 -0.656993
0.507812 -0.656373
0.508301 -0.655753
0.508789 -0.655133
0.509277 -0.654513
0.509766 -0.653892
0.510254 -0.653272
0.510742 -0.652651
0.51123 -0.652031
0.511719 -0.65141
0.512207 -0.650789
0.512695 -0.650168
0.513184 -0.649547
0.513672 -0.648926
0.51416 -0.648304
0.514648 -0.647683
0.515137 -0.647061
0.515625 -0.64644
0.516113 -0.645818
0.516602 -0.645196
0.51709 -0.644574
0.517578 -0.643952
0.518066 -0.643329
0.518555 -0.642707
0.519043 -0.642085
0.519531 -0.641462
0.52002 -0.640839
0.520508 -0.640216
0.520996 -0.639593
0.521484 -0.63897
0.521973 -0.638347
0.522461 -0.637724
0.522949 -0.6371
0.523438 -0.636477
0.523926 -0.635853
0.524414 -0.635229
0.524902 -0.634606
0.525391 -0.633982
0.525879 -0.633358
0.526367 -0.632733
0.526855 -0.632109
0.527344 -0.631485
0.527832 -0.63086
0.52832 -0.630235
0.528809 -0.629611
0.529297 -0.628986
0.529785 -0.628361
0.530273 -0.627736
0.530762 -0.627111
0.53125 -0.626485
0.531738 -0.62586
0.532227 -0.625234
0.532715 -0.624609
0.533203 -0.623983
0.533691 -0.623357
0.53418 -0.622731
0.534668 -0.622105
0.535156 -0.621479
0.535645 -0.620853
0.536133 -0.620227
0.536621 -0.6196
0.537109 -0.618974
0.537598 -0.618347
0.538086 -0.61772
0.538574 -0.617093
0.539062 -0.616466
0.539551 -0.615839
0.540039 -0.615212
0.540527 -0.614585
0.541016 -0.613958
0.541504 -0.61333
0.541992 -0.612703
0.54248 -0.612075
0.542969 -0.611447
0.543457 -0.610819
0.543945 -0.610191
0.544434 -0.609563
0.544922 -0.608935
0.54541 -0.608307
0.545898 -0.607678
0.546387 -0.60705
0.546875 -0.606421
0.547363 -0.605792
0.547852 -0.605164
0.54834 -0.604535
0.548828 -0.603906
0.549316 -0.603277
0.549805 -0.602648
0.550293 -0.602018
0.550781 -0.601389
0.55127 -0.600759
0.551758 -0.60013
0.552246 -0.5995
0.552734 -0.59887
0.553223 -0.598241
0.553711 -0.597611
0.554199 -0.596981
0.554688 -0.59635
0.555176 -0.59572
0.555664 -0.59509
0.556152 -0.594459
0.556641 -0.593829
0.557129 -0.593198
0.557617 -0.592568
0.558105 -0.591937
0.558594 -0.591306
0.559082 -0.590675
0.55957 -0.590044
0.560059 -0.589413
0.560547 -0.588781
0.561035 -0.58815
0.561523 -0.587518
0.562012 -0.586887
0.5625 -0.586255
0.562988 -0.585624
0.563477 -0.584992
0.563965 -0.58436
0.564453 -0.583728
0.564941 -0.583096
0.56543 -0.582463
0.565918 -0.581831
0.566406 -0.581199
0.566895 -0.580566
0.567383 -0.579934
0.567871 -0.579301
0.568359 -0.578668
0.568848 -0.578036
0.569336 -0.577403
0.569824 -0.57677
0.570312 -0.576137
0.570801 -0.575503
0.571289 -0.57487
0.571777 -0.574237
0.572266 -0.573603
0.572754 -0.57297
0.573242 -0.572336
0.57373 -0.571702
0.574219 -0.571069
0.574707 -0.570435
0.575195 -0.569801
0.575684 -0.569167
0.576172 -0.568533
0.57666 -0.567898
0.577148 -0.567264
0.577637 -0.56663
0.578125 -0.565995
0.578613 -0.565361
0.579102 -0.564726
0.57959 -0.564091
0.580078 -0.563456
0.580566 -0.562821
0.581055 -0.562186
0.581543 -0.561551
0.582031 -0.560916
0.58252 -0.560281
0.583008 -0.559646
0.583496 -0.55901
0.583984 -0.558375
0.584473 -0.557739
0.584961 -0.557104
0.585449 -0.556468
0.585938 -0.555832
0.586426 -0.555196
0.586914 -0.55456
0.587402 -0.553924
0.587891 -0.553288
0.588379 -0.552652
0.588867 -0.552015
0.589355 -0.551379
0.589844 -0.550742
0.590332 -0.550106
0.59082 -0.549469
0.591309 -0.548832
0.591797 -0.548196
0.592285 -0.547559
0.592773 -0.546922
0.593262 -0.546285
0.59375 -0.545648
0.594238 -0.54501
0.594727 -0.544373
0.595215 -0.543736
0.595703 -0.543098
0.596191 -0.542461
0.59668 -0.541823
0.597168 -0.541186
0.597656 -0.540548
0.598145 -0.53991
0.598633 -0.539272
0.599121 -0.538634
0.599609 -0.537996
0.600098 -0.537358
0.600586 -0.53672
0.601074 -0.536081
0.601562 -0.535443
0.602051 -0.534805
0.602539 -0.534166
0.603027 -0.533528
0.603516 -0.532889
0.604004 -0.53225
0.604492 -0.531611
0.60498 -0.530972
0.605469 -0.530333
0.605957 -0.529694
0.606445 -0.529055
0.606934 -0.528416
0.607422 -0.527777
0.60791 -0.527137
0.608398 -0.526498
0.608887 -0.525859
0.609375 -0.525219
0.609863 -0.524579
0.610352 -0.52394
0.61084 -0.5233
0.611328 -0.52266
0.611816 -0.52202
0.612305 -0.52138
0.612793 -0.52074
0.613281 -0.5201
0.61377 -0.51946
0.614258 -0.518819
0.614746 -0.518179
0.615234 -0.517538
0.615723 -0.516898
0.616211 -0.516257
0.616699 -0.515617
0.617188 -0.514976
0.617676 -0.514335
0.618164 -0.513694
0.618652 -0.513053
0.619141 -0.512412
0.619629 -0.511771
0.620117 -0.51113
0.620605 -0.510489
0.621094 -0.509848
0.621582 -0.509206
0.62207 -0.508565
0.622559 -0.507923
0.623047 -0.507282
0.623535 -0.50664
0.624023 -0.505998
0.624512 -0.505357
0.625 -0.504715
0.625488 -0.504073
0.625977 -0.503431
0.626465 -0.502789
0.626953 -0.502147
0.627441 -0.501505
0.62793 -0.500862
0.628418 -0.50022
0.628906 -0.499578
0.629395 -0.498935
0.629883 -0.498293
0.630371 -0.49765
0.630859 -0.497007
0.631348 -0.496365
0.631836 -0.495722
0.632324 -0.495079
0.632812 -0.494436
0.633301 -0.493793
0.633789 -0.49315
0.634277 -0.492507
0.634766 -0.491864
0.635254 -0.491221
0.635742 -0.490577
0.63623 -0.489934
0.636719 -0.48929
0.637207 -0.488647
0.637695 -0.488003
0.638184 -0.48736
0.638672 -0.486716
0.63916 -0.486072
0.639648 -0.485428
0.640137 -0.484785
0.640625 -0.484141
0.641113 -0.483497
0.641602 -0.482852
0.64209 -0.482208
0.642578 -0.481564
0.643066 -0.48092
0.643555 -0.480275
0.644043 -0.479631
0.644531 -0.478987
0.64502 -0.478342
0.645508 -0.477698
0.645996 -0.477053
0.646484 -0.476408
0.646973 -0.475763
0.647461 -0.475119
0.647949 -0.474474
0.648438 -0.473829
0.648926 -0.473184
0.649414 -0.472539
0.649902 -0.471893
0.650391 -0.471248
0.650879 -0.470603
0.651367 -0.469958
0.651855 -0.469312
0.652344 -0.468667
0.652832 -0.468021
0.65332 -0.467376
0.653809 -0.46673
0.654297 -0.466084
0.654785 -0.465439
0.655273 -0.464793
0.655762 -0.464147
0.65625 -0.463501
0.656738 -0.462855
0.657227 -0.462209
0.657715 -0.461563
0.658203 -0.460917
0.658691 -0.460271
0.65918 -0.459624
0.659668 -0.458978
0.660156 -0.458332
0.660645 -0.457685
0.661133 -0.457039
0.661621 -0.456392
0.662109 -0.455745
0.662598 -0.455099
0.663086 -0.454452
0.663574 -0.453805
0.664062 -0.453158
0.664551 -0.452511
0.665039 -0.451864
0.665527 -0.451217
0.666016 -0.45057
0.666504 -0.449923
0.666992 -0.449276
0.66748 -0.448629
0.667969 -0.447981
0.668457 -0.447334
0.668945 -0.446687
0.669434 -0.446039
0.669922 -0.445392
0.67041 -0.444744
0.670898 -0.444096
0.671387 -0.443449
0.671875 -0.442801
0.672363 -0.442153
0.672852 -0.441505
0.67334 -0.440857
0.673828 -0.440209
0.674316 -0.439561
0.674805 -0.438913
0.675293 -0.438265
0.675781 -0.437617
0.67627 -0.436969
0.676758 -0.43632
0.677246 -0.435672
0.677734 -0.435024
0.678223 -0.434375
0.678711 -0.433727
0.679199 -0.433078
0.679688 -0.432429
0.680176 -0.431781
0.680664 -0.431132
0.681152 -0.430483
0.681641 -0.429834
0.682129 -0.429186
0.682617 -0.428537
0.683105 -0.427888
0.683594 -0.427239
0.684082 -0.426589
0.68457 -0.42594
0.685059 -0.425291
0.685547 -0.424642
0.686035 -0.423993
0.686523 -0.423343
0.687012 -0.422694
0.6875 -0.422044
0.687988 -0.421395
0.688477 -0.420745
0.688965 -0.420096
0.689453 -0.419446
0.689941 -0.418796
0.69043 -0.418147
0.690918 -0.417497
0.691406 -0.416847
0.691895 -0.416197
0.692383 -0.415547
0.692871 -0.414897
0.693359 -0.414247
0.693848 -0.413597
0.694336 -0.412947
0.694824 -0.412297
0.695312 -0.411646
0.695801 -0.410996
0.696289 -0.410346
0.696777 -0.409695
0.697266 -0.409045
0.697754 -0.408394
0.698242 -0.407744
0.69873 -0.407093
0.699219 -0.406442
0.699707 -0.405792
0.700195 -0.405141
0.700684 -0.40449
0.701172 -0.403839
0.70166 -0.403188
0.702148 -0.402538
0.702637 -0.401887
0.703125 -0.401235
0.703613 -0.400584
0.704102 -0.399933
0.70459 -0.399282
0.705078 -0.398631
0.705566 -0.39798
0.706055 -0.397328
0.706543 -0.396677
0.707031 -0.396026
0.70752 -0.395374
0.708008 -0.394723
0.708496 -0.394071
0.708984 -0.393419
0.709473 -0.392768
0.709961 -0.392116
0.710449 -0.391464
0.710938 -0.390813
0.711426 -0.390161
0.711914 -0.389509
0.712402 -0.388857
0.712891 -0.388205
0.713379 -0.387553
0.713867 -0.386901
0.714355 -0.386249
0.714844 -0.385597
0.715332 -0.384945
0.71582 -0.384292
0.716309 -0.38364
0.716797 -0.382988
0.717285 -0.382335
0.717773 -0.381683
0.718262 -0.38103
0.71875 -0.380378
0.719238 -0.379725
0.719727 -0.379073
0.720215 -0.37842
0.720703 -0.377768
0.721191 -0.377115
0.72168 -0.376462
0.722168 -0.375809
0.722656 -0.375156
0.723145 -0.374504
0.723633 -0.373851
0.724121 -0.373198
0.724609 -0.372545
0.725098 -0.371892
0.725586 -0.371238
0.726074 -0.370585
0.726562 -0.369932
0.727051 -0.369279
0.727539 -0.368626
0.728027 -0.367972
0.728516 -0.367319
0.729004 -0.366666
0.729492 -0.366012
0.72998 -0.365359
0.730469 -0.364705
0.730957 -0.364052
0.731445 -0.363398
0.731934 -0.362744
0.732422 -0.362091
0.73291 -0.361437
0.733398 -0.360783
0.733887 -0.360129
0.734375 -0.359475
0.734863 -0.358822
0.735352 -0.358168
0.73584 -0.357514
0.736328 -0.35686
0.736816 -0.356206
0.737305 -0.355551
0.737793 -0.354897
0.738281 -0.354243
0.73877 -0.353589
0.739258 -0.352935
0.739746 -0.35228
0.740234 -0.351626
0.740723 -0.350972
0.741211 -0.350317
0.741699 -0.349663
0.742188 -0.349008
0.742676 -0.348354
0.743164 -0.347699
0.743652 -0.347045
0.744141 -0.34639
0.744629 -0.345735
0.745117 -0.345081
0.745605 -0.344426
0.746094 -0.343771
0.746582 -0.343116
0.74707 -0.342461
0.747559 -0.341806
0.748047 -0.341151
0.748535 -0.340496
0.749023 -0.339841
0.749512 -0.339186
0.75 -0.338531
0.750488 -0.337876
0.750977 -0.337221
0.751465 -0.336566
0.751953 -0.33591
0.752441 -0.335255
0.75293 -0.3346
0.753418 -0.333944
0.753906 -0.333289
0.754395 -0.332633
0.754883 -0.331978
0.755371 -0.331322
0.755859 -0.330667
0.756348 -0.330011
0.756836 -0.329356
0.757324 -0.3287
0.757812 -0.328044
0.758301 -0.327389
0.758789 -0.326733
0.759277 -0.326077
0.759766 -0.325421
0.760254 -0.324765
0.760742 -0.324109
0.76123 -0.323453
0.761719 -0.322797
0.762207 -0.322141
0.762695 -0.321485
0.763184 -0.320829
0.763672 -0.320173
0.76416 -0.319517
0.764648 -0.318861
0.765137 -0.318205
0.765625 -0.317548
0.766113 -0.316892
0.766602 -0.316236
0.76709 -0.315579
0.767578 -0.314923
0.768066 -0.314267
0.768555 -0.31361
0.769043 -0.312954
0.769531 -0.312297
0.77002 -0.31164
0.770508 -0.310984
0.770996 -0.310327
0.771484 -0.309671
0.771973 -0.309014
0.772461 -0.308357
0.772949 -0.3077
0.773438 -0.307043
0.773926 -0.306387
0.774414 -0.30573
0.774902 -0.305073
0.775391 -0.304416
0.775879 -0.303759
0.776367 -0.303102
0.776855 -0.302445
0.777344 -0.301788
0.777832 -0.301131
0.77832 -0.300474
0.778809 -0.299816
0.779297 -0.299159
0.779785 -0.298502
0.780273 -0.297845
0.780762 -0.297187
0.78125 -0.29653
0.781738 -0.295873
0.782227 -0.295215
0.782715 -0.294558
0.783203 -0.2939
0.783691 -0.293243
0.78418 -0.292585
0.784668 -0.291928
0.785156 -0.29127
0.785645 -0.290613
0.786133 -0.289955
0.786621 -0.289297
0.787109 -0.28864
0.787598 -0.287982
0.788086 -0.287324
0.788574 -0.286666
0.789062 -0.286009
0.789551 -0.285351
0.790039 -0.284693
0.790527 -0.284035
0.791016 -0.283377
0.791504 -0.282719
0.791992 -0.282061
0.79248 -0.281403
0.792969 -0.280745
0.793457 -0.280087
0.793945 -0.279429
0.794434 -0.27877
0.794922 -0.278112
0.79541 -0.277454
0.795898 -0.276796
0.796387 -0.276138
0.796875 -0.275479
0.797363 -0.274821
0.797852 -0.274163
0.79834 -0.273504
0.798828 -0.272846
0.799316 -0.272187
0.799805 -0.271529
0.800293 -0.27087
0.800781 -0.270212
0.80127 -0.269553
0.801758 -0.268895
0.802246 -0.268236
0.802734 -0.267577
0.803223 -0.266919
0.803711 -0.26626
0.804199 -0.265601
0.804688 -0.264942
0.805176 -0.264284
0.805664 -0.263625
0.806152 -0.262966
0.806641 -0.262307
0.807129 -0.261648
0.807617 -0.260989
0.808105 -0.26033
0.808594 -0.259671
0.809082 -0.259012
0.80957 -0.258353
0.810059 -0.257694
0.810547 -0.257035
0.811035 -0.256376
0.811523 -0.255717
0.812012 -0.255058
0.8125 -0.254399
0.812988 -0.253739
0.813477 -0.25308
0.813965 -0.252421
0.814453 -0.251762
0.814941 -0.251102
0.81543 -0.250443
0.815918 -0.249783
0.816406 -0.249124
0.816895 -0.248465
0.817383 -0.247805
0.817871 -0.247146
0.818359 -0.246486
0.818848 -0.245827
0.819336 -0.245167
0.819824 -0.244508
0.820312 -0.243848
0.820801 -0.243188
0.821289 -0.242529
0.821777 -0.241869
0.822266 -0.241209
0.822754 -0.24055
0.823242 -0.23989
0.82373 -0.23923
0.824219 -0.23857
0.824707 -0.23791
0.825195 -0.23725
0.825684 -0.236591
0.826172 -0.235931
0.82666 -0.235271
0.827148 -0.234611
0.827637 -0.233951
0.828125 -0.233291
0.828613 -0.232631
0.829102 -0.231971
0.82959 -0.231311
0.830078 -0.230651
0.830566 -0.22999
0.831055 -0.22933
0.831543 -0.22867
0.832031 -0.22801
0.83252 -0.22735
0.833008 -0.226689
0.833496 -0.226029
0.833984 -0.225369
0.834473 -0.224709
0.834961 -0.224048
0.835449 -0.223388
0.835938 -0.222728
0.836426 -0.222067
0.836914 -0.221407
0.837402 -0.220746
0.837891 -0.220086
0.838379 -0.219425
0.838867 -0.218765
0.839355 -0.218104
0.839844 -0.217444
0.840332 -0.216783
0.84082 -0.216123
0.841309 -0.215462
0.841797 -0.214801
0.842285 -0.214141
0.842773 -0.21348
0.843262 -0.212819
0.84375 -0.212158
0.844238 -0.211498
0.844727 -0.210837
0.845215 -0.210176
0.845703 -0.209515
0.846191 -0.208854
0.84668 -0.208194
0.847168 -0.207533
0.847656 -0.206872
0.848145 -0.206211
0.848633 -0.20555
0.849121 -0.204889
0.849609 -0.204228
0.850098 -0.203567
0.850586 -0.202906
0.851074 -0.202245
0.851562 -0.201584
0.852051 -0.200923
0.852539 -0.200262
0.853027 -0.199601
0.853516 -0.198939
0.854004 -0.198278
0.854492 -0.197617
0.85498 -0.196956
0.855469 -0.196295
0.855957 -0.195633
0.856445 -0.194972
0.856934 -0.194311
0.857422 -0.19365
0.85791 -0.192988
0.858398 -0.192327
0.858887 -0.191666
0.859375 -0.191004
0.859863 -0.190343
0.860352 -0.189681
0.86084 -0.18902
0.861328 -0.188358
0.861816 -0.187697
0.862305 -0.187035
0.862793 -0.186374
0.863281 -0.185712
0.86377 -0.185051
0.864258 -0.184389
0.864746 -0.183728
0.865234 -0.183066
0.865723 -0.182405
0.866211 -0.181743
0.866699 -0.181081
0.867188 -0.18042
0.867676 -0.179758
0.868164 -0.179096
0.868652 -0.178434
0.869141 -0.177773
0.869629 -0.177111
0.870117 -0.176449
0.870605 -0.175787
0.871094 -0.175126
0.871582 -0.174464
0.87207 -0.173802
0.872559 -0.17314
0.873047 -0.172478
0.873535 -0.171816
0.874023 -0.171154
0.874512 -0.170492
0.875 -0.16983
0.875488 -0.169168
0.875977 -0.168506
0.876465 -0.167845
0.876953 -0.167182
0.877441 -0.16652
0.87793 -0.165858
0.878418 -0.165196
0.878906 -0.164534
0.879395 -0.163872
0.879883 -0.16321
0.880371 -0.162548
0.880859 -0.161886
0.881348 -0.161224
0.881836 -0.160562
0.882324 -0.159899
0.882812 -0.159237
0.883301 -0.158575
0.883789 -0.157913
0.884277 -0.157251
0.884766 -0.156588
0.885254 -0.155926
0.885742 -0.155264
0.88623 -0.154602
0.886719 -0.153939
0.887207 -0.153277
0.887695 -0.152615
0.888184 -0.151952
0.888672 -0.15129
0.88916 -0.150628
0.889648 -0.149965
0.890137 -0.149303
0.890625 -0.14864
0.891113 -0.147978
0.891602 -0.147316
0.89209 -0.146653
0.892578 -0.145991
0.893066 -0.145328
0.893555 -0.144666
0.894043 -0.144003
0.894531 -0.143341
0.89502 -0.142678
0.895508 -0.142016
0.895996 -0.141353
0.896484 -0.140691
0.896973 -0.140028
0.897461 -0.139365
0.897949 -0.138703
0.898438 -0.13804
0.898926 -0.137378
0.899414 -0.136715
0.899902 -0.136053
0.900391 -0.13539
0.900879 -0.134727
0.901367 -0.134065
0.901855 -0.133402
0.902344 -0.132739
0.902832 -0.132077
0.90332 -0.131414
0.903809 -0.130751
0.904297 -0.130089
0.904785 -0.129426
0.905273 -0.128763
0.905762 -0.128101
0.90625 -0.127438
0.906738 -0.126775
0.907227 -0.126112
0.907715 -0.12545
0.908203 -0.124787
0.908691 -0.124124
0.90918 -0.123461
0.909668 -0.122799
0.910156 -0.122136
0.910645 -0.121473
0.911133 -0.12081
0.911621 -0.120148
0.912109 -0.119485
0.912598 -0.118822
0.913086 -0.118159
0.913574 -0.117496
0.914062 -0.116834
0.914551 -0.116171
0.915039 -0.115508
0.915527 -0.114845
0.916016 -0.114182
0.916504 -0.11352
0.916992 -0.112857
0.91748 -0.112194
0.917969 -0.111531
0.918457 -0.110868
0.918945 -0.110205
0.919434 -0.109543
0.919922 -0.10888
0.92041 -0.108217
0.920898 -0.107554
0.921387 -0.106891
0.921875 -0.106229
0.922363 -0.105566
0.922852 -0.104903
0.92334 -0.10424
0.923828 -0.103577
0.924316 -0.102914
0.924805 -0.102252
0.925293 -0.101589
0.925781 -0.100926
0.92627 -0.100263
0.926758 -0.0996004
0.927246 -0.0989377
0.927734 -0.0982749
0.928223 -0.0976121
0.928711 -0.0969493
0.929199 -0.0962865
0.929688 -0.0956237
0.930176 -0.094961
0.930664 -0.0942982
0.931152 -0.0936354
0.931641 -0.0929727
0.932129 -0.0923099
0.932617 -0.0916472
0.933105 -0.0909845
0.933594 -0.0903218
0.934082 -0.089659
0.93457 -0.0889963
0.935059 -0.0883336
0.935547 -0.0876709
0.936035 -0.0870083
0.936523 -0.0863456
0.937012 -0.0856829
0.9375 -0.0850203
0.937988 -0.0843576
0.938477 -0.083695
0.938965 -0.0830324
0.939453 -0.0823698
0.939941 -0.0817072
0.94043 -0.0810446
0.940918 -0.080382
0.941406 -0.0797194
0.941895 -0.0790569
0.942383 -0.0783943
0.942871 -0.0777318
0.943359 -0.0770693
0.943848 -0.0764068
0.944336 -0.0757443
0.944824 -0.0750818
0.945312 -0.0744193
0.945801 -0.0737569
0.946289 -0.0730944
0.946777 -0.072432
0.947266 -0.0717696
0.947754 -0.0711072
0.948242 -0.0704449
0.94873 -0.0697825
0.949219 -0.0691202
0.949707 -0.0684578
0.950195 -0.0677955
0.950684 -0.0671332
0.951172 -0.0664709
0.95166 -0.0658087
0.952148 -0.0651464
0.952637 -0.0644842
0.953125 -0.063822
0.953613 -0.0631598
0.954102 -0.0624976
0.95459 -0.0618355
0.955078 -0.0611733
0.955566 -0.0605112
0.956055 -0.0598491
0.956543 -0.059187
0.957031 -0.058525
0.95752 -0.0578629
0.958008 -0.0572009
0.958496 -0.0565389
0.958984 -0.0558769
0.959473 -0.0552149
0.959961 -0.054553
0.960449 -0.053891
0.960938 -0.0532291
0.961426 -0.0525672
0.961914 -0.0519053
0.962402 -0.0512435
0.962891 -0.0505816
0.963379 -0.0499198
0.963867 -0.049258
0.964355 -0.0485963
0.964844 -0.0479345
0.965332 -0.0472728
0.96582 -0.046611
0.966309 -0.0459493
0.966797 -0.0452877
0.967285 -0.044626
0.967773 -0.0439644
0.968262 -0.0433027
0.96875 -0.0426411
0.969238 -0.0419796
0.969727 -0.041318
0.970215 -0.0406565
0.970703 -0.0399949
0.971191 -0.0393334
0.97168 -0.0386719
0.972168 -0.0380105
0.972656 -0.037349
0.973145 -0.0366876
0.973633 -0.0360262
0.974121 -0.0353648
0.974609 -0.0347034
0.975098 -0.0340421
0.975586 -0.0333807
0.976074 -0.0327194
0.976562 -0.0320581
0.977051 -0.0313968
0.977539 -0.0307355
0.978027 -0.0300743
0.978516 -0.029413
0.979004 -0.0287518
0.979492 -0.0280906
0.97998 -0.0274294
0.980469 -0.0267683
0.980957 -0.0261071
0.981445 -0.025446
0.981934 -0.0247848
0.982422 -0.0241237
0.98291 -0.0234626
0.983398 -0.0228015
0.983887 -0.0221405
0.984375 -0.0214794
0.984863 -0.0208184
0.985352 -0.0201573
0.98584 -0.0194963
0.986328 -0.0188353
0.986816 -0.0181743
0.987305 -0.0175133
0.987793 -0.0168524
0.988281 -0.0161914
0.98877 -0.0155304
0.989258 -0.0148695
0.989746 -0.0142086
0.990234 -0.0135476
0.990723 -0.0128867
0.991211 -0.0122258
0.991699 -0.0115649
0.992188 -0.010904
0.992676 -0.0102431
0.993164 -0.00958226
0.993652 -0.00892138
0.994141 -0.00826052
0.994629 -0.00759965
0.995117 -0.0069388
0.995605 -0.00627795
0.996094 -0.0056171
0.996582 -0.00495625
0.99707 -0.00429541
0.997559 -0.00363458
0.998047 -0.00297374
0.998535 -0.00231291
0.999023 -0.00165208
0.999512 -0.000991245
1 -0.000330415
