0 0.000437841
0.000488281 0.00131352
0.000976562 0.00218921
0.00146484 0.0030649
0.00195312 0.00394059
0.00244141 0.00481629
0.00292969 0.005692
0.00341797 0.00656772
0.00390625 0.00744345
0.00439453 0.0083192
0.00488281 0.00919496
0.00537109 0.0100707
0.00585938 0.0109465
0.00634766 0.0118223
0.00683594 0.0126982
0.00732422 0.013574
0.0078125 0.0144499
0.00830078 0.0153258
0.00878906 0.0162018
0.00927734 0.0170777
0.00976562 0.0179537
0.0102539 0.0188297
0.0107422 0.0197058
0.0112305 0.0205819
0.0117188 0.021458
0.012207 0.0223342
0.0126953 0.0232104
0.0131836 0.0240866
0.0136719 0.0249629
0.0141602 0.0258392
0.0146484 0.0267155
0.0151367 0.0275919
0.015625 0.0284683
0.0161133 0.0293448
0.0166016 0.0302213
0.0170898 0.0310979
0.0175781 0.0319745
0.0180664 0.0328512
0.0185547 0.0337279
0.019043 0.0346046
0.0195312 0.0354814
0.0200195 0.0363583
0.0205078 0.0372352
0.0209961 0.0381121
0.0214844 0.0389891
0.0219727 0.0398662
0.0224609 0.0407433
0.0229492 0.0416205
0.0234375 0.0424977
0.0239258 0.0433749
0.0244141 0.0442522
0.0249023 0.0451296
0.0253906 0.046007
0.0258789 0.0468845
0.0263672 0.047762
0.0268555 0.0486396
0.0273438 0.0495172
0.027832 0.0503949
0.0283203 0.0512726
0.0288086 0.0521504
0.0292969 0.0530282
0.0297852 0.0539061
0.0302734 0.054784
0.0307617 0.055662
0.03125 0.05654
0.0317383 0.0574181
0.0322266 0.0582962
0.0327148 0.0591744
0.0332031 0.0600526
0.0336914 0.0609309
0.0341797 0.0618092
0.034668 0.0626876
0.0351562 0.063566
0.0356445 0.0644445
0.0361328 0.065323
0.0366211 0.0662015
0.0371094 0.0670801
0.0375977 0.0679587
0.0380859 0.0688374
0.0385742 0.0697161
0.0390625 0.0705949
0.0395508 0.0714737
0.0400391 0.0723525
0.0405273 0.0732314
0.0410156 0.0741103
0.0415039 0.0749892
0.0419922 0.0758682
0.0424805 0.0767472
0.0429688 0.0776262
0.043457 0.0785053
0.0439453 0.0793844
0.0444336 0.0802636
0.0449219 0.0811427
0.0454102 0.0820219
0.0458984 0.0829011
0.0463867 0.0837804
0.046875 0.0846597
0.0473633 0.085539
0.0478516 0.0864183
0.0483398 0.0872976
0.0488281 0.088177
0.0493164 0.0890564
0.0498047 0.0899358
0.050293 0.0908152
0.0507812 0.0916946
0.0512695 0.0925741
0.0517578 0.0934536
0.0522461 0.094333
0.0527344 0.0952125
0.0532227 0.096092
0.0537109 0.0969716
0.0541992 0.0978511
0.0546875 0.0987306
0.0551758 0.0996102
0.0556641 0.10049
0.0561523 0.101369
0.0566406 0.102249
0.0571289 0.103128
0.0576172 0.104008
0.0581055 0.104888
0.0585938 0.105767
0.059082 0.106647
0.0595703 0.107526
0.0600586 0.108406
0.0605469 0.109286
0.0610352 0.110165
0.0615234 0.111045
0.0620117 0.111924
0.0625 0.112804
0.0629883 0.113683
0.0634766 0.114563
0.0639648 0.115442
0.0644531 0.116322
0.0649414 0.117202
0.0654297 0.118081
0.065918 0.118961
0.0664062 0.11984
0.0668945 0.12072
0.0673828 0.121599
0.0678711 0.122478
0.0683594 0.123358
0.0688477 0.124237
0.0693359 0.125117
0.0698242 0.125996
0.0703125 0.126876
0.0708008 0.127755
0.0712891 0.128634
0.0717773 0.129514
0.0722656 0.130393
0.0727539 0.131272
0.0732422 0.132152
0.0737305 0.133031
0.0742188 0.13391
0.074707 0.134789
0.0751953 0.135668
0.0756836 0.136548
0.0761719 0.137427
0.0766602 0.138306
0.0771484 0.139185
0.0776367 0.140064
0.078125 0.140943
0.0786133 0.141822
0.0791016 0.142701
0.0795898 0.14358
0.0800781 0.144459
0.0805664 0.145338
0.0810547 0.146217
0.081543 0.147096
0.0820312 0.147974
0.0825195 0.148853
0.0830078 0.149732
0.0834961 0.150611
0.0839844 0.151489
0.0844727 0.152368
0.0849609 0.153247
0.0854492 0.154125
0.0859375 0.155004
0.0864258 0.155882
0.0869141 0.156761
0.0874023 0.157639
0.0878906 0.158518
0.0883789 0.159396
0.0888672 0.160275
0.0893555 0.161153
0.0898438 0.162031
0.090332 0.162909
0.0908203 0.163788
0.0913086 0.164666
0.0917969 0.165544
0.0922852 0.166422
0.0927734 0.1673
0.0932617 0.168178
0.09375 0.169056
0.0942383 0.169934
0.0947266 0.170812
0.0952148 0.17169
0.0957031 0.172568
0.0961914 0.173446
0.0966797 0.174324
0.097168 0.175201
0.0976562 0.176079
0.0981445 0.176957
0.0986328 0.177834
0.0991211 0.178712
0.0996094 0.179589
0.100098 0.180467
0.100586 0.181344
0.101074 0.182222
0.101562 0.183099
0.102051 0.183976
0.102539 0.184854
0.103027 0.185731
0.103516 0.186608
0.104004 0.187485
0.104492 0.188362
0.10498 0.18924
0.105469 0.190117
0.105957 0.190994
0.106445 0.191871
0.106934 0.192747
0.107422 0.193624
0.10791 0.194501
0.108398 0.195378
0.108887 0.196255
0.109375 0.197131
0.109863 0.198008
0.110352 0.198884
0.11084 0.199761
0.111328 0.200637
0.111816 0.201514
0.112305 0.20239
0.112793 0.203267
0.113281 0.204143
0.11377 0.205019
0.114258 0.205895
0.114746 0.206771
0.115234 0.207648
0.115723 0.208524
0.116211 0.2094
0.116699 0.210276
0.117188 0.211152
0.117676 0.212027
0.118164 0.212903
0.118652 0.213779
0.119141 0.214655
0.119629 0.21553
0.120117 0.216406
0.120605 0.217281
0.121094 0.218157
0.121582 0.219032
0.12207 0.219908
0.122559 0.220783
0.123047 0.221658
0.123535 0.222534
0.124023 0.223409
0.124512 0.224284
0.125 0.225159
0.125488 0.226034
0.125977 0.226909
0.126465 0.227784
0.126953 0.228659
0.127441 0.229534
0.12793 0.230408
0.128418 0.231283
0.128906 0.232158
0.129395 0.233032
0.129883 0.233907
0.130371 0.234781
0.130859 0.235656
0.131348 0.23653
0.131836 0.237404
0.132324 0.238279
0.132812 0.239153
0.133301 0.240027
0.133789 0.240901
0.134277 0.241775
0.134766 0.242649
0.135254 0.243523
0.135742 0.244397
0.13623 0.245271
0.136719 0.246144
0.137207 0.247018
0.137695 0.247892
0.138184 0.248765
0.138672 0.249639
0.13916 0.250512
0.139648 0.251385
0.140137 0.252259
0.140625 0.253132
0.141113 0.254005
0.141602 0.254878
0.14209 0.255751
0.142578 0.256624
0.143066 0.257497
0.143555 0.25837
0.144043 0.259243
0.144531 0.260116
0.14502 0.260989
0.145508 0.261861
0.145996 0.262734
0.146484 0.263606
0.146973 0.264479
0.147461 0.265351
0.147949 0.266223
0.148438 0.267096
0.148926 0.267968
0.149414 0.26884
0.149902 0.269712
0.150391 0.270584
0.150879 0.271456
0.151367 0.272328
0.151855 0.273199
0.152344 0.274071
0.152832 0.274943
0.15332 0.275814
0.153809 0.276686
0.154297 0.277557
0.154785 0.278429
0.155273 0.2793
0.155762 0.280171
0.15625 0.281042
0.156738 0.281914
0.157227 0.282785
0.157715 0.283656
0.158203 0.284526
0.158691 0.285397
0.15918 0.286268
0.159668 0.287139
0.160156 0.288009
0.160645 0.28888
0.161133 0.28975
0.161621 0.290621
0.162109 0.291491
0.162598 0.292361
0.163086 0.293231
0.163574 0.294102
0.164062 0.294972
0.164551 0.295842
0.165039 0.296711
0.165527 0.297581
0.166016 0.298451
0.166504 0.299321
0.166992 0.30019
0.16748 0.30106
0.167969 0.301929
0.168457 0.302799
0.168945 0.303668
0.169434 0.304537
0.169922 0.305406
0.17041 0.306275
0.170898 0.307144
0.171387 0.308013
0.171875 0.308882
0.172363 0.309751
0.172852 0.310619
0.17334 0.311488
0.173828 0.312357
0.174316 0.313225
0.174805 0.314093
0.175293 0.314962
0.175781 0.31583
0.17627 0.316698
0.176758 0.317566
0.177246 0.318434
0.177734 0.319302
0.178223 0.32017
0.178711 0.321037
0.179199 0.321905
0.179688 0.322773
0.180176 0.32364
0.180664 0.324508
0.181152 0.325375
0.181641 0.326242
0.182129 0.327109
0.182617 0.327976
0.183105 0.328843
0.183594 0.32971
0.184082 0.330577
0.18457 0.331444
0.185059 0.33231
0.185547 0.333177
0.186035 0.334043
0.186523 0.33491
0.187012 0.335776
0.1875 0.336642
0.187988 0.337509
0.188477 0.338375
0.188965 0.339241
0.189453 0.340106
0.189941 0.340972
0.19043 0.341838
0.190918 0.342704
0.191406 0.343569
0.191895 0.344435
0.192383 0.3453
0.192871 0.346165
0.193359 0.34703
0.193848 0.347895
0.194336 0.34876
0.194824 0.349625
0.195312 0.35049
0.195801 0.351355
0.196289 0.352219
0.196777 0.353084
0.197266 0.353948
0.197754 0.354813
0.198242 0.355677
0.19873 0.356541
0.199219 0.357405
0.199707 0.358269
0.200195 0.359133
0.200684 0.359997
0.201172 0.360861
0.20166 0.361724
0.202148 0.362588
0.202637 0.363451
0.203125 0.364315
0.203613 0.365178
0.204102 0.366041
0.20459 0.366904
0.205078 0.367767
0.205566 0.36863
0.206055 0.369493
0.206543 0.370355
0.207031 0.371218
0.20752 0.37208
0.208008 0.372943
0.208496 0.373805
0.208984 0.374667
0.209473 0.375529
0.209961 0.376391
0.210449 0.377253
0.210938 0.378115
0.211426 0.378976
0.211914 0.379838
0.212402 0.380699
0.212891 0.381561
0.213379 0.382422
0.213867 0.383283
0.214355 0.384144
0.214844 0.385005
0.215332 0.385866
0.21582 0.386727
0.216309 0.387587
0.216797 0.388448
0.217285 0.389308
0.217773 0.390169
0.218262 0.391029
0.21875 0.391889
0.219238 0.392749
0.219727 0.393609
0.220215 0.394469
0.220703 0.395328
0.221191 0.396188
0.22168 0.397047
0.222168 0.397907
0.222656 0.398766
0.223145 0.399625
0.223633 0.400484
0.224121 0.401343
0.224609 0.402202
0.225098 0.403061
0.225586 0.403919
0.226074 0.404778
0.226562 0.405636
0.227051 0.406495
0.227539 0.407353
0.228027 0.408211
0.228516 0.409069
0.229004 0.409927
0.229492 0.410784
0.22998 0.411642
0.230469 0.4125
0.230957 0.413357
0.231445 0.414214
0.231934 0.415071
0.232422 0.415928
0.23291 0.416785
0.233398 0.417642
0.233887 0.418499
0.234375 0.419356
0.234863 0.420212
0.235352 0.421068
0.23584 0.421925
0.236328 0.422781
0.236816 0.423637
0.237305 0.424493
0.237793 0.425348
0.238281 0.426204
0.23877 0.42706
0.239258 0.427915
0.239746 0.42877
0.240234 0.429625
0.240723 0.430481
0.241211 0.431335
0.241699 0.43219
0.242188 0.433045
0.242676 0.4339
0.243164 0.434754
0.243652 0.435608
0.244141 0.436463
0.244629 0.437317
0.245117 0.438171
0.245605 0.439024
0.246094 0.439878
0.246582 0.440732
0.24707 0.441585
0.247559 0.442439
0.248047 0.443292
0.248535 0.444145
0.249023 0.444998
0.249512 0.445851
0.25 0.446703
0.250488 0.447556
0.250977 0.448408
0.251465 0.449261
0.251953 0.450113
0.252441 0.450965
0.25293 0.451817
0.253418 0.452669
0.253906 0.45352
0.254395 0.454372
0.254883 0.455223
0.255371 0.456075
0.255859 0.456926
0.256348 0.457777
0.256836 0.458628
0.257324 0.459479
0.257812 0.460329
0.258301 0.46118
0.258789 0.46203
0.259277 0.46288
0.259766 0.46373
0.260254 0.46458
0.260742 0.46543
0.26123 0.46628
0.261719 0.467129
0.262207 0.467979
0.262695 0.468828
0.263184 0.469677
0.263672 0.470526
0.26416 0.471375
0.264648 0.472224
0.265137 0.473072
0.265625 0.473921
0.266113 0.474769
0.266602 0.475617
0.26709 0.476465
0.267578 0.477313
0.268066 0.478161
0.268555 0.479009
0.269043 0.479856
0.269531 0.480703
0.27002 0.481551
0.270508 0.482398
0.270996 0.483244
0.271484 0.484091
0.271973 0.484938
0.272461 0.485784
0.272949 0.486631
0.273438 0.487477
0.273926 0.488323
0.274414 0.489169
0.274902 0.490014
0.275391 0.49086
0.275879 0.491705
0.276367 0.492551
0.276855 0.493396
0.277344 0.494241
0.277832 0.495086
0.27832 0.49593
0.278809 0.496775
0.279297 0.497619
0.279785 0.498463
0.280273 0.499308
0.280762 0.500152
0.28125 0.500995
0.281738 0.501839
0.282227 0.502682
0.282715 0.503526
0.283203 0.504369
0.283691 0.505212
0.28418 0.506055
0.284668 0.506897
0.285156 0.50774
0.285645 0.508582
0.286133 0.509425
0.286621 0.510267
0.287109 0.511109
0.287598 0.51195
0.288086 0.512792
0.288574 0.513633
0.289062 0.514475
0.289551 0.515316
0.290039 0.516157
0.290527 0.516998
0.291016 0.517838
0.291504 0.518679
0.291992 0.519519
0.29248 0.520359
0.292969 0.521199
0.293457 0.522039
0.293945 0.522879
0.294434 0.523718
0.294922 0.524557
0.29541 0.525397
0.295898 0.526236
0.296387 0.527074
0.296875 0.527913
0.297363 0.528752
0.297852 0.52959
0.29834 0.530428
0.298828 0.531266
0.299316 0.532104
0.299805 0.532942
0.300293 0.533779
0.300781 0.534616
0.30127 0.535453
0.301758 0.53629
0.302246 0.537127
0.302734 0.537964
0.303223 0.5388
0.303711 0.539637
0.304199 0.540473
0.304688 0.541309
0.305176 0.542144
0.305664 0.54298
0.306152 0.543815
0.306641 0.544651
0.307129 0.545486
0.307617 0.546321
0.308105 0.547155
0.308594 0.54799
0.309082 0.548824
0.30957 0.549658
0.310059 0.550492
0.310547 0.551326
0.311035 0.55216
0.311523 0.552993
0.312012 0.553826
0.3125 0.554659
0.312988 0.555492
0.313477 0.556325
0.313965 0.557157
0.314453 0.55799
0.314941 0.558822
0.31543 0.559654
0.315918 0.560486
0.316406 0.561317
0.316895 0.562149
0.317383 0.56298
0.317871 0.563811
0.318359 0.564642
0.318848 0.565472
0.319336 0.566303
0.319824 0.567133
0.320312 0.567963
0.320801 0.568793
0.321289 0.569622
0.321777 0.570452
0.322266 0.571281
0.322754 0.57211
0.323242 0.572939
0.32373 0.573768
0.324219 0.574596
0.324707 0.575425
0.325195 0.576253
0.325684 0.577081
0.326172 0.577909
0.32666 0.578736
0.327148 0.579563
0.327637 0.58039
0.328125 0.581217
0.328613 0.582044
0.329102 0.582871
0.32959 0.583697
0.330078 0.584523
0.330566 0.585349
0.331055 0.586175
0.331543 0.587
0.332031 0.587825
0.33252 0.588651
0.333008 0.589475
0.333496 0.5903
0.333984 0.591125
0.334473 0.591949
0.334961 0.592773
0.335449 0.593597
0.335938 0.59442
0.336426 0.595244
0.336914 0.596067
0.337402 0.59689
0.337891 0.597713
0.338379 0.598535
0.338867 0.599358
0.339355 0.60018
0.339844 0.601002
0.340332 0.601823
0.34082 0.602645
0.341309 0.603466
0.341797 0.604287
0.342285 0.605108
0.342773 0.605929
0.343262 0.606749
0.34375 0.607569
0.344238 0.608389
0.344727 0.609209
0.345215 0.610029
0.345703 0.610848
0.346191 0.611667
0.34668 0.612486
0.347168 0.613304
0.347656 0.614123
0.348145 0.614941
0.348633 0.615759
0.349121 0.616577
0.349609 0.617394
0.350098 0.618211
0.350586 0.619028
0.351074 0.619845
0.351562 0.620662
0.352051 0.621478
0.352539 0.622294
0.353027 0.62311
0.353516 0.623926
0.354004 0.624741
0.354492 0.625556
0.35498 0.626371
0.355469 0.627186
0.355957 0.628
0.356445 0.628815
0.356934 0.629629
0.357422 0.630442
0.35791 0.631256
0.358398 0.632069
0.358887 0.632882
0.359375 0.633695
0.359863 0.634507
0.360352 0.63532
0.36084 0.636132
0.361328 0.636944
0.361816 0.637755
0.362305 0.638566
0.362793 0.639377
0.363281 0.640188
0.36377 0.640999
0.364258 0.641809
0.364746 0.642619
0.365234 0.643429
0.365723 0.644239
0.366211 0.645048
0.366699 0.645857
0.367188 0.646666
0.367676 0.647474
0.368164 0.648283
0.368652 0.649091
0.369141 0.649898
0.369629 0.650706
0.370117 0.651513
0.370605 0.65232
0.371094 0.653127
0.371582 0.653933
0.37207 0.65474
0.372559 0.655546
0.373047 0.656351
0.373535 0.657157
0.374023 0.657962
0.374512 0.658767
0.375 0.659571
0.375488 0.660376
0.375977 0.66118
0.376465 0.661984
0.376953 0.662787
0.377441 0.663591
0.37793 0.664394
0.378418 0.665196
0.378906 0.665999
0.379395 0.666801
0.379883 0.667603
0.380371 0.668404
0.380859 0.669206
0.381348 0.670007
0.381836 0.670808
0.382324 0.671608
0.382812 0.672408
0.383301 0.673208
0.383789 0.674008
0.384277 0.674808
0.384766 0.675607
0.385254 0.676405
0.385742 0.677204
0.38623 0.678002
0.386719 0.6788
0.387207 0.679598
0.387695 0.680395
0.388184 0.681192
0.388672 0.681989
0.38916 0.682786
0.389648 0.683582
0.390137 0.684378
0.390625 0.685174
0.391113 0.685969
0.391602 0.686764
0.39209 0.687559
0.392578 0.688353
0.393066 0.689147
0.393555 0.689941
0.394043 0.690735
0.394531 0.691528
0.39502 0.692321
0.395508 0.693113
0.395996 0.693906
0.396484 0.694698
0.396973 0.69549
0.397461 0.696281
0.397949 0.697072
0.398438 0.697863
0.398926 0.698653
0.399414 0.699443
0.399902 0.700233
0.400391 0.701023
0.400879 0.701812
0.401367 0.702601
0.401855 0.70339
0.402344 0.704178
0.402832 0.704966
0.40332 0.705753
0.403809 0.706541
0.404297 0.707328
0.404785 0.708114
0.405273 0.708901
0.405762 0.709687
0.40625 0.710472
0.406738 0.711258
0.407227 0.712043
0.407715 0.712827
0.408203 0.713612
0.408691 0.714396
0.40918 0.71518
0.409668 0.715963
0.410156 0.716746
0.410645 0.717529
0.411133 0.718311
0.411621 0.719093
0.412109 0.719875
0.412598 0.720656
0.413086 0.721437
0.413574 0.722218
0.414062 0.722998
0.414551 0.723778
0.415039 0.724557
0.415527 0.725337
0.416016 0.726116
0.416504 0.726894
0.416992 0.727672
0.41748 0.72845
0.417969 0.729228
0.418457 0.730005
0.418945 0.730782
0.419434 0.731558
0.419922 0.732334
0.42041 0.73311
0.420898 0.733885
0.421387 0.73466
0.421875 0.735435
0.422363 0.736209
0.422852 0.736983
0.42334 0.737757
0.423828 0.73853
0.424316 0.739302
0.424805 0.740075
0.425293 0.740847
0.425781 0.741619
0.42627 0.74239
0.426758 0.743161
0.427246 0.743931
0.427734 0.744701
0.428223 0.745471
0.428711 0.746241
0.429199 0.74701
0.429688 0.747778
0.430176 0.748546
0.430664 0.749314
0.431152 0.750082
0.431641 0.750849
0.432129 0.751616
0.432617 0.752382
0.433105 0.753148
0.433594 0.753913
0.434082 0.754678
0.43457 0.755443
0.435059 0.756207
0.435547 0.756971
0.436035 0.757735
0.436523 0.758498
0.437012 0.759261
0.4375 0.760023
0.437988 0.760785
0.438477 0.761546
0.438965 0.762307
0.439453 0.763068
0.439941 0.763828
0.44043 0.764588
0.440918 0.765347
0.441406 0.766106
0.441895 0.766865
0.442383 0.767623
0.442871 0.768381
0.443359 0.769138
0.443848 0.769895
0.444336 0.770651
0.444824 0.771407
0.445312 0.772163
0.445801 0.772918
0.446289 0.773673
0.446777 0.774427
0.447266 0.775181
0.447754 0.775934
0.448242 0.776687
0.44873 0.777439
0.449219 0.778191
0.449707 0.778943
0.450195 0.779694
0.450684 0.780445
0.451172 0.781195
0.45166 0.781945
0.452148 0.782694
0.452637 0.783443
0.453125 0.784192
0.453613 0.78494
0.454102 0.785687
0.45459 0.786434
0.455078 0.787181
0.455566 0.787927
0.456055 0.788673
0.456543 0.789418
0.457031 0.790163
0.45752 0.790907
0.458008 0.791651
0.458496 0.792394
0.458984 0.793137
0.459473 0.793879
0.459961 0.794621
0.460449 0.795362
0.460938 0.796103
0.461426 0.796843
0.461914 0.797583
0.462402 0.798323
0.462891 0.799062
0.463379 0.7998
0.463867 0.800538
0.464355 0.801275
0.464844 0.802012
0.465332 0.802749
0.46582 0.803485
0.466309 0.80422
0.466797 0.804955
0.467285 0.805689
0.467773 0.806423
0.468262 0.807156
0.46875 0.807889
0.469238 0.808621
0.469727 0.809353
0.470215 0.810084
0.470703 0.810815
0.471191 0.811545
0.47168 0.812275
0.472168 0.813004
0.472656 0.813733
0.473145 0.814461
0.473633 0.815188
0.474121 0.815915
0.474609 0.816642
0.475098 0.817368
0.475586 0.818093
0.476074 0.818818
0.476562 0.819542
0.477051 0.820266
0.477539 0.820989
0.478027 0.821711
0.478516 0.822433
0.479004 0.823155
0.479492 0.823875
0.47998 0.824596
0.480469 0.825315
0.480957 0.826035
0.481445 0.826753
0.481934 0.827471
0.482422 0.828189
0.48291 0.828905
0.483398 0.829622
0.483887 0.830337
0.484375 0.831052
0.484863 0.831767
0.485352 0.832481
0.48584 0.833194
0.486328 0.833907
0.486816 0.834619
0.487305 0.83533
0.487793 0.836041
0.488281 0.836751
0.48877 0.837461
0.489258 0.83817
0.489746 0.838878
0.490234 0.839586
0.490723 0.840293
0.491211 0.840999
0.491699 0.841705
0.492188 0.84241
0.492676 0.843115
0.493164 0.843819
0.493652 0.844522
0.494141 0.845225
0.494629 0.845926
0.495117 0.846625
0.495605 0.847317
0.496094 0.847985
0.496582 0.848569
0.49707 0.848853
0.497559 0.848056
0.498047 0.843366
0.498535 0.824734
0.499023 0.757106
0.499512 0.529715
0.5 3.29235e-14
0.500488 -0.529715
0.500977 -0.757106
0.501465 -0.824734
0.501953 -0.843366
0.502441 -0.848056
0.50293 -0.848853
0.503418 -0.848569
0.503906 -0.847985
0.504395 -0.847317
0.504883 -0.846625
0.505371 -0.845926
0.505859 -0.845225
0.506348 -0.844522
0.506836 -0.843819
0.507324 -0.843115
0.507812 -0.84241
0.508301 -0.841705
0.508789 -0.840999
0.509277 -0.840293
0.509766 -0.839586
0.510254 -0.838878
0.510742 -0.83817
0.51123 -0.837461
0.511719 -0.836751
0.512207 -0.836041
0.512695 -0.83533
0.513184 -0.834619
0.513672 -0.833907
0.51416 -0.833194
0.514648 -0.832481
0.515137 -0.831767
0.515625 -0.831052
0.516113 -0.830337
0.516602 -0.829622
0.51709 -0.828905
0.517578 -0.828189
0.518066 -0.827471
0.518555 -0.826753
0.519043 -0.826035
0.519531 -0.825315
0.52002 -0.824596
0.520508 -0.823875
0.520996 -0.823155
0.521484 -0.822433
0.521973 -0.821711
0.522461 -0.820989
0.522949 -0.820266
0.523438 -0.819542
0.523926 -0.818818
0.524414 -0.818093
0.524902 -0.817368
0.525391 -0.816642
0.525879 -0.815915
0.526367 -0.815188
0.526855 -0.814461
0.527344 -0.813733
0.527832 -0.813004
0.52832 -0.812275
0.528809 -0.811545
0.529297 -0.810815
0.529785 -0.810084
0.530273 -0.809353
0.530762 -0.808621
0.53125 -0.807889
0.531738 -0.807156
0.532227 -0.806423
0.532715 -0.805689
0.533203 -0.804955
0.533691 -0.80422
0.53418 -0.803485
0.534668 -0.802749
0.535156 -0.802012
0.535645 -0.801275
0.536133 -0.800538
0.536621 -0.7998
0.537109 -0.799062
0.537598 -0.798323
0.538086 -0.797583
0.538574 -0.796843
0.539062 -0.796103
0.539551 -0.795362
0.540039 -0.794621
0.540527 -0.793879
0.541016 -0.793137
0.541504 -0.792394
0.541992 -0.791651
0.54248 -0.790907
0.542969 -0.790163
0.543457 -0.789418
0.543945 -0.788673
0.544434 -0.787927
0.544922 -0.787181
0.54541 -0.786434
0.545898 -0.785687
0.546387 -0.78494
0.546875 -0.784192
0.547363 -0.783443
0.547852 -0.782694
0.54834 -0.781945
0.548828 -0.781195
0.549316 -0.780445
0.549805 -0.779694
0.550293 -0.778943
0.550781 -0.778191
0.55127 -0.777439
0.551758 -0.776687
0.552246 -0.775934
0.552734 -0.775181
0.553223 -0.774427
0.553711 -0.773673
0.554199 -0.772918
0.554688 -0.772163
0.555176 -0.771407
0.555664 -0.770651
0.556152 -0.769895
0.556641 -0.769138
0.557129 -0.768381
0.557617 -0.767623
0.558105 -0.766865
0.558594 -0.766106
0.559082 -0.765347
0.55957 -0.764588
0.560059 -0.763828
0.560547 -0.763068
0.561035 -0.762307
0.561523 -0.761546
0.562012 -0.760785
0.5625 -0.760023
0.562988 -0.759261
0.563477 -0.758498
0.563965 -0.757735
0.564453 -0.756971
0.564941 -0.756207
0.56543 -0.755443
0.565918 -0.754678
0.566406 -0.753913
0.566895 -0.753148
0.567383 -0.752382
0.567871 -0.751616
0.568359 -0.750849
0.568848 -0.750082
0.569336 -0.749314
0.569824 -0.748546
0.570312 -0.747778
0.570801 -0.74701
0.571289 -0.746241
0.571777 -0.745471
0.572266 -0.744701
0.572754 -0.743931
0.573242 -0.743161
0.57373 -0.74239
0.574219 -0.741619
0.574707 -0.740847
0.575195 -0.740075
0.575684 -0.739302
0.576172 -0.73853
0.57666 -0.737757
0.577148 -0.736983
0.577637 -0.736209
0.578125 -0.735435
0.578613 -0.73466
0.579102 -0.733885
0.57959 -0.73311
0.580078 -0.732334
0.580566 -0.731558
0.581055 -0.730782
0.581543 -0.730005
0.582031 -0.729228
0.58252 -0.72845
0.583008 -0.727672
0.583496 -0.726894
0.583984 -0.726116
0.584473 -0.725337
0.584961 -0.724557
0.585449 -0.723778
0.585938 -0.722998
0.586426 -0.722218
0.586914 -0.721437
0.587402 -0.720656
0.587891 -0.719875
0.588379 -0.719093
0.588867 -0.718311
0.589355 -0.717529
0.589844 -0.716746
0.590332 -0.715963
0.59082 -0.71518
0.591309 -0.714396
0.591797 -0.713612
0.592285 -0.712827
0.592773 -0.712043
0.593262 -0.711258
0.59375 -0.710472
0.594238 -0.709687
0.594727 -0.708901
0.595215 -0.708114
0.595703 -0.707328
0.596191 -0.706541
0.59668 -0.705753
0.597168 -0.704966
0.597656 -0.704178
0.598145 -0.70339
0.598633 -0.702601
0.599121 -0.701812
0.599609 -0.701023
0.600098 -0.700233
0.600586 -0.699443
0.601074 -0.698653
0.601562 -0.697863
0.602051 -0.697072
0.602539 -0.696281
0.603027 -0.69549
0.603516 -0.694698
0.604004 -0.693906
0.604492 -0.693113
0.60498 -0.692321
0.605469 -0.691528
0.605957 -0.690735
0.606445 -0.689941
0.606934 -0.689147
0.607422 -0.688353
0.60791 -0.687559
0.608398 -0.686764
0.608887 -0.685969
0.609375 -0.685174
0.609863 -0.684378
0.610352 -0.683582
0.61084 -0.682786
0.611328 -0.681989
0.611816 -0.681192
0.612305 -0.680395
0.612793 -0.679598
0.613281 -0.6788
0.61377 -0.678002
0.614258 -0.677204
0.614746 -0.676405
0.615234 -0.675607
0.615723 -0.674808
0.616211 -0.674008
0.616699 -0.673208
0.617188 -0.672408
0.617676 -0.671608
0.618164 -0.670808
0.618652 -0.670007
0.619141 -0.669206
0.619629 -0.668404
0.620117 -0.667603
0.620605 -0.666801
0.621094 -0.665999
0.621582 -0.665196
0.62207 -0.664394
0.622559 -0.663591
0.623047 -0.662787
0.623535 -0.661984
0.624023 -0.66118
0.624512 -0.660376
0.625 -0.659571
0.625488 -0.658767
0.625977 -0.657962
0.626465 -0.657157
0.626953 -0.656351
0.627441 -0.655546
0.62793 -0.65474
0.628418 -0.653933
0.628906 -0.653127
0.629395 -0.65232
0.629883 -0.651513
0.630371 -0.650706
0.630859 -0.649898
0.631348 -0.649091
0.631836 -0.648283
0.632324 -0.647474
0.632812 -0.646666
0.633301 -0.645857
0.633789 -0.645048
0.634277 -0.644239
0.634766 -0.643429
0.635254 -0.642619
0.635742 -0.641809
0.63623 -0.640999
0.636719 -0.640188
0.637207 -0.639377
0.637695 -0.638566
0.638184 -0.637755
0.638672 -0.636944
0.63916 -0.636132
0.639648 -0.63532
0.640137 -0.634507
0.640625 -0.633695
0.641113 -0.632882
0.641602 -0.632069
0.64209 -0.631256
0.642578 -0.630442
0.643066 -0.629629
0.643555 -0.628815
0.644043 -0.628
0.644531 -0.627186
0.64502 -0.626371
0.645508 -0.625556
0.645996 -0.624741
0.646484 -0.623926
0.646973 -0.62311
0.647461 -0.622294
0.647949 -0.621478
0.648438 -0.620662
0.648926 -0.619845
0.649414 -0.619028
0.649902 -0.618211
0.650391 -0.617394
0.650879 -0.616577
0.651367 -0.615759
0.651855 -0.614941
0.652344 -0.614123
0.652832 -0.613304
0.65332 -0.612486
0.653809 -0.611667
0.654297 -0.610848
0.654785 -0.610029
0.655273 -0.609209
0.655762 -0.608389
0.65625 -0.607569
0.656738 -0.606749
0.657227 -0.605929
0.657715 -0.605108
0.658203 -0.604287
0.658691 -0.603466
0.65918 -0.602645
0.659668 -0.601823
0.660156 -0.601002
0.660645 -0.60018
0.661133 -0.599358
0.661621 -0.598535
0.662109 -0.597713
0.662598 -0.59689
0.663086 -0.596067
0.663574 -0.595244
0.664062 -0.59442
0.664551 -0.593597
0.665039 -0.592773
0.665527 -0.591949
0.666016 -0.591125
0.666504 -0.5903
0.666992 -0.589475
0.66748 -0.588651
0.667969 -0.587825
0.668457 -0.587
0.668945 -0.586175
0.669434 -0.585349
0.669922 -0.584523
0.67041 -0.583697
0.670898 -0.582871
0.671387 -0.582044
0.671875 -0.581217
0.672363 -0.58039
0.672852 -0.579563
0.67334 -0.578736
0.673828 -0.577909
0.674316 -0.577081
0.674805 -0.576253
0.675293 -0.575425
0.675781 -0.574596
0.67627 -0.573768
0.676758 -0.572939
0.677246 -0.57211
0.677734 -0.571281
0.678223 -0.570452
0.678711 -0.569622
0.679199 -0.568793
0.679688 -0.567963
0.680176 -0.567133
0.680664 -0.566303
0.681152 -0.565472
0.681641 -0.564642
0.682129 -0.563811
0.682617 -0.56298
0.683105 -0.562149
0.683594 -0.561317
0.684082 -0.560486
0.68457 -0.559654
0.685059 -0.558822
0.685547 -0.55799
0.686035 -0.557157
0.686523 -0.556325
0.687012 -0.555492
0.6875 -0.554659
0.687988 -0.553826
0.688477 -0.552993
0.688965 -0.55216
0.689453 -0.551326
0.689941 -0.550492
0.69043 -0.549658
0.690918 -0.548824
0.691406 -0.54799
0.691895 -0.547155
0.692383 -0.546321
0.692871 -0.545486
0.693359 -0.544651
0.693848 -0.543815
0.694336 -0.54298
0.694824 -0.542144
0.695312 -0.541309
0.695801 -0.540473
0.696289 -0.539637
0.696777 -0.5388
0.697266 -0.537964
0.697754 -0.537127
0.698242 -0.53629
0.69873 -0.535453
0.699219 -0.534616
0.699707 -0.533779
0.700195 -0.532942
0.700684 -0.532104
0.701172 -0.531266
0.70166 -0.530428
0.702148 -0.52959
0.702637 -0.528752
0.703125 -0.527913
0.703613 -0.527074
0.704102 -0.526236
0.70459 -0.525397
0.705078 -0.524557
0.705566 -0.523718
0.706055 -0.522879
0.706543 -0.522039
0.707031 -0.521199
0.70752 -0.520359
0.708008 -0.519519
0.708496 -0.518679
0.708984 -0.517838
0.709473 -0.516998
0.709961 -0.516157
0.710449 -0.515316
0.710938 -0.514475
0.711426 -0.513633
0.711914 -0.512792
0.712402 -0.51195
0.712891 -0.511109
0.713379 -0.510267
0.713867 -0.509425
0.714355 -0.508582
0.714844 -0.50774
0.715332 -0.506897
0.71582 -0.506055
0.716309 -0.505212
0.716797 -0.504369
0.717285 -0.503526
0.717773 -0.502682
0.718262 -0.501839
0.71875 -0.500995
0.719238 -0.500152
0.719727 -0.499308
0.720215 -0.498463
0.720703 -0.497619
0.721191 -0.496775
0.72168 -0.49593
0.722168 -0.495086
0.722656 -0.494241
0.723145 -0.493396
0.723633 -0.492551
0.724121 -0.491705
0.724609 -0.49086
0.725098 -0.490014
0.725586 -0.489169
0.726074 -0.488323
0.726562 -0.487477
0.727051 -0.486631
0.727539 -0.485784
0.728027 -0.484938
0.728516 -0.484091
0.729004 -0.483244
0.729492 -0.482398
0.72998 -0.481551
0.730469 -0.480703
0.730957 -0.479856
0.731445 -0.479009
0.731934 -0.478161
0.732422 -0.477313
0.73291 -0.476465
0.733398 -0.475617
0.733887 -0.474769
0.734375 -0.473921
0.734863 -0.473072
0.735352 -0.472224
0.73584 -0.471375
0.736328 -0.470526
0.736816 -0.469677
0.737305 -0.468828
0.737793 -0.467979
0.738281 -0.467129
0.73877 -0.46628
0.739258 -0.46543
0.739746 -0.46458
0.740234 -0.46373
0.740723 -0.46288
0.741211 -0.46203
0.741699 -0.46118
0.742188 -0.460329
0.742676 -0.459479
0.743164 -0.458628
0.743652 -0.457777
0.744141 -0.456926
0.744629 -0.456075
0.745117 -0.455223
0.745605 -0.454372
0.746094 -0.45352
0.746582 -0.452669
0.74707 -0.451817
0.747559 -0.450965
0.748047 -0.450113
0.748535 -0.449261
0.749023 -0.448408
0.749512 -0.447556
0.75 -0.446703
0.750488 -0.445851
0.750977 -0.444998
0.751465 -0.444145
0.751953 -0.443292
0.752441 -0.442439
0.75293 -0.441585
0.753418 -0.440732
0.753906 -0.439878
0.754395 -0.439024
0.754883 -0.438171
0.755371 -0.437317
0.755859 -0.436463
0.756348 -0.435608
0.756836 -0.434754
0.757324 -0.4339
0.757812 -0.433045
0.758301 -0.43219
0.758789 -0.431335
0.759277 -0.430481
0.759766 -0.429625
0.760254 -0.42877
0.760742 -0.427915
0.76123 -0.42706
0.761719 -0.426204
0.762207 -0.425348
0.762695 -0.424493
0.763184 -0.423637
0.763672 -0.422781
0.76416 -0.421925
0.764648 -0.421068
0.765137 -0.420212
0.765625 -0.419356
0.766113 -0.418499
0.766602 -0.417642
0.76709 -0.416785
0.767578 -0.415928
0.768066 -0.415071
0.768555 -0.414214
0.769043 -0.413357
0.769531 -0.4125
0.77002 -0.411642
0.770508 -0.410784
0.770996 -0.409927
0.771484 -0.409069
0.771973 -0.408211
0.772461 -0.407353
0.772949 -0.406495
0.773438 -0.405636
0.773926 -0.404778
0.774414 -0.403919
0.774902 -0.403061
0.775391 -0.402202
0.775879 -0.401343
0.776367 -0.400484
0.776855 -0.399625
0.777344 -0.398766
0.777832 -0.397907
0.77832 -0.397047
0.778809 -0.396188
0.779297 -0.395328
0.779785 -0.394469
0.780273 -0.393609
0.780762 -0.392749
0.78125 -0.391889
0.781738 -0.391029
0.782227 -0.390169
0.782715 -0.389308
0.783203 -0.388448
0.783691 -0.387587
0.78418 -0.386727
0.784668 -0.385866
0.785156 -0.385005
0.785645 -0.384144
0.786133 -0.383283
0.786621 -0.382422
0.787109 -0.381561
0.787598 -0.380699
0.788086 -0.379838
0.788574 -0.378976
0.789062 -0.378115
0.789551 -0.377253
0.790039 -0.376391
0.790527 -0.375529
0.791016 -0.374667
0.791504 -0.373805
0.791992 -0.372943
0.79248 -0.37208
0.792969 -0.371218
0.793457 -0.370355
0.793945 -0.369493
0.794434 -0.36863
0.794922 -0.367767
0.79541 -0.366904
0.795898 -0.366041
0.796387 -0.365178
0.796875 -0.364315
0.797363 -0.363451
0.797852 -0.362588
0.79834 -0.361724
0.798828 -0.360861
0.799316 -0.359997
0.799805 -0.359133
0.800293 -0.358269
0.800781 -0.357405
0.80127 -0.356541
0.801758 -0.355677
0.802246 -0.354813
0.802734 -0.353948
0.803223 -0.353084
0.803711 -0.352219
0.804199 -0.351355
0.804688 -0.35049
0.805176 -0.349625
0.805664 -0.34876
0.806152 -0.347895
0.806641 -0.34703
0.807129 -0.346165
0.807617 -0.3453
0.808105 -0.344435
0.808594 -0.343569
0.809082 -0.342704
0.80957 -0.341838
0.810059 -0.340972
0.810547 -0.340106
0.811035 -0.339241
0.811523 -0.338375
0.812012 -0.337509
0.8125 -0.336642
0.812988 -0.335776
0.813477 -0.33491
0.813965 -0.334043
0.814453 -0.333177
0.814941 -0.33231
0.81543 -0.331444
0.815918 -0.330577
0.816406 -0.32971
0.816895 -0.328843
0.817383 -0.327976
0.817871 -0.327109
0.818359 -0.326242
0.818848 -0.325375
0.819336 -0.324508
0.819824 -0.32364
0.820312 -0.322773
0.820801 -0.321905
0.821289 -0.321037
0.821777 -0.32017
0.822266 -0.319302
0.822754 -0.318434
0.823242 -0.317566
0.82373 -0.316698
0.824219 -0.31583
0.824707 -0.314962
0.825195 -0.314093
0.825684 -0.313225
0.826172 -0.312357
0.82666 -0.311488
0.827148 -0.310619
0.827637 -0.309751
0.828125 -0.308882
0.828613 -0.308013
0.829102 -0.307144
0.82959 -0.306275
0.830078 -0.305406
0.830566 -0.304537
0.831055 -0.303668
0.831543 -0.302799
0.832031 -0.301929
0.83252 -0.30106
0.833008 -0.30019
0.833496 -0.299321
0.833984 -0.298451
0.834473 -0.297581
0.834961 -0.296711
0.835449 -0.295842
0.835938 -0.294972
0.836426 -0.294102
0.836914 -0.293231
0.837402 -0.292361
0.837891 -0.291491
0.838379 -0.290621
0.838867 -0.28975
0.839355 -0.28888
0.839844 -0.288009
0.840332 -0.287139
0.84082 -0.286268
0.841309 -0.285397
0.841797 -0.284526
0.842285 -0.283656
0.842773 -0.282785
0.843262 -0.281914
0.84375 -0.281042
0.844238 -0.280171
0.844727 -0.2793
0.845215 -0.278429
0.845703 -0.277557
0.846191 -0.276686
0.84668 -0.275814
0.847168 -0.274943
0.847656 -0.274071
0.848145 -0.273199
0.848633 -0.272328
0.849121 -0.271456
0.849609 -0.270584
0.850098 -0.269712
0.850586 -0.26884
0.851074 -0.267968
0.851562 -0.267096
0.852051 -0.266223
0.852539 -0.265351
0.853027 -0.264479
0.853516 -0.263606
0.854004 -0.262734
0.854492 -0.261861
0.85498 -0.260989
0.855469 -0.260116
0.855957 -0.259243
0.856445 -0.25837
0.856934 -0.257497
0.857422 -0.256624
0.85791 -0.255751
0.858398 -0.254878
0.858887 -0.254005
0.859375 -0.253132
0.859863 -0.252259
0.860352 -0.251385
0.86084 -0.250512
0.861328 -0.249639
0.861816 -0.248765
0.862305 -0.247892
0.862793 -0.247018
0.863281 -0.246144
0.86377 -0.245271
0.864258 -0.244397
0.864746 -0.243523
0.865234 -0.242649
0.865723 -0.241775
0.866211 -0.240901
0.866699 -0.240027
0.867188 -0.239153
0.867676 -0.238279
0.868164 -0.237404
0.868652 -0.23653
0.869141 -0.235656
0.869629 -0.234781
0.870117 -0.233907
0.870605 -0.233032
0.871094 -0.232158
0.871582 -0.231283
0.87207 -0.230408
0.872559 -0.229534
0.873047 -0.228659
0.873535 -0.227784
0.874023 -0.226909
0.874512 -0.226034
0.875 -0.225159
0.875488 -0.224284
0.875977 -0.223409
0.876465 -0.222534
0.876953 -0.221658
0.877441 -0.220783
0.87793 -0.219908
0.878418 -0.219032
0.878906 -0.218157
0.879395 -0.217281
0.879883 -0.216406
0.880371 -0.21553
0.880859 -0.214655
0.881348 -0.213779
0.881836 -0.212903
0.882324 -0.212027
0.882812 -0.211152
0.883301 -0.210276
0.883789 -0.2094
0.884277 -0.208524
0.884766 -0.207648
0.885254 -0.206771
0.885742 -0.205895
0.88623 -0.205019
0.886719 -0.204143
0.887207 -0.203267
0.887695 -0.20239
0.888184 -0.201514
0.888672 -0.200637
0.88916 -0.199761
0.889648 -0.198884
0.890137 -0.198008
0.890625 -0.197131
0.891113 -0.196255
0.891602 -0.195378
0.89209 -0.194501
0.892578 -0.193624
0.893066 -0.192747
0.893555 -0.191871
0.894043 -0.190994
0.894531 -0.190117
0.89502 -0.18924
0.895508 -0.188362
0.895996 -0.187485
0.896484 -0.186608
0.896973 -0.185731
0.897461 -0.184854
0.897949 -0.183976
0.898438 -0.183099
0.898926 -0.182222
0.899414 -0.181344
0.899902 -0.180467
0.900391 -0.179589
0.900879 -0.178712
0.901367 -0.177834
0.901855 -0.176957
0.902344 -0.176079
0.902832 -0.175201
0.90332 -0.174324
0.903809 -0.173446
0.904297 -0.172568
0.904785 -0.17169
0.905273 -0.170812
0.905762 -0.169934
0.90625 -0.169056
0.906738 -0.168178
0.907227 -0.1673
0.907715 -0.166422
0.908203 -0.165544
0.908691 -0.164666
0.90918 -0.163788
0.909668 -0.162909
0.910156 -0.162031
0.910645 -0.161153
0.911133 -0.160275
0.911621 -0.159396
0.912109 -0.158518
0.912598 -0.157639
0.913086 -0.156761
0.913574 -0.155882
0.914062 -0.155004
0.914551 -0.154125
0.915039 -0.153247
0.915527 -0.152368
0.916016 -0.151489
0.916504 -0.150611
0.916992 -0.149732
0.91748 -0.148853
0.917969 -0.147974
0.918457 -0.147096
0.918945 -0.146217
0.919434 -0.145338
0.919922 -0.144459
0.92041 -0.14358
0.920898 -0.142701
0.921387 -0.141822
0.921875 -0.140943
0.922363 -0.140064
0.922852 -0.139185
0.92334 -0.138306
0.923828 -0.137427
0.924316 -0.136548
0.924805 -0.135668
0.925293 -0.134789
0.925781 -0.13391
0.92627 -0.133031
0.926758 -0.132152
0.927246 -0.131272
0.927734 -0.130393
0.928223 -0.129514
0.928711 -0.128634
0.929199 -0.127755
0.929688 -0.126876
0.930176 -0.125996
0.930664 -0.125117
0.931152 -0.124237
0.931641 -0.123358
0.932129 -0.122478
0.932617 -0.121599
0.933105 -0.12072
0.933594 -0.11984
0.934082 -0.118961
0.93457 -0.118081
0.935059 -0.117202
0.935547 -0.116322
0.936035 -0.115442
0.936523 -0.114563
0.937012 -0.113683
0.9375 -0.112804
0.937988 -0.111924
0.938477 -0.111045
0.938965 -0.110165
0.939453 -0.109286
0.939941 -0.108406
0.94043 -0.107526
0.940918 -0.106647
0.941406 -0.105767
0.941895 -0.104888
0.942383 -0.104008
0.942871 -0.103128
0.943359 -0.102249
0.943848 -0.101369
0.944336 -0.10049
0.944824 -0.0996102
0.945312 -0.0987306
0.945801 -0.0978511
0.946289 -0.0969716
0.946777 -0.096092
0.947266 -0.0952125
0.947754 -0.094333
0.948242 -0.0934536
0.94873 -0.0925741
0.949219 -0.0916946
0.949707 -0.0908152
0.950195 -0.0899358
0.950684 -0.0890564
0.951172 -0.088177
0.95166 -0.0872976
0.952148 -0.0864183
0.952637 -0.085539
0.953125 -0.0846597
0.953613 -0.0837804
0.954102 -0.0829011
0.95459 -0.0820219
0.955078 -0.0811427
0.955566 -0.0802636
0.956055 -0.0793844
0.956543 -0.0785053
0.957031 -0.0776262
0.95752 -0.0767472
0.958008 -0.0758682
0.958496 -0.0749892
0.958984 -0.0741103
0.959473 -0.0732314
0.959961 -0.0723525
0.960449 -0.0714737
0.960938 -0.0705949
0.961426 -0.0697161
0.961914 -0.0688374
0.962402 -0.0679587
0.962891 -0.0670801
0.963379 -0.0662015
0.963867 -0.065323
0.964355 -0.0644445
0.964844 -0.063566
0.965332 -0.0626876
0.96582 -0.0618092
0.966309 -0.0609309
0.966797 -0.0600526
0.967285 -0.0591744
0.967773 -0.0582962
0.968262 -0.0574181
0.96875 -0.05654
0.969238 -0.055662
0.969727 -0.054784
0.970215 -0.0539061
0.970703 -0.0530282
0.971191 -0.0521504
0.97168 -0.0512726
0.972168 -0.0503949
0.972656 -0.0495172
0.973145 -0.0486396
0.973633 -0.047762
0.974121 -0.0468845
0.974609 -0.046007
0.975098 -0.0451296
0.975586 -0.0442522
0.976074 -0.0433749
0.976562 -0.0424977
0.977051 -0.0416205
0.977539 -0.0407433
0.978027 -0.0398662
0.978516 -0.0389891
0.979004 -0.0381121
0.979492 -0.0372352
0.97998 -0.0363583
0.980469 -0.0354814
0.980957 -0.0346046
0.981445 -0.0337279
0.981934 -0.0328512
0.982422 -0.0319745
0.98291 -0.0310979
0.983398 -0.0302213
0.983887 -0.0293448
0.984375 -0.0284683
0.984863 -0.0275919
0.985352 -0.0267155
0.98584 -0.0258392
0.986328 -0.0249629
0.986816 -0.0240866
0.987305 -0.0232104
0.987793 -0.0223342
0.988281 -0.021458
0.98877 -0.0205819
0.989258 -0.0197058
0.989746 -0.0188297
0.990234 -0.0179537
0.990723 -0.0170777
0.991211 -0.0162018
0.991699 -0.0153258
0.992188 -0.0144499
0.992676 -0.013574
0.993164 -0.0126982
0.993652 -0.0118223
0.994141 -0.0109465
0.994629 -0.0100707
0.995117 -0.00919496
0.995605 -0.0083192
0.996094 -0.00744345
0.996582 -0.00656772
0.99707 -0.005692
0.997559 -0.00481629
0.998047 -0.00394059
0.998535 -0.0030649
0.999023 -0.00218921
0.999512 -0.00131352
1 -0.000437841
