0 0.000210168
0.000488281 0.000630503
0.000976562 0.00105084
0.00146484 0.00147117
0.00195312 0.00189151
0.00244141 0.00231185
0.00292969 0.00273218
0.00341797 0.00315252
0.00390625 0.00357286
0.00439453 0.00399319
0.00488281 0.00441353
0.00537109 0.00483387
0.00585938 0.00525421
0.00634766 0.00567455
0.00683594 0.00609489
0.00732422 0.00651523
0.0078125 0.00693558
0.00830078 0.00735592
0.00878906 0.00777627
0.00927734 0.00819661
0.00976562 0.00861696
0.0102539 0.00903731
0.0107422 0.00945766
0.0112305 0.00987801
0.0117188 0.0102984
0.012207 0.0107187
0.0126953 0.0111391
0.0131836 0.0115594
0.0136719 0.0119798
0.0141602 0.0124001
0.0146484 0.0128205
0.0151367 0.0132409
0.015625 0.0136612
0.0161133 0.0140816
0.0166016 0.014502
0.0170898 0.0149223
0.0175781 0.0153427
0.0180664 0.0157631
0.0185547 0.0161835
0.019043 0.0166039
0.0195312 0.0170242
0.0200195 0.0174446
0.0205078 0.017865
0.0209961 0.0182854
0.0214844 0.0187058
0.0219727 0.0191262
0.0224609 0.0195466
0.0229492 0.019967
0.0234375 0.0203874
0.0239258 0.0208078
0.0244141 0.0212282
0.0249023 0.0216486
0.0253906 0.022069
0.0258789 0.0224894
0.0263672 0.0229099
0.0268555 0.0233303
0.0273438 0.0237507
0.027832 0.0241711
0.0283203 0.0245916
0.0288086 0.025012
0.0292969 0.0254324
0.0297852 0.0258529
0.0302734 0.0262733
0.0307617 0.0266938
0.03125 0.0271142
0.0317383 0.0275347
0.0322266 0.0279551
0.0327148 0.0283756
0.0332031 0.0287961
0.0336914 0.0292165
0.0341797 0.029637
0.034668 0.0300575
0.0351562 0.0304779
0.0356445 0.0308984
0.0361328 0.0313189
0.0366211 0.0317394
0.0371094 0.0321599
0.0375977 0.0325804
0.0380859 0.0330009
0.0385742 0.0334214
0.0390625 0.0338419
0.0395508 0.0342624
0.0400391 0.0346829
0.0405273 0.0351035
0.0410156 0.035524
0.0415039 0.0359445
0.0419922 0.0363651
0.0424805 0.0367856
0.0429688 0.0372061
0.043457 0.0376267
0.0439453 0.0380472
0.0444336 0.0384678
0.0449219 0.0388883
0.0454102 0.0393089
0.0458984 0.0397295
0.0463867 0.04015
0.046875 0.0405706
0.0473633 0.0409912
0.0478516 0.0414118
0.0483398 0.0418324
0.0488281 0.0422529
0.0493164 0.0426735
0.0498047 0.0430941
0.050293 0.0435147
0.0507812 0.0439354
0.0512695 0.044356
0.0517578 0.0447766
0.0522461 0.0451972
0.0527344 0.0456178
0.0532227 0.0460385
0.0537109 0.0464591
0.0541992 0.0468797
0.0546875 0.0473004
0.0551758 0.047721
0.0556641 0.0481417
0.0561523 0.0485623
0.0566406 0.048983
0.0571289 0.0494037
0.0576172 0.0498243
0.0581055 0.050245
0.0585938 0.0506657
0.059082 0.0510864
0.0595703 0.0515071
0.0600586 0.0519278
0.0605469 0.0523485
0.0610352 0.0527692
0.0615234 0.0531899
0.0620117 0.0536106
0.0625 0.0540313
0.0629883 0.054452
0.0634766 0.0548727
0.0639648 0.0552934
0.0644531 0.0557142
0.0649414 0.0561349
0.0654297 0.0565557
0.065918 0.0569764
0.0664062 0.0573971
0.0668945 0.0578179
0.0673828 0.0582387
0.0678711 0.0586594
0.0683594 0.0590802
0.0688477 0.059501
0.0693359 0.0599217
0.0698242 0.0603425
0.0703125 0.0607633
0.0708008 0.0611841
0.0712891 0.0616049
0.0717773 0.0620257
0.0722656 0.0624465
0.0727539 0.0628673
0.0732422 0.0632881
0.0737305 0.0637089
0.0742188 0.0641297
0.074707 0.0645505
0.0751953 0.0649713
0.0756836 0.0653922
0.0761719 0.065813
0.0766602 0.0662338
0.0771484 0.0666547
0.0776367 0.0670755
0.078125 0.0674964
0.0786133 0.0679172
0.0791016 0.0683381
0.0795898 0.0687589
0.0800781 0.0691798
0.0805664 0.0696007
0.0810547 0.0700215
0.081543 0.0704424
0.0820312 0.0708633
0.0825195 0.0712841
0.0830078 0.071705
0.0834961 0.0721259
0.0839844 0.0725468
0.0844727 0.0729677
0.0849609 0.0733886
0.0854492 0.0738095
0.0859375 0.0742304
0.0864258 0.0746513
0.0869141 0.0750722
0.0874023 0.0754931
0.0878906 0.0759141
0.0883789 0.076335
0.0888672 0.0767559
0.0893555 0.0771768
0.0898438 0.0775978
0.090332 0.0780187
0.0908203 0.0784396
0.0913086 0.0788606
0.0917969 0.0792815
0.0922852 0.0797025
0.0927734 0.0801234
0.0932617 0.0805444
0.09375 0.0809653
0.0942383 0.0813863
0.0947266 0.0818072
0.0952148 0.0822282
0.0957031 0.0826491
0.0961914 0.0830701
0.0966797 0.0834911
0.097168 0.0839121
0.0976562 0.084333
0.0981445 0.084754
0.0986328 0.085175
0.0991211 0.085596
0.0996094 0.086017
0.100098 0.0864379
0.100586 0.0868589
0.101074 0.0872799
0.101562 0.0877009
0.102051 0.0881219
0.102539 0.0885429
0.103027 0.0889639
0.103516 0.0893849
0.104004 0.0898059
0.104492 0.0902269
0.10498 0.0906479
0.105469 0.0910689
0.105957 0.0914899
0.106445 0.091911
0.106934 0.092332
0.107422 0.092753
0.10791 0.093174
0.108398 0.093595
0.108887 0.094016
0.109375 0.0944371
0.109863 0.0948581
0.110352 0.0952791
0.11084 0.0957001
0.111328 0.0961212
0.111816 0.0965422
0.112305 0.0969632
0.112793 0.0973843
0.113281 0.0978053
0.11377 0.0982263
0.114258 0.0986474
0.114746 0.0990684
0.115234 0.0994894
0.115723 0.0999105
0.116211 0.100332
0.116699 0.100753
0.117188 0.101174
0.117676 0.101595
0.118164 0.102016
0.118652 0.102437
0.119141 0.102858
0.119629 0.103279
0.120117 0.1037
0.120605 0.104121
0.121094 0.104542
0.121582 0.104963
0.12207 0.105384
0.122559 0.105805
0.123047 0.106226
0.123535 0.106647
0.124023 0.107068
0.124512 0.107489
0.125 0.10791
0.125488 0.108331
0.125977 0.108752
0.126465 0.109174
0.126953 0.109595
0.127441 0.110016
0.12793 0.110437
0.128418 0.110858
0.128906 0.111279
0.129395 0.1117
0.129883 0.112121
0.130371 0.112542
0.130859 0.112963
0.131348 0.113384
0.131836 0.113805
0.132324 0.114226
0.132812 0.114647
0.133301 0.115068
0.133789 0.115489
0.134277 0.11591
0.134766 0.116331
0.135254 0.116752
0.135742 0.117173
0.13623 0.117594
0.136719 0.118016
0.137207 0.118437
0.137695 0.118858
0.138184 0.119279
0.138672 0.1197
0.13916 0.120121
0.139648 0.120542
0.140137 0.120963
0.140625 0.121384
0.141113 0.121805
0.141602 0.122226
0.14209 0.122647
0.142578 0.123068
0.143066 0.123489
0.143555 0.12391
0.144043 0.124331
0.144531 0.124752
0.14502 0.125173
0.145508 0.125594
0.145996 0.126015
0.146484 0.126436
0.146973 0.126857
0.147461 0.127278
0.147949 0.127699
0.148438 0.12812
0.148926 0.128541
0.149414 0.128962
0.149902 0.129383
0.150391 0.129804
0.150879 0.130225
0.151367 0.130646
0.151855 0.131067
0.152344 0.131488
0.152832 0.131909
0.15332 0.13233
0.153809 0.132751
0.154297 0.133172
0.154785 0.133593
0.155273 0.134014
0.155762 0.134435
0.15625 0.134856
0.156738 0.135277
0.157227 0.135698
0.157715 0.136119
0.158203 0.13654
0.158691 0.136961
0.15918 0.137382
0.159668 0.137803
0.160156 0.138224
0.160645 0.138645
0.161133 0.139066
0.161621 0.139487
0.162109 0.139908
0.162598 0.140329
0.163086 0.14075
0.163574 0.141171
0.164062 0.141592
0.164551 0.142013
0.165039 0.142434
0.165527 0.142854
0.166016 0.143275
0.166504 0.143696
0.166992 0.144117
0.16748 0.144538
0.167969 0.144959
0.168457 0.14538
0.168945 0.145801
0.169434 0.146222
0.169922 0.146643
0.17041 0.147064
0.170898 0.147485
0.171387 0.147906
0.171875 0.148326
0.172363 0.148747
0.172852 0.149168
0.17334 0.149589
0.173828 0.15001
0.174316 0.150431
0.174805 0.150852
0.175293 0.151273
0.175781 0.151694
0.17627 0.152114
0.176758 0.152535
0.177246 0.152956
0.177734 0.153377
0.178223 0.153798
0.178711 0.154219
0.179199 0.15464
0.179688 0.15506
0.180176 0.155481
0.180664 0.155902
0.181152 0.156323
0.181641 0.156744
0.182129 0.157165
0.182617 0.157585
0.183105 0.158006
0.183594 0.158427
0.184082 0.158848
0.18457 0.159269
0.185059 0.15969
0.185547 0.16011
0.186035 0.160531
0.186523 0.160952
0.187012 0.161373
0.1875 0.161794
0.187988 0.162214
0.188477 0.162635
0.188965 0.163056
0.189453 0.163477
0.189941 0.163897
0.19043 0.164318
0.190918 0.164739
0.191406 0.16516
0.191895 0.165581
0.192383 0.166001
0.192871 0.166422
0.193359 0.166843
0.193848 0.167264
0.194336 0.167684
0.194824 0.168105
0.195312 0.168526
0.195801 0.168947
0.196289 0.169367
0.196777 0.169788
0.197266 0.170209
0.197754 0.170629
0.198242 0.17105
0.19873 0.171471
0.199219 0.171892
0.199707 0.172312
0.200195 0.172733
0.200684 0.173154
0.201172 0.173574
0.20166 0.173995
0.202148 0.174416
0.202637 0.174836
0.203125 0.175257
0.203613 0.175678
0.204102 0.176098
0.20459 0.176519
0.205078 0.17694
0.205566 0.17736
0.206055 0.177781
0.206543 0.178202
0.207031 0.178622
0.20752 0.179043
0.208008 0.179463
0.208496 0.179884
0.208984 0.180305
0.209473 0.180725
0.209961 0.181146
0.210449 0.181566
0.210938 0.181987
0.211426 0.182408
0.211914 0.182828
0.212402 0.183249
0.212891 0.183669
0.213379 0.18409
0.213867 0.184511
0.214355 0.184931
0.214844 0.185352
0.215332 0.185772
0.21582 0.186193
0.216309 0.186613
0.216797 0.187034
0.217285 0.187454
0.217773 0.187875
0.218262 0.188295
0.21875 0.188716
0.219238 0.189137
0.219727 0.189557
0.220215 0.189978
0.220703 0.190398
0.221191 0.190819
0.22168 0.191239
0.222168 0.19166
0.222656 0.19208
0.223145 0.1925
0.223633 0.192921
0.224121 0.193341
0.224609 0.193762
0.225098 0.194182
0.225586 0.194603
0.226074 0.195023
0.226562 0.195444
0.227051 0.195864
0.227539 0.196285
0.228027 0.196705
0.228516 0.197125
0.229004 0.197546
0.229492 0.197966
0.22998 0.198387
0.230469 0.198807
0.230957 0.199228
0.231445 0.199648
0.231934 0.200068
0.232422 0.200489
0.23291 0.200909
0.233398 0.201329
0.233887 0.20175
0.234375 0.20217
0.234863 0.202591
0.235352 0.203011
0.23584 0.203431
0.236328 0.203852
0.236816 0.204272
0.237305 0.204692
0.237793 0.205113
0.238281 0.205533
0.23877 0.205953
0.239258 0.206374
0.239746 0.206794
0.240234 0.207214
0.240723 0.207634
0.241211 0.208055
0.241699 0.208475
0.242188 0.208895
0.242676 0.209316
0.243164 0.209736
0.243652 0.210156
0.244141 0.210576
0.244629 0.210997
0.245117 0.211417
0.245605 0.211837
0.246094 0.212257
0.246582 0.212678
0.24707 0.213098
0.247559 0.213518
0.248047 0.213938
0.248535 0.214358
0.249023 0.214779
0.249512 0.215199
0.25 0.215619
0.250488 0.216039
0.250977 0.216459
0.251465 0.21688
0.251953 0.2173
0.252441 0.21772
0.25293 0.21814
0.253418 0.21856
0.253906 0.21898
0.254395 0.2194
0.254883 0.219821
0.255371 0.220241
0.255859 0.220661
0.256348 0.221081
0.256836 0.221501
0.257324 0.221921
0.257812 0.222341
0.258301 0.222761
0.258789 0.223181
0.259277 0.223602
0.259766 0.224022
0.260254 0.224442
0.260742 0.224862
0.26123 0.225282
0.261719 0.225702
0.262207 0.226122
0.262695 0.226542
0.263184 0.226962
0.263672 0.227382
0.26416 0.227802
0.264648 0.228222
0.265137 0.228642
0.265625 0.229062
0.266113 0.229482
0.266602 0.229902
0.26709 0.230322
0.267578 0.230742
0.268066 0.231162
0.268555 0.231582
0.269043 0.232002
0.269531 0.232422
0.27002 0.232842
0.270508 0.233262
0.270996 0.233682
0.271484 0.234102
0.271973 0.234522
0.272461 0.234941
0.272949 0.235361
0.273438 0.235781
0.273926 0.236201
0.274414 0.236621
0.274902 0.237041
0.275391 0.237461
0.275879 0.237881
0.276367 0.238301
0.276855 0.23872
0.277344 0.23914
0.277832 0.23956
0.27832 0.23998
0.278809 0.2404
0.279297 0.24082
0.279785 0.241239
0.280273 0.241659
0.280762 0.242079
0.28125 0.242499
0.281738 0.242919
0.282227 0.243339
0.282715 0.243758
0.283203 0.244178
0.283691 0.244598
0.28418 0.245018
0.284668 0.245437
0.285156 0.245857
0.285645 0.246277
0.286133 0.246697
0.286621 0.247116
0.287109 0.247536
0.287598 0.247956
0.288086 0.248376
0.288574 0.248795
0.289062 0.249215
0.289551 0.249635
0.290039 0.250054
0.290527 0.250474
0.291016 0.250894
0.291504 0.251313
0.291992 0.251733
0.29248 0.252153
0.292969 0.252572
0.293457 0.252992
0.293945 0.253412
0.294434 0.253831
0.294922 0.254251
0.29541 0.25467
0.295898 0.25509
0.296387 0.25551
0.296875 0.255929
0.297363 0.256349
0.297852 0.256768
0.29834 0.257188
0.298828 0.257607
0.299316 0.258027
0.299805 0.258447
0.300293 0.258866
0.300781 0.259286
0.30127 0.259705
0.301758 0.260125
0.302246 0.260544
0.302734 0.260964
0.303223 0.261383
0.303711 0.261803
0.304199 0.262222
0.304688 0.262642
0.305176 0.263061
0.305664 0.263481
0.306152 0.2639
0.306641 0.26432
0.307129 0.264739
0.307617 0.265158
0.308105 0.265578
0.308594 0.265997
0.309082 0.266417
0.30957 0.266836
0.310059 0.267255
0.310547 0.267675
0.311035 0.268094
0.311523 0.268514
0.312012 0.268933
0.3125 0.269352
0.312988 0.269772
0.313477 0.270191
0.313965 0.27061
0.314453 0.27103
0.314941 0.271449
0.31543 0.271868
0.315918 0.272288
0.316406 0.272707
0.316895 0.273126
0.317383 0.273546
0.317871 0.273965
0.318359 0.274384
0.318848 0.274803
0.319336 0.275223
0.319824 0.275642
0.320312 0.276061
0.320801 0.27648
0.321289 0.2769
0.321777 0.277319
0.322266 0.277738
0.322754 0.278157
0.323242 0.278577
0.32373 0.278996
0.324219 0.279415
0.324707 0.279834
0.325195 0.280253
0.325684 0.280672
0.326172 0.281092
0.32666 0.281511
0.327148 0.28193
0.327637 0.282349
0.328125 0.282768
0.328613 0.283187
0.329102 0.283606
0.32959 0.284025
0.330078 0.284444
0.330566 0.284864
0.331055 0.285283
0.331543 0.285702
0.332031 0.286121
0.33252 0.28654
0.333008 0.286959
0.333496 0.287378
0.333984 0.287797
0.334473 0.288216
0.334961 0.288635
0.335449 0.289054
0.335938 0.289473
0.336426 0.289892
0.336914 0.290311
0.337402 0.29073
0.337891 0.291149
0.338379 0.291568
0.338867 0.291987
0.339355 0.292406
0.339844 0.292825
0.340332 0.293244
0.34082 0.293662
0.341309 0.294081
0.341797 0.2945
0.342285 0.294919
0.342773 0.295338
0.343262 0.295757
0.34375 0.296176
0.344238 0.296595
0.344727 0.297014
0.345215 0.297432
0.345703 0.297851
0.346191 0.29827
0.34668 0.298689
0.347168 0.299108
0.347656 0.299526
0.348145 0.299945
0.348633 0.300364
0.349121 0.300783
0.349609 0.301202
0.350098 0.30162
0.350586 0.302039
0.351074 0.302458
0.351562 0.302877
0.352051 0.303295
0.352539 0.303714
0.353027 0.304133
0.353516 0.304551
0.354004 0.30497
0.354492 0.305389
0.35498 0.305807
0.355469 0.306226
0.355957 0.306645
0.356445 0.307063
0.356934 0.307482
0.357422 0.307901
0.35791 0.308319
0.358398 0.308738
0.358887 0.309157
0.359375 0.309575
0.359863 0.309994
0.360352 0.310412
0.36084 0.310831
0.361328 0.311249
0.361816 0.311668
0.362305 0.312087
0.362793 0.312505
0.363281 0.312924
0.36377 0.313342
0.364258 0.313761
0.364746 0.314179
0.365234 0.314598
0.365723 0.315016
0.366211 0.315435
0.366699 0.315853
0.367188 0.316271
0.367676 0.31669
0.368164 0.317108
0.368652 0.317527
0.369141 0.317945
0.369629 0.318364
0.370117 0.318782
0.370605 0.3192
0.371094 0.319619
0.371582 0.320037
0.37207 0.320456
0.372559 0.320874
0.373047 0.321292
0.373535 0.321711
0.374023 0.322129
0.374512 0.322547
0.375 0.322966
0.375488 0.323384
0.375977 0.323802
0.376465 0.32422
0.376953 0.324639
0.377441 0.325057
0.37793 0.325475
0.378418 0.325893
0.378906 0.326312
0.379395 0.32673
0.379883 0.327148
0.380371 0.327566
0.380859 0.327985
0.381348 0.328403
0.381836 0.328821
0.382324 0.329239
0.382812 0.329657
0.383301 0.330075
0.383789 0.330494
0.384277 0.330912
0.384766 0.33133
0.385254 0.331748
0.385742 0.332166
0.38623 0.332584
0.386719 0.333002
0.387207 0.33342
0.387695 0.333838
0.388184 0.334256
0.388672 0.334674
0.38916 0.335092
0.389648 0.33551
0.390137 0.335928
0.390625 0.336347
0.391113 0.336765
0.391602 0.337182
0.39209 0.3376
0.392578 0.338018
0.393066 0.338436
0.393555 0.338854
0.394043 0.339272
0.394531 0.33969
0.39502 0.340108
0.395508 0.340526
0.395996 0.340944
0.396484 0.341362
0.396973 0.34178
0.397461 0.342198
0.397949 0.342615
0.398438 0.343033
0.398926 0.343451
0.399414 0.343869
0.399902 0.344287
0.400391 0.344705
0.400879 0.345122
0.401367 0.34554
0.401855 0.345958
0.402344 0.346376
0.402832 0.346794
0.40332 0.347211
0.403809 0.347629
0.404297 0.348047
0.404785 0.348464
0.405273 0.348882
0.405762 0.3493
0.40625 0.349718
0.406738 0.350135
0.407227 0.350553
0.407715 0.350971
0.408203 0.351388
0.408691 0.351806
0.40918 0.352223
0.409668 0.352641
0.410156 0.353059
0.410645 0.353476
0.411133 0.353894
0.411621 0.354311
0.412109 0.354729
0.412598 0.355147
0.413086 0.355564
0.413574 0.355982
0.414062 0.356399
0.414551 0.356817
0.415039 0.357234
0.415527 0.357652
0.416016 0.358069
0.416504 0.358487
0.416992 0.358904
0.41748 0.359322
0.417969 0.359739
0.418457 0.360156
0.418945 0.360574
0.419434 0.360991
0.419922 0.361409
0.42041 0.361826
0.420898 0.362243
0.421387 0.362661
0.421875 0.363078
0.422363 0.363496
0.422852 0.363913
0.42334 0.36433
0.423828 0.364747
0.424316 0.365165
0.424805 0.365582
0.425293 0.365999
0.425781 0.366417
0.42627 0.366834
0.426758 0.367251
0.427246 0.367668
0.427734 0.368086
0.428223 0.368503
0.428711 0.36892
0.429199 0.369337
0.429688 0.369754
0.430176 0.370172
0.430664 0.370589
0.431152 0.371006
0.431641 0.371423
0.432129 0.37184
0.432617 0.372257
0.433105 0.372674
0.433594 0.373091
0.434082 0.373508
0.43457 0.373926
0.435059 0.374343
0.435547 0.37476
0.436035 0.375177
0.436523 0.375594
0.437012 0.376011
0.4375 0.376428
0.437988 0.376845
0.438477 0.377262
0.438965 0.377679
0.439453 0.378096
0.439941 0.378513
0.44043 0.37893
0.440918 0.379346
0.441406 0.379763
0.441895 0.38018
0.442383 0.380597
0.442871 0.381014
0.443359 0.381431
0.443848 0.381848
0.444336 0.382265
0.444824 0.382681
0.445312 0.383098
0.445801 0.383515
0.446289 0.383932
0.446777 0.384349
0.447266 0.384765
0.447754 0.385182
0.448242 0.385599
0.44873 0.386016
0.449219 0.386432
0.449707 0.386849
0.450195 0.387266
0.450684 0.387682
0.451172 0.388099
0.45166 0.388516
0.452148 0.388932
0.452637 0.389349
0.453125 0.389766
0.453613 0.390182
0.454102 0.390599
0.45459 0.391016
0.455078 0.391432
0.455566 0.391849
0.456055 0.392265
0.456543 0.392682
0.457031 0.393098
0.45752 0.393515
0.458008 0.393931
0.458496 0.394348
0.458984 0.394764
0.459473 0.395181
0.459961 0.395597
0.460449 0.396014
0.460938 0.39643
0.461426 0.396847
0.461914 0.397263
0.462402 0.397679
0.462891 0.398096
0.463379 0.398512
0.463867 0.398929
0.464355 0.399345
0.464844 0.399761
0.465332 0.400178
0.46582 0.400594
0.466309 0.40101
0.466797 0.401426
0.467285 0.401843
0.467773 0.402259
0.468262 0.402675
0.46875 0.403092
0.469238 0.403508
0.469727 0.403924
0.470215 0.40434
0.470703 0.404756
0.471191 0.405173
0.47168 0.405589
0.472168 0.406005
0.472656 0.406421
0.473145 0.406837
0.473633 0.407253
0.474121 0.407669
0.474609 0.408085
0.475098 0.408501
0.475586 0.408918
0.476074 0.409334
0.476562 0.40975
0.477051 0.410166
0.477539 0.410582
0.478027 0.410998
0.478516 0.411414
0.479004 0.41183
0.479492 0.412246
0.47998 0.412662
0.480469 0.413077
0.480957 0.413493
0.481445 0.413909
0.481934 0.414325
0.482422 0.414741
0.48291 0.415157
0.483398 0.415573
0.483887 0.415989
0.484375 0.416404
0.484863 0.41682
0.485352 0.417236
0.48584 0.417652
0.486328 0.418068
0.486816 0.418483
0.487305 0.418899
0.487793 0.419315
0.488281 0.419731
0.48877 0.420146
0.489258 0.420562
0.489746 0.420977
0.490234 0.421393
0.490723 0.421808
0.491211 0.422222
0.491699 0.422634
0.492188 0.423044
0.492676 0.423447
0.493164 0.423838
0.493652 0.424204
0.494141 0.424521
0.494629 0.424738
0.495117 0.424755
0.495605 0.424372
0.496094 0.42319
0.496582 0.420418
0.49707 0.414503
0.497559 0.402484
0.498047 0.378971
0.498535 0.335142
0.499023 0.259545
0.499512 0.144702
0.5 2.24069e-14
0.500488 -0.144702
0.500977 -0.259545
0.501465 -0.335142
0.501953 -0.378971
0.502441 -0.402484
0.50293 -0.414503
0.503418 -0.420418
0.503906 -0.42319
0.504395 -0.424372
0.504883 -0.424755
0.505371 -0.424738
0.505859 -0.424521
0.506348 -0.424204
0.506836 -0.423838
0.507324 -0.423447
0.507812 -0.423044
0.508301 -0.422634
0.508789 -0.422222
0.509277 -0.421808
0.509766 -0.421393
0.510254 -0.420977
0.510742 -0.420562
0.51123 -0.420146
0.511719 -0.419731
0.512207 -0.419315
0.512695 -0.418899
0.513184 -0.418483
0.513672 -0.418068
0.51416 -0.417652
0.514648 -0.417236
0.515137 -0.41682
0.515625 -0.416404
0.516113 -0.415989
0.516602 -0.415573
0.51709 -0.415157
0.517578 -0.414741
0.518066 -0.414325
0.518555 -0.413909
0.519043 -0.413493
0.519531 -0.413077
0.52002 -0.412662
0.520508 -0.412246
0.520996 -0.41183
0.521484 -0.411414
0.521973 -0.410998
0.522461 -0.410582
0.522949 -0.410166
0.523438 -0.40975
0.523926 -0.409334
0.524414 -0.408918
0.524902 -0.408501
0.525391 -0.408085
0.525879 -0.407669
0.526367 -0.407253
0.526855 -0.406837
0.527344 -0.406421
0.527832 -0.406005
0.52832 -0.405589
0.528809 -0.405173
0.529297 -0.404756
0.529785 -0.40434
0.530273 -0.403924
0.530762 -0.403508
0.53125 -0.403092
0.531738 -0.402675
0.532227 -0.402259
0.532715 -0.401843
0.533203 -0.401426
0.533691 -0.40101
0.53418 -0.400594
0.534668 -0.400178
0.535156 -0.399761
0.535645 -0.399345
0.536133 -0.398929
0.536621 -0.398512
0.537109 -0.398096
0.537598 -0.397679
0.538086 -0.397263
0.538574 -0.396847
0.539062 -0.39643
0.539551 -0.396014
0.540039 -0.395597
0.540527 -0.395181
0.541016 -0.394764
0.541504 -0.394348
0.541992 -0.393931
0.54248 -0.393515
0.542969 -0.393098
0.543457 -0.392682
0.543945 -0.392265
0.544434 -0.391849
0.544922 -0.391432
0.54541 -0.391016
0.545898 -0.390599
0.546387 -0.390182
0.546875 -0.389766
0.547363 -0.389349
0.547852 -0.388932
0.54834 -0.388516
0.548828 -0.388099
0.549316 -0.387682
0.549805 -0.387266
0.550293 -0.386849
0.550781 -0.386432
0.55127 -0.386016
0.551758 -0.385599
0.552246 -0.385182
0.552734 -0.384765
0.553223 -0.384349
0.553711 -0.383932
0.554199 -0.383515
0.554688 -0.383098
0.555176 -0.382681
0.555664 -0.382265
0.556152 -0.381848
0.556641 -0.381431
0.557129 -0.381014
0.557617 -0.380597
0.558105 -0.38018
0.558594 -0.379763
0.559082 -0.379346
0.55957 -0.37893
0.560059 -0.378513
0.560547 -0.378096
0.561035 -0.377679
0.561523 -0.377262
0.562012 -0.376845
0.5625 -0.376428
0.562988 -0.376011
0.563477 -0.375594
0.563965 -0.375177
0.564453 -0.37476
0.564941 -0.374343
0.56543 -0.373926
0.565918 -0.373508
0.566406 -0.373091
0.566895 -0.372674
0.567383 -0.372257
0.567871 -0.37184
0.568359 -0.371423
0.568848 -0.371006
0.569336 -0.370589
0.569824 -0.370172
0.570312 -0.369754
0.570801 -0.369337
0.571289 -0.36892
0.571777 -0.368503
0.572266 -0.368086
0.572754 -0.367668
0.573242 -0.367251
0.57373 -0.366834
0.574219 -0.366417
0.574707 -0.365999
0.575195 -0.365582
0.575684 -0.365165
0.576172 -0.364747
0.57666 -0.36433
0.577148 -0.363913
0.577637 -0.363496
0.578125 -0.363078
0.578613 -0.362661
0.579102 -0.362243
0.57959 -0.361826
0.580078 -0.361409
0.580566 -0.360991
0.581055 -0.360574
0.581543 -0.360156
0.582031 -0.359739
0.58252 -0.359322
0.583008 -0.358904
0.583496 -0.358487
0.583984 -0.358069
0.584473 -0.357652
0.584961 -0.357234
0.585449 -0.356817
0.585938 -0.356399
0.586426 -0.355982
0.586914 -0.355564
0.587402 -0.355147
0.587891 -0.354729
0.588379 -0.354311
0.588867 -0.353894
0.589355 -0.353476
0.589844 -0.353059
0.590332 -0.352641
0.59082 -0.352223
0.591309 -0.351806
0.591797 -0.351388
0.592285 -0.350971
0.592773 -0.350553
0.593262 -0.350135
0.59375 -0.349718
0.594238 -0.3493
0.594727 -0.348882
0.595215 -0.348464
0.595703 -0.348047
0.596191 -0.347629
0.59668 -0.347211
0.597168 -0.346794
0.597656 -0.346376
0.598145 -0.345958
0.598633 -0.34554
0.599121 -0.345122
0.599609 -0.344705
0.600098 -0.344287
0.600586 -0.343869
0.601074 -0.343451
0.601562 -0.343033
0.602051 -0.342615
0.602539 -0.342198
0.603027 -0.34178
0.603516 -0.341362
0.604004 -0.340944
0.604492 -0.340526
0.60498 -0.340108
0.605469 -0.33969
0.605957 -0.339272
0.606445 -0.338854
0.606934 -0.338436
0.607422 -0.338018
0.60791 -0.3376
0.608398 -0.337182
0.608887 -0.336765
0.609375 -0.336347
0.609863 -0.335928
0.610352 -0.33551
0.61084 -0.335092
0.611328 -0.334674
0.611816 -0.334256
0.612305 -0.333838
0.612793 -0.33342
0.613281 -0.333002
0.61377 -0.332584
0.614258 -0.332166
0.614746 -0.331748
0.615234 -0.33133
0.615723 -0.330912
0.616211 -0.330494
0.616699 -0.330075
0.617188 -0.329657
0.617676 -0.329239
0.618164 -0.328821
0.618652 -0.328403
0.619141 -0.327985
0.619629 -0.327566
0.620117 -0.327148
0.620605 -0.32673
0.621094 -0.326312
0.621582 -0.325893
0.62207 -0.325475
0.622559 -0.325057
0.623047 -0.324639
0.623535 -0.32422
0.624023 -0.323802
0.624512 -0.323384
0.625 -0.322966
0.625488 -0.322547
0.625977 -0.322129
0.626465 -0.321711
0.626953 -0.321292
0.627441 -0.320874
0.62793 -0.320456
0.628418 -0.320037
0.628906 -0.319619
0.629395 -0.3192
0.629883 -0.318782
0.630371 -0.318364
0.630859 -0.317945
0.631348 -0.317527
0.631836 -0.317108
0.632324 -0.31669
0.632812 -0.316271
0.633301 -0.315853
0.633789 -0.315435
0.634277 -0.315016
0.634766 -0.314598
0.635254 -0.314179
0.635742 -0.313761
0.63623 -0.313342
0.636719 -0.312924
0.637207 -0.312505
0.637695 -0.312087
0.638184 -0.311668
0.638672 -0.311249
0.63916 -0.310831
0.639648 -0.310412
0.640137 -0.309994
0.640625 -0.309575
0.641113 -0.309157
0.641602 -0.308738
0.64209 -0.308319
0.642578 -0.307901
0.643066 -0.307482
0.643555 -0.307063
0.644043 -0.306645
0.644531 -0.306226
0.64502 -0.305807
0.645508 -0.305389
0.645996 -0.30497
0.646484 -0.304551
0.646973 -0.304133
0.647461 -0.303714
0.647949 -0.303295
0.648438 -0.302877
0.648926 -0.302458
0.649414 -0.302039
0.649902 -0.30162
0.650391 -0.301202
0.650879 -0.300783
0.651367 -0.300364
0.651855 -0.299945
0.652344 -0.299526
0.652832 -0.299108
0.65332 -0.298689
0.653809 -0.29827
0.654297 -0.297851
0.654785 -0.297432
0.655273 -0.297014
0.655762 -0.296595
0.65625 -0.296176
0.656738 -0.295757
0.657227 -0.295338
0.657715 -0.294919
0.658203 -0.2945
0.658691 -0.294081
0.65918 -0.293662
0.659668 -0.293244
0.660156 -0.292825
0.660645 -0.292406
0.661133 -0.291987
0.661621 -0.291568
0.662109 -0.291149
0.662598 -0.29073
0.663086 -0.290311
0.663574 -0.289892
0.664062 -0.289473
0.664551 -0.289054
0.665039 -0.288635
0.665527 -0.288216
0.666016 -0.287797
0.666504 -0.287378
0.666992 -0.286959
0.66748 -0.28654
0.667969 -0.286121
0.668457 -0.285702
0.668945 -0.285283
0.669434 -0.284864
0.669922 -0.284444
0.67041 -0.284025
0.670898 -0.283606
0.671387 -0.283187
0.671875 -0.282768
0.672363 -0.282349
0.672852 -0.28193
0.67334 -0.281511
0.673828 -0.281092
0.674316 -0.280672
0.674805 -0.280253
0.675293 -0.279834
0.675781 -0.279415
0.67627 -0.278996
0.676758 -0.278577
0.677246 -0.278157
0.677734 -0.277738
0.678223 -0.277319
0.678711 -0.2769
0.679199 -0.27648
0.679688 -0.276061
0.680176 -0.275642
0.680664 -0.275223
0.681152 -0.274803
0.681641 -0.274384
0.682129 -0.273965
0.682617 -0.273546
0.683105 -0.273126
0.683594 -0.272707
0.684082 -0.272288
0.68457 -0.271868
0.685059 -0.271449
0.685547 -0.27103
0.686035 -0.27061
0.686523 -0.270191
0.687012 -0.269772
0.6875 -0.269352
0.687988 -0.268933
0.688477 -0.268514
0.688965 -0.268094
0.689453 -0.267675
0.689941 -0.267255
0.69043 -0.266836
0.690918 -0.266417
0.691406 -0.265997
0.691895 -0.265578
0.692383 -0.265158
0.692871 -0.264739
0.693359 -0.26432
0.693848 -0.2639
0.694336 -0.263481
0.694824 -0.263061
0.695312 -0.262642
0.695801 -0.262222
0.696289 -0.261803
0.696777 -0.261383
0.697266 -0.260964
0.697754 -0.260544
0.698242 -0.260125
0.69873 -0.259705
0.699219 -0.259286
0.699707 -0.258866
0.700195 -0.258447
0.700684 -0.258027
0.701172 -0.257607
0.70166 -0.257188
0.702148 -0.256768
0.702637 -0.256349
0.703125 -0.255929
0.703613 -0.25551
0.704102 -0.25509
0.70459 -0.25467
0.705078 -0.254251
0.705566 -0.253831
0.706055 -0.253412
0.706543 -0.252992
0.707031 -0.252572
0.70752 -0.252153
0.708008 -0.251733
0.708496 -0.251313
0.708984 -0.250894
0.709473 -0.250474
0.709961 -0.250054
0.710449 -0.249635
0.710938 -0.249215
0.711426 -0.248795
0.711914 -0.248376
0.712402 -0.247956
0.712891 -0.247536
0.713379 -0.247116
0.713867 -0.246697
0.714355 -0.246277
0.714844 -0.245857
0.715332 -0.245437
0.71582 -0.245018
0.716309 -0.244598
0.716797 -0.244178
0.717285 -0.243758
0.717773 -0.243339
0.718262 -0.242919
0.71875 -0.242499
0.719238 -0.242079
0.719727 -0.241659
0.720215 -0.241239
0.720703 -0.24082
0.721191 -0.2404
0.72168 -0.23998
0.722168 -0.23956
0.722656 -0.23914
0.723145 -0.23872
0.723633 -0.238301
0.724121 -0.237881
0.724609 -0.237461
0.725098 -0.237041
0.725586 -0.236621
0.726074 -0.236201
0.726562 -0.235781
0.727051 -0.235361
0.727539 -0.234941
0.728027 -0.234522
0.728516 -0.234102
0.729004 -0.233682
0.729492 -0.233262
0.72998 -0.232842
0.730469 -0.232422
0.730957 -0.232002
0.731445 -0.231582
0.731934 -0.231162
0.732422 -0.230742
0.73291 -0.230322
0.733398 -0.229902
0.733887 -0.229482
0.734375 -0.229062
0.734863 -0.228642
0.735352 -0.228222
0.73584 -0.227802
0.736328 -0.227382
0.736816 -0.226962
0.737305 -0.226542
0.737793 -0.226122
0.738281 -0.225702
0.73877 -0.225282
0.739258 -0.224862
0.739746 -0.224442
0.740234 -0.224022
0.740723 -0.223602
0.741211 -0.223181
0.741699 -0.222761
0.742188 -0.222341
0.742676 -0.221921
0.743164 -0.221501
0.743652 -0.221081
0.744141 -0.220661
0.744629 -0.220241
0.745117 -0.219821
0.745605 -0.2194
0.746094 -0.21898
0.746582 -0.21856
0.74707 -0.21814
0.747559 -0.21772
0.748047 -0.2173
0.748535 -0.21688
0.749023 -0.216459
0.749512 -0.216039
0.75 -0.215619
0.750488 -0.215199
0.750977 -0.214779
0.751465 -0.214358
0.751953 -0.213938
0.752441 -0.213518
0.75293 -0.213098
0.753418 -0.212678
0.753906 -0.212257
0.754395 -0.211837
0.754883 -0.211417
0.755371 -0.210997
0.755859 -0.210576
0.756348 -0.210156
0.756836 -0.209736
0.757324 -0.209316
0.757812 -0.208895
0.758301 -0.208475
0.758789 -0.208055
0.759277 -0.207634
0.759766 -0.207214
0.760254 -0.206794
0.760742 -0.206374
0.76123 -0.205953
0.761719 -0.205533
0.762207 -0.205113
0.762695 -0.204692
0.763184 -0.204272
0.763672 -0.203852
0.76416 -0.203431
0.764648 -0.203011
0.765137 -0.202591
0.765625 -0.20217
0.766113 -0.20175
0.766602 -0.201329
0.76709 -0.200909
0.767578 -0.200489
0.768066 -0.200068
0.768555 -0.199648
0.769043 -0.199228
0.769531 -0.198807
0.77002 -0.198387
0.770508 -0.197966
0.770996 -0.197546
0.771484 -0.197125
0.771973 -0.196705
0.772461 -0.196285
0.772949 -0.195864
0.773438 -0.195444
0.773926 -0.195023
0.774414 -0.194603
0.774902 -0.194182
0.775391 -0.193762
0.775879 -0.193341
0.776367 -0.192921
0.776855 -0.1925
0.777344 -0.19208
0.777832 -0.19166
0.77832 -0.191239
0.778809 -0.190819
0.779297 -0.190398
0.779785 -0.189978
0.780273 -0.189557
0.780762 -0.189137
0.78125 -0.188716
0.781738 -0.188295
0.782227 -0.187875
0.782715 -0.187454
0.783203 -0.187034
0.783691 -0.186613
0.78418 -0.186193
0.784668 -0.185772
0.785156 -0.185352
0.785645 -0.184931
0.786133 -0.184511
0.786621 -0.18409
0.787109 -0.183669
0.787598 -0.183249
0.788086 -0.182828
0.788574 -0.182408
0.789062 -0.181987
0.789551 -0.181566
0.790039 -0.181146
0.790527 -0.180725
0.791016 -0.180305
0.791504 -0.179884
0.791992 -0.179463
0.79248 -0.179043
0.792969 -0.178622
0.793457 -0.178202
0.793945 -0.177781
0.794434 -0.17736
0.794922 -0.17694
0.79541 -0.176519
0.795898 -0.176098
0.796387 -0.175678
0.796875 -0.175257
0.797363 -0.174836
0.797852 -0.174416
0.79834 -0.173995
0.798828 -0.173574
0.799316 -0.173154
0.799805 -0.172733
0.800293 -0.172312
0.800781 -0.171892
0.80127 -0.171471
0.801758 -0.17105
0.802246 -0.170629
0.802734 -0.170209
0.803223 -0.169788
0.803711 -0.169367
0.804199 -0.168947
0.804688 -0.168526
0.805176 -0.168105
0.805664 -0.167684
0.806152 -0.167264
0.806641 -0.166843
0.807129 -0.166422
0.807617 -0.166001
0.808105 -0.165581
0.808594 -0.16516
0.809082 -0.164739
0.80957 -0.164318
0.810059 -0.163897
0.810547 -0.163477
0.811035 -0.163056
0.811523 -0.162635
0.812012 -0.162214
0.8125 -0.161794
0.812988 -0.161373
0.813477 -0.160952
0.813965 -0.160531
0.814453 -0.16011
0.814941 -0.15969
0.81543 -0.159269
0.815918 -0.158848
0.816406 -0.158427
0.816895 -0.158006
0.817383 -0.157585
0.817871 -0.157165
0.818359 -0.156744
0.818848 -0.156323
0.819336 -0.155902
0.819824 -0.155481
0.820312 -0.15506
0.820801 -0.15464
0.821289 -0.154219
0.821777 -0.153798
0.822266 -0.153377
0.822754 -0.152956
0.823242 -0.152535
0.82373 -0.152114
0.824219 -0.151694
0.824707 -0.151273
0.825195 -0.150852
0.825684 -0.150431
0.826172 -0.15001
0.82666 -0.149589
0.827148 -0.149168
0.827637 -0.148747
0.828125 -0.148326
0.828613 -0.147906
0.829102 -0.147485
0.82959 -0.147064
0.830078 -0.146643
0.830566 -0.146222
0.831055 -0.145801
0.831543 -0.14538
0.832031 -0.144959
0.83252 -0.144538
0.833008 -0.144117
0.833496 -0.143696
0.833984 -0.143275
0.834473 -0.142854
0.834961 -0.142434
0.835449 -0.142013
0.835938 -0.141592
0.836426 -0.141171
0.836914 -0.14075
0.837402 -0.140329
0.837891 -0.139908
0.838379 -0.139487
0.838867 -0.139066
0.839355 -0.138645
0.839844 -0.138224
0.840332 -0.137803
0.84082 -0.137382
0.841309 -0.136961
0.841797 -0.13654
0.842285 -0.136119
0.842773 -0.135698
0.843262 -0.135277
0.84375 -0.134856
0.844238 -0.134435
0.844727 -0.134014
0.845215 -0.133593
0.845703 -0.133172
0.846191 -0.132751
0.84668 -0.13233
0.847168 -0.131909
0.847656 -0.131488
0.848145 -0.131067
0.848633 -0.130646
0.849121 -0.130225
0.849609 -0.129804
0.850098 -0.129383
0.850586 -0.128962
0.851074 -0.128541
0.851562 -0.12812
0.852051 -0.127699
0.852539 -0.127278
0.853027 -0.126857
0.853516 -0.126436
0.854004 -0.126015
0.854492 -0.125594
0.85498 -0.125173
0.855469 -0.124752
0.855957 -0.124331
0.856445 -0.12391
0.856934 -0.123489
0.857422 -0.123068
0.85791 -0.122647
0.858398 -0.122226
0.858887 -0.121805
0.859375 -0.121384
0.859863 -0.120963
0.860352 -0.120542
0.86084 -0.120121
0.861328 -0.1197
0.861816 -0.119279
0.862305 -0.118858
0.862793 -0.118437
0.863281 -0.118016
0.86377 -0.117594
0.864258 -0.117173
0.864746 -0.116752
0.865234 -0.116331
0.865723 -0.11591
0.866211 -0.115489
0.866699 -0.115068
0.867188 -0.114647
0.867676 -0.114226
0.868164 -0.113805
0.868652 -0.113384
0.869141 -0.112963
0.869629 -0.112542
0.870117 -0.112121
0.870605 -0.1117
0.871094 -0.111279
0.871582 -0.110858
0.87207 -0.110437
0.872559 -0.110016
0.873047 -0.109595
0.873535 -0.109174
0.874023 -0.108752
0.874512 -0.108331
0.875 -0.10791
0.875488 -0.107489
0.875977 -0.107068
0.876465 -0.106647
0.876953 -0.106226
0.877441 -0.105805
0.87793 -0.105384
0.878418 -0.104963
0.878906 -0.104542
0.879395 -0.104121
0.879883 -0.1037
0.880371 -0.103279
0.880859 -0.102858
0.881348 -0.102437
0.881836 -0.102016
0.882324 -0.101595
0.882812 -0.101174
0.883301 -0.100753
0.883789 -0.100332
0.884277 -0.0999105
0.884766 -0.0994894
0.885254 -0.0990684
0.885742 -0.0986474
0.88623 -0.0982263
0.886719 -0.0978053
0.887207 -0.0973843
0.887695 -0.0969632
0.888184 -0.0965422
0.888672 -0.0961212
0.88916 -0.0957001
0.889648 -0.0952791
0.890137 -0.0948581
0.890625 -0.0944371
0.891113 -0.094016
0.891602 -0.093595
0.89209 -0.093174
0.892578 -0.092753
0.893066 -0.092332
0.893555 -0.091911
0.894043 -0.0914899
0.894531 -0.0910689
0.89502 -0.0906479
0.895508 -0.0902269
0.895996 -0.0898059
0.896484 -0.0893849
0.896973 -0.0889639
0.897461 -0.0885429
0.897949 -0.0881219
0.898438 -0.0877009
0.898926 -0.0872799
0.899414 -0.0868589
0.899902 -0.0864379
0.900391 -0.086017
0.900879 -0.085596
0.901367 -0.085175
0.901855 -0.084754
0.902344 -0.084333
0.902832 -0.0839121
0.90332 -0.0834911
0.903809 -0.0830701
0.904297 -0.0826491
0.904785 -0.0822282
0.905273 -0.0818072
0.905762 -0.0813863
0.90625 -0.0809653
0.906738 -0.0805444
0.907227 -0.0801234
0.907715 -0.0797025
0.908203 -0.0792815
0.908691 -0.0788606
0.90918 -0.0784396
0.909668 -0.0780187
0.910156 -0.0775978
0.910645 -0.0771768
0.911133 -0.0767559
0.911621 -0.076335
0.912109 -0.0759141
0.912598 -0.0754931
0.913086 -0.0750722
0.913574 -0.0746513
0.914062 -0.0742304
0.914551 -0.0738095
0.915039 -0.0733886
0.915527 -0.0729677
0.916016 -0.0725468
0.916504 -0.0721259
0.916992 -0.071705
0.91748 -0.0712841
0.917969 -0.0708633
0.918457 -0.0704424
0.918945 -0.0700215
0.919434 -0.0696007
0.919922 -0.0691798
0.92041 -0.0687589
0.920898 -0.0683381
0.921387 -0.0679172
0.921875 -0.0674964
0.922363 -0.0670755
0.922852 -0.0666547
0.92334 -0.0662338
0.923828 -0.065813
0.924316 -0.0653922
0.924805 -0.0649713
0.925293 -0.0645505
0.925781 -0.0641297
0.92627 -0.0637089
0.926758 -0.0632881
0.927246 -0.0628673
0.927734 -0.0624465
0.928223 -0.0620257
0.928711 -0.0616049
0.929199 -0.0611841
0.929688 -0.0607633
0.930176 -0.0603425
0.930664 -0.0599217
0.931152 -0.059501
0.931641 -0.0590802
0.932129 -0.0586594
0.932617 -0.0582387
0.933105 -0.0578179
0.933594 -0.0573971
0.934082 -0.0569764
0.93457 -0.0565557
0.935059 -0.0561349
0.935547 -0.0557142
0.936035 -0.0552934
0.936523 -0.0548727
0.937012 -0.054452
0.9375 -0.0540313
0.937988 -0.0536106
0.938477 -0.0531899
0.938965 -0.0527692
0.939453 -0.0523485
0.939941 -0.0519278
0.94043 -0.0515071
0.940918 -0.0510864
0.941406 -0.0506657
0.941895 -0.050245
0.942383 -0.0498243
0.942871 -0.0494037
0.943359 -0.048983
0.943848 -0.0485623
0.944336 -0.0481417
0.944824 -0.047721
0.945312 -0.0473004
0.945801 -0.0468797
0.946289 -0.0464591
0.946777 -0.0460385
0.947266 -0.0456178
0.947754 -0.0451972
0.948242 -0.0447766
0.94873 -0.044356
0.949219 -0.0439354
0.949707 -0.0435147
0.950195 -0.0430941
0.950684 -0.0426735
0.951172 -0.0422529
0.95166 -0.0418324
0.952148 -0.0414118
0.952637 -0.0409912
0.953125 -0.0405706
0.953613 -0.04015
0.954102 -0.0397295
0.95459 -0.0393089
0.955078 -0.0388883
0.955566 -0.0384678
0.956055 -0.0380472
0.956543 -0.0376267
0.957031 -0.0372061
0.95752 -0.0367856
0.958008 -0.0363651
0.958496 -0.0359445
0.958984 -0.035524
0.959473 -0.0351035
0.959961 -0.0346829
0.960449 -0.0342624
0.960938 -0.0338419
0.961426 -0.0334214
0.961914 -0.0330009
0.962402 -0.0325804
0.962891 -0.0321599
0.963379 -0.0317394
0.963867 -0.0313189
0.964355 -0.0308984
0.964844 -0.0304779
0.965332 -0.0300575
0.96582 -0.029637
0.966309 -0.0292165
0.966797 -0.0287961
0.967285 -0.0283756
0.967773 -0.0279551
0.968262 -0.0275347
0.96875 -0.0271142
0.969238 -0.0266938
0.969727 -0.0262733
0.970215 -0.0258529
0.970703 -0.0254324
0.971191 -0.025012
0.97168 -0.0245916
0.972168 -0.0241711
0.972656 -0.0237507
0.973145 -0.0233303
0.973633 -0.0229099
0.974121 -0.0224894
0.974609 -0.022069
0.975098 -0.0216486
0.975586 -0.0212282
0.976074 -0.0208078
0.976562 -0.0203874
0.977051 -0.019967
0.977539 -0.0195466
0.978027 -0.0191262
0.978516 -0.0187058
0.979004 -0.0182854
0.979492 -0.017865
0.97998 -0.0174446
0.980469 -0.0170242
0.980957 -0.0166039
0.981445 -0.0161835
0.981934 -0.0157631
0.982422 -0.0153427
0.98291 -0.0149223
0.983398 -0.014502
0.983887 -0.0140816
0.984375 -0.0136612
0.984863 -0.0132409
0.985352 -0.0128205
0.98584 -0.0124001
0.986328 -0.0119798
0.986816 -0.0115594
0.987305 -0.0111391
0.987793 -0.0107187
0.988281 -0.0102984
0.98877 -0.00987801
0.989258 -0.00945766
0.989746 -0.00903731
0.990234 -0.00861696
0.990723 -0.00819661
0.991211 -0.00777627
0.991699 -0.00735592
0.992188 -0.00693558
0.992676 -0.00651523
0.993164 -0.00609489
0.993652 -0.00567455
0.994141 -0.00525421
0.994629 -0.00483387
0.995117 -0.00441353
0.995605 -0.00399319
0.996094 -0.00357286
0.996582 -0.00315252
0.99707 -0.00273218
0.997559 -0.00231185
0.998047 -0.00189151
0.998535 -0.00147117
0.999023 -0.00105084
0.999512 -0.000630503
1 -0.000210168
