0 0.000285377
0.000488281 0.000856132
0.000976562 0.00142689
0.00146484 0.00199764
0.00195312 0.0025684
0.00244141 0.00313916
0.00292969 0.00370992
0.00341797 0.00428068
0.00390625 0.00485144
0.00439453 0.0054222
0.00488281 0.00599297
0.00537109 0.00656374
0.00585938 0.00713451
0.00634766 0.00770528
0.00683594 0.00827606
0.00732422 0.00884684
0.0078125 0.00941762
0.00830078 0.00998841
0.00878906 0.0105592
0.00927734 0.01113
0.00976562 0.0117008
0.0102539 0.0122716
0.0107422 0.0128424
0.0112305 0.0134132
0.0117188 0.013984
0.012207 0.0145549
0.0126953 0.0151257
0.0131836 0.0156965
0.0136719 0.0162674
0.0141602 0.0168382
0.0146484 0.0174091
0.0151367 0.0179799
0.015625 0.0185508
0.0161133 0.0191217
0.0166016 0.0196926
0.0170898 0.0202635
0.0175781 0.0208344
0.0180664 0.0214053
0.0185547 0.0219762
0.019043 0.0225471
0.0195312 0.023118
0.0200195 0.023689
0.0205078 0.0242599
0.0209961 0.0248309
0.0214844 0.0254018
0.0219727 0.0259728
0.0224609 0.0265438
0.0229492 0.0271148
0.0234375 0.0276858
0.0239258 0.0282568
0.0244141 0.0288278
0.0249023 0.0293988
0.0253906 0.0299698
0.0258789 0.0305409
0.0263672 0.031112
0.0268555 0.031683
0.0273438 0.0322541
0.027832 0.0328252
0.0283203 0.0333963
0.0288086 0.0339674
0.0292969 0.0345385
0.0297852 0.0351097
0.0302734 0.0356808
0.0307617 0.036252
0.03125 0.0368231
0.0317383 0.0373943
0.0322266 0.0379655
0.0327148 0.0385367
0.0332031 0.0391079
0.0336914 0.0396791
0.0341797 0.0402504
0.034668 0.0408216
0.0351562 0.0413929
0.0356445 0.0419641
0.0361328 0.0425354
0.0366211 0.0431067
0.0371094 0.043678
0.0375977 0.0442493
0.0380859 0.0448206
0.0385742 0.045392
0.0390625 0.0459633
0.0395508 0.0465347
0.0400391 0.0471061
0.0405273 0.0476775
0.0410156 0.0482489
0.0415039 0.0488203
0.0419922 0.0493917
0.0424805 0.0499631
0.0429688 0.0505346
0.043457 0.051106
0.0439453 0.0516775
0.0444336 0.052249
0.0449219 0.0528205
0.0454102 0.053392
0.0458984 0.0539635
0.0463867 0.0545351
0.046875 0.0551066
0.0473633 0.0556782
0.0478516 0.0562497
0.0483398 0.0568213
0.0488281 0.0573929
0.0493164 0.0579645
0.0498047 0.0585361
0.050293 0.0591077
0.0507812 0.0596794
0.0512695 0.060251
0.0517578 0.0608227
0.0522461 0.0613943
0.0527344 0.061966
0.0532227 0.0625377
0.0537109 0.0631094
0.0541992 0.0636811
0.0546875 0.0642529
0.0551758 0.0648246
0.0556641 0.0653963
0.0561523 0.0659681
0.0566406 0.0665399
0.0571289 0.0671116
0.0576172 0.0676834
0.0581055 0.0682552
0.0585938 0.068827
0.059082 0.0693989
0.0595703 0.0699707
0.0600586 0.0705425
0.0605469 0.0711144
0.0610352 0.0716862
0.0615234 0.0722581
0.0620117 0.07283
0.0625 0.0734019
0.0629883 0.0739737
0.0634766 0.0745456
0.0639648 0.0751176
0.0644531 0.0756895
0.0649414 0.0762614
0.0654297 0.0768333
0.065918 0.0774053
0.0664062 0.0779772
0.0668945 0.0785492
0.0673828 0.0791212
0.0678711 0.0796932
0.0683594 0.0802651
0.0688477 0.0808371
0.0693359 0.0814091
0.0698242 0.0819811
0.0703125 0.0825531
0.0708008 0.0831252
0.0712891 0.0836972
0.0717773 0.0842692
0.0722656 0.0848413
0.0727539 0.0854133
0.0732422 0.0859854
0.0737305 0.0865574
0.0742188 0.0871295
0.074707 0.0877016
0.0751953 0.0882736
0.0756836 0.0888457
0.0761719 0.0894178
0.0766602 0.0899899
0.0771484 0.090562
0.0776367 0.0911341
0.078125 0.0917062
0.0786133 0.0922783
0.0791016 0.0928504
0.0795898 0.0934225
0.0800781 0.0939947
0.0805664 0.0945668
0.0810547 0.0951389
0.081543 0.0957111
0.0820312 0.0962832
0.0825195 0.0968553
0.0830078 0.0974275
0.0834961 0.0979996
0.0839844 0.0985718
0.0844727 0.0991439
0.0849609 0.0997161
0.0854492 0.100288
0.0859375 0.10086
0.0864258 0.101433
0.0869141 0.102005
0.0874023 0.102577
0.0878906 0.103149
0.0883789 0.103721
0.0888672 0.104293
0.0893555 0.104866
0.0898438 0.105438
0.090332 0.10601
0.0908203 0.106582
0.0913086 0.107154
0.0917969 0.107726
0.0922852 0.108299
0.0927734 0.108871
0.0932617 0.109443
0.09375 0.110015
0.0942383 0.110587
0.0947266 0.111159
0.0952148 0.111732
0.0957031 0.112304
0.0961914 0.112876
0.0966797 0.113448
0.097168 0.11402
0.0976562 0.114593
0.0981445 0.115165
0.0986328 0.115737
0.0991211 0.116309
0.0996094 0.116881
0.100098 0.117453
0.100586 0.118025
0.101074 0.118598
0.101562 0.11917
0.102051 0.119742
0.102539 0.120314
0.103027 0.120886
0.103516 0.121458
0.104004 0.122031
0.104492 0.122603
0.10498 0.123175
0.105469 0.123747
0.105957 0.124319
0.106445 0.124891
0.106934 0.125463
0.107422 0.126035
0.10791 0.126608
0.108398 0.12718
0.108887 0.127752
0.109375 0.128324
0.109863 0.128896
0.110352 0.129468
0.11084 0.13004
0.111328 0.130612
0.111816 0.131184
0.112305 0.131756
0.112793 0.132328
0.113281 0.1329
0.11377 0.133473
0.114258 0.134045
0.114746 0.134617
0.115234 0.135189
0.115723 0.135761
0.116211 0.136333
0.116699 0.136905
0.117188 0.137477
0.117676 0.138049
0.118164 0.138621
0.118652 0.139193
0.119141 0.139765
0.119629 0.140337
0.120117 0.140909
0.120605 0.141481
0.121094 0.142053
0.121582 0.142625
0.12207 0.143197
0.122559 0.143769
0.123047 0.14434
0.123535 0.144912
0.124023 0.145484
0.124512 0.146056
0.125 0.146628
0.125488 0.1472
0.125977 0.147772
0.126465 0.148344
0.126953 0.148916
0.127441 0.149488
0.12793 0.150059
0.128418 0.150631
0.128906 0.151203
0.129395 0.151775
0.129883 0.152347
0.130371 0.152919
0.130859 0.15349
0.131348 0.154062
0.131836 0.154634
0.132324 0.155206
0.132812 0.155778
0.133301 0.156349
0.133789 0.156921
0.134277 0.157493
0.134766 0.158065
0.135254 0.158636
0.135742 0.159208
0.13623 0.15978
0.136719 0.160352
0.137207 0.160923
0.137695 0.161495
0.138184 0.162067
0.138672 0.162638
0.13916 0.16321
0.139648 0.163782
0.140137 0.164353
0.140625 0.164925
0.141113 0.165496
0.141602 0.166068
0.14209 0.16664
0.142578 0.167211
0.143066 0.167783
0.143555 0.168354
0.144043 0.168926
0.144531 0.169498
0.14502 0.170069
0.145508 0.170641
0.145996 0.171212
0.146484 0.171784
0.146973 0.172355
0.147461 0.172927
0.147949 0.173498
0.148438 0.17407
0.148926 0.174641
0.149414 0.175212
0.149902 0.175784
0.150391 0.176355
0.150879 0.176927
0.151367 0.177498
0.151855 0.17807
0.152344 0.178641
0.152832 0.179212
0.15332 0.179784
0.153809 0.180355
0.154297 0.180926
0.154785 0.181498
0.155273 0.182069
0.155762 0.18264
0.15625 0.183212
0.156738 0.183783
0.157227 0.184354
0.157715 0.184925
0.158203 0.185497
0.158691 0.186068
0.15918 0.186639
0.159668 0.18721
0.160156 0.187782
0.160645 0.188353
0.161133 0.188924
0.161621 0.189495
0.162109 0.190066
0.162598 0.190637
0.163086 0.191208
0.163574 0.19178
0.164062 0.192351
0.164551 0.192922
0.165039 0.193493
0.165527 0.194064
0.166016 0.194635
0.166504 0.195206
0.166992 0.195777
0.16748 0.196348
0.167969 0.196919
0.168457 0.19749
0.168945 0.198061
0.169434 0.198632
0.169922 0.199203
0.17041 0.199774
0.170898 0.200345
0.171387 0.200916
0.171875 0.201487
0.172363 0.202057
0.172852 0.202628
0.17334 0.203199
0.173828 0.20377
0.174316 0.204341
0.174805 0.204912
0.175293 0.205483
0.175781 0.206053
0.17627 0.206624
0.176758 0.207195
0.177246 0.207766
0.177734 0.208336
0.178223 0.208907
0.178711 0.209478
0.179199 0.210049
0.179688 0.210619
0.180176 0.21119
0.180664 0.211761
0.181152 0.212331
0.181641 0.212902
0.182129 0.213472
0.182617 0.214043
0.183105 0.214614
0.183594 0.215184
0.184082 0.215755
0.18457 0.216325
0.185059 0.216896
0.185547 0.217466
0.186035 0.218037
0.186523 0.218607
0.187012 0.219178
0.1875 0.219748
0.187988 0.220319
0.188477 0.220889
0.188965 0.22146
0.189453 0.22203
0.189941 0.2226
0.19043 0.223171
0.190918 0.223741
0.191406 0.224311
0.191895 0.224882
0.192383 0.225452
0.192871 0.226022
0.193359 0.226593
0.193848 0.227163
0.194336 0.227733
0.194824 0.228303
0.195312 0.228874
0.195801 0.229444
0.196289 0.230014
0.196777 0.230584
0.197266 0.231154
0.197754 0.231725
0.198242 0.232295
0.19873 0.232865
0.199219 0.233435
0.199707 0.234005
0.200195 0.234575
0.200684 0.235145
0.201172 0.235715
0.20166 0.236285
0.202148 0.236855
0.202637 0.237425
0.203125 0.237995
0.203613 0.238565
0.204102 0.239135
0.20459 0.239705
0.205078 0.240275
0.205566 0.240845
0.206055 0.241415
0.206543 0.241985
0.207031 0.242554
0.20752 0.243124
0.208008 0.243694
0.208496 0.244264
0.208984 0.244834
0.209473 0.245403
0.209961 0.245973
0.210449 0.246543
0.210938 0.247113
0.211426 0.247682
0.211914 0.248252
0.212402 0.248822
0.212891 0.249391
0.213379 0.249961
0.213867 0.250531
0.214355 0.2511
0.214844 0.25167
0.215332 0.252239
0.21582 0.252809
0.216309 0.253378
0.216797 0.253948
0.217285 0.254517
0.217773 0.255087
0.218262 0.255656
0.21875 0.256226
0.219238 0.256795
0.219727 0.257365
0.220215 0.257934
0.220703 0.258504
0.221191 0.259073
0.22168 0.259642
0.222168 0.260212
0.222656 0.260781
0.223145 0.26135
0.223633 0.261919
0.224121 0.262489
0.224609 0.263058
0.225098 0.263627
0.225586 0.264196
0.226074 0.264766
0.226562 0.265335
0.227051 0.265904
0.227539 0.266473
0.228027 0.267042
0.228516 0.267611
0.229004 0.26818
0.229492 0.268749
0.22998 0.269318
0.230469 0.269887
0.230957 0.270456
0.231445 0.271025
0.231934 0.271594
0.232422 0.272163
0.23291 0.272732
0.233398 0.273301
0.233887 0.27387
0.234375 0.274439
0.234863 0.275008
0.235352 0.275577
0.23584 0.276145
0.236328 0.276714
0.236816 0.277283
0.237305 0.277852
0.237793 0.278421
0.238281 0.278989
0.23877 0.279558
0.239258 0.280127
0.239746 0.280695
0.240234 0.281264
0.240723 0.281833
0.241211 0.282401
0.241699 0.28297
0.242188 0.283538
0.242676 0.284107
0.243164 0.284675
0.243652 0.285244
0.244141 0.285812
0.244629 0.286381
0.245117 0.286949
0.245605 0.287518
0.246094 0.288086
0.246582 0.288655
0.24707 0.289223
0.247559 0.289791
0.248047 0.29036
0.248535 0.290928
0.249023 0.291496
0.249512 0.292065
0.25 0.292633
0.250488 0.293201
0.250977 0.293769
0.251465 0.294338
0.251953 0.294906
0.252441 0.295474
0.25293 0.296042
0.253418 0.29661
0.253906 0.297178
0.254395 0.297746
0.254883 0.298314
0.255371 0.298882
0.255859 0.29945
0.256348 0.300018
0.256836 0.300586
0.257324 0.301154
0.257812 0.301722
0.258301 0.30229
0.258789 0.302858
0.259277 0.303426
0.259766 0.303994
0.260254 0.304561
0.260742 0.305129
0.26123 0.305697
0.261719 0.306265
0.262207 0.306833
0.262695 0.3074
0.263184 0.307968
0.263672 0.308536
0.26416 0.309103
0.264648 0.309671
0.265137 0.310238
0.265625 0.310806
0.266113 0.311374
0.266602 0.311941
0.26709 0.312509
0.267578 0.313076
0.268066 0.313644
0.268555 0.314211
0.269043 0.314779
0.269531 0.315346
0.27002 0.315913
0.270508 0.316481
0.270996 0.317048
0.271484 0.317615
0.271973 0.318183
0.272461 0.31875
0.272949 0.319317
0.273438 0.319884
0.273926 0.320452
0.274414 0.321019
0.274902 0.321586
0.275391 0.322153
0.275879 0.32272
0.276367 0.323287
0.276855 0.323854
0.277344 0.324421
0.277832 0.324988
0.27832 0.325555
0.278809 0.326122
0.279297 0.326689
0.279785 0.327256
0.280273 0.327823
0.280762 0.32839
0.28125 0.328957
0.281738 0.329524
0.282227 0.330091
0.282715 0.330657
0.283203 0.331224
0.283691 0.331791
0.28418 0.332358
0.284668 0.332924
0.285156 0.333491
0.285645 0.334058
0.286133 0.334624
0.286621 0.335191
0.287109 0.335757
0.287598 0.336324
0.288086 0.336891
0.288574 0.337457
0.289062 0.338024
0.289551 0.33859
0.290039 0.339156
0.290527 0.339723
0.291016 0.340289
0.291504 0.340856
0.291992 0.341422
0.29248 0.341988
0.292969 0.342555
0.293457 0.343121
0.293945 0.343687
0.294434 0.344253
0.294922 0.344819
0.29541 0.345386
0.295898 0.345952
0.296387 0.346518
0.296875 0.347084
0.297363 0.34765
0.297852 0.348216
0.29834 0.348782
0.298828 0.349348
0.299316 0.349914
0.299805 0.35048
0.300293 0.351046
0.300781 0.351612
0.30127 0.352178
0.301758 0.352743
0.302246 0.353309
0.302734 0.353875
0.303223 0.354441
0.303711 0.355006
0.304199 0.355572
0.304688 0.356138
0.305176 0.356703
0.305664 0.357269
0.306152 0.357835
0.306641 0.3584
0.307129 0.358966
0.307617 0.359531
0.308105 0.360097
0.308594 0.360662
0.309082 0.361228
0.30957 0.361793
0.310059 0.362359
0.310547 0.362924
0.311035 0.363489
0.311523 0.364055
0.312012 0.36462
0.3125 0.365185
0.312988 0.36575
0.313477 0.366315
0.313965 0.366881
0.314453 0.367446
0.314941 0.368011
0.31543 0.368576
0.315918 0.369141
0.316406 0.369706
0.316895 0.370271
0.317383 0.370836
0.317871 0.371401
0.318359 0.371966
0.318848 0.372531
0.319336 0.373096
0.319824 0.373661
0.320312 0.374225
0.320801 0.37479
0.321289 0.375355
0.321777 0.37592
0.322266 0.376484
0.322754 0.377049
0.323242 0.377614
0.32373 0.378178
0.324219 0.378743
0.324707 0.379307
0.325195 0.379872
0.325684 0.380437
0.326172 0.381001
0.32666 0.381565
0.327148 0.38213
0.327637 0.382694
0.328125 0.383259
0.328613 0.383823
0.329102 0.384387
0.32959 0.384952
0.330078 0.385516
0.330566 0.38608
0.331055 0.386644
0.331543 0.387208
0.332031 0.387773
0.33252 0.388337
0.333008 0.388901
0.333496 0.389465
0.333984 0.390029
0.334473 0.390593
0.334961 0.391157
0.335449 0.391721
0.335938 0.392284
0.336426 0.392848
0.336914 0.393412
0.337402 0.393976
0.337891 0.39454
0.338379 0.395104
0.338867 0.395667
0.339355 0.396231
0.339844 0.396795
0.340332 0.397358
0.34082 0.397922
0.341309 0.398485
0.341797 0.399049
0.342285 0.399612
0.342773 0.400176
0.343262 0.400739
0.34375 0.401303
0.344238 0.401866
0.344727 0.402429
0.345215 0.402993
0.345703 0.403556
0.346191 0.404119
0.34668 0.404683
0.347168 0.405246
0.347656 0.405809
0.348145 0.406372
0.348633 0.406935
0.349121 0.407498
0.349609 0.408061
0.350098 0.408624
0.350586 0.409187
0.351074 0.40975
0.351562 0.410313
0.352051 0.410876
0.352539 0.411439
0.353027 0.412002
0.353516 0.412564
0.354004 0.413127
0.354492 0.41369
0.35498 0.414253
0.355469 0.414815
0.355957 0.415378
0.356445 0.41594
0.356934 0.416503
0.357422 0.417066
0.35791 0.417628
0.358398 0.41819
0.358887 0.418753
0.359375 0.419315
0.359863 0.419878
0.360352 0.42044
0.36084 0.421002
0.361328 0.421565
0.361816 0.422127
0.362305 0.422689
0.362793 0.423251
0.363281 0.423813
0.36377 0.424375
0.364258 0.424937
0.364746 0.425499
0.365234 0.426061
0.365723 0.426623
0.366211 0.427185
0.366699 0.427747
0.367188 0.428309
0.367676 0.428871
0.368164 0.429433
0.368652 0.429994
0.369141 0.430556
0.369629 0.431118
0.370117 0.43168
0.370605 0.432241
0.371094 0.432803
0.371582 0.433364
0.37207 0.433926
0.372559 0.434487
0.373047 0.435049
0.373535 0.43561
0.374023 0.436172
0.374512 0.436733
0.375 0.437294
0.375488 0.437855
0.375977 0.438417
0.376465 0.438978
0.376953 0.439539
0.377441 0.4401
0.37793 0.440661
0.378418 0.441222
0.378906 0.441783
0.379395 0.442344
0.379883 0.442905
0.380371 0.443466
0.380859 0.444027
0.381348 0.444588
0.381836 0.445149
0.382324 0.44571
0.382812 0.44627
0.383301 0.446831
0.383789 0.447392
0.384277 0.447952
0.384766 0.448513
0.385254 0.449073
0.385742 0.449634
0.38623 0.450194
0.386719 0.450755
0.387207 0.451315
0.387695 0.451876
0.388184 0.452436
0.388672 0.452996
0.38916 0.453557
0.389648 0.454117
0.390137 0.454677
0.390625 0.455237
0.391113 0.455797
0.391602 0.456357
0.39209 0.456917
0.392578 0.457477
0.393066 0.458037
0.393555 0.458597
0.394043 0.459157
0.394531 0.459717
0.39502 0.460277
0.395508 0.460837
0.395996 0.461396
0.396484 0.461956
0.396973 0.462516
0.397461 0.463075
0.397949 0.463635
0.398438 0.464194
0.398926 0.464754
0.399414 0.465313
0.399902 0.465873
0.400391 0.466432
0.400879 0.466992
0.401367 0.467551
0.401855 0.46811
0.402344 0.468669
0.402832 0.469229
0.40332 0.469788
0.403809 0.470347
0.404297 0.470906
0.404785 0.471465
0.405273 0.472024
0.405762 0.472583
0.40625 0.473142
0.406738 0.473701
0.407227 0.47426
0.407715 0.474818
0.408203 0.475377
0.408691 0.475936
0.40918 0.476495
0.409668 0.477053
0.410156 0.477612
0.410645 0.47817
0.411133 0.478729
0.411621 0.479287
0.412109 0.479846
0.412598 0.480404
0.413086 0.480962
0.413574 0.481521
0.414062 0.482079
0.414551 0.482637
0.415039 0.483195
0.415527 0.483754
0.416016 0.484312
0.416504 0.48487
0.416992 0.485428
0.41748 0.485986
0.417969 0.486544
0.418457 0.487102
0.418945 0.487659
0.419434 0.488217
0.419922 0.488775
0.42041 0.489333
0.420898 0.48989
0.421387 0.490448
0.421875 0.491006
0.422363 0.491563
0.422852 0.492121
0.42334 0.492678
0.423828 0.493236
0.424316 0.493793
0.424805 0.49435
0.425293 0.494908
0.425781 0.495465
0.42627 0.496022
0.426758 0.496579
0.427246 0.497136
0.427734 0.497694
0.428223 0.498251
0.428711 0.498808
0.429199 0.499365
0.429688 0.499921
0.430176 0.500478
0.430664 0.501035
0.431152 0.501592
0.431641 0.502149
0.432129 0.502705
0.432617 0.503262
0.433105 0.503819
0.433594 0.504375
0.434082 0.504932
0.43457 0.505488
0.435059 0.506045
0.435547 0.506601
0.436035 0.507157
0.436523 0.507714
0.437012 0.50827
0.4375 0.508826
0.437988 0.509382
0.438477 0.509938
0.438965 0.510494
0.439453 0.51105
0.439941 0.511606
0.44043 0.512162
0.440918 0.512718
0.441406 0.513274
0.441895 0.51383
0.442383 0.514385
0.442871 0.514941
0.443359 0.515497
0.443848 0.516052
0.444336 0.516608
0.444824 0.517163
0.445312 0.517719
0.445801 0.518274
0.446289 0.51883
0.446777 0.519385
0.447266 0.51994
0.447754 0.520496
0.448242 0.521051
0.44873 0.521606
0.449219 0.522161
0.449707 0.522716
0.450195 0.523271
0.450684 0.523826
0.451172 0.524381
0.45166 0.524936
0.452148 0.52549
0.452637 0.526045
0.453125 0.5266
0.453613 0.527155
0.454102 0.527709
0.45459 0.528264
0.455078 0.528818
0.455566 0.529373
0.456055 0.529927
0.456543 0.530481
0.457031 0.531036
0.45752 0.53159
0.458008 0.532144
0.458496 0.532698
0.458984 0.533252
0.459473 0.533807
0.459961 0.534361
0.460449 0.534915
0.460938 0.535468
0.461426 0.536022
0.461914 0.536576
0.462402 0.53713
0.462891 0.537684
0.463379 0.538237
0.463867 0.538791
0.464355 0.539344
0.464844 0.539898
0.465332 0.540451
0.46582 0.541005
0.466309 0.541558
0.466797 0.542111
0.467285 0.542665
0.467773 0.543218
0.468262 0.543771
0.46875 0.544324
0.469238 0.544877
0.469727 0.54543
0.470215 0.545983
0.470703 0.546536
0.471191 0.547089
0.47168 0.547642
0.472168 0.548194
0.472656 0.548747
0.473145 0.5493
0.473633 0.549852
0.474121 0.550405
0.474609 0.550957
0.475098 0.55151
0.475586 0.552062
0.476074 0.552615
0.476562 0.553167
0.477051 0.553719
0.477539 0.554271
0.478027 0.554823
0.478516 0.555375
0.479004 0.555927
0.479492 0.556479
0.47998 0.557031
0.480469 0.557583
0.480957 0.558135
0.481445 0.558686
0.481934 0.559238
0.482422 0.55979
0.48291 0.560341
0.483398 0.560893
0.483887 0.561444
0.484375 0.561996
0.484863 0.562547
0.485352 0.563098
0.48584 0.56365
0.486328 0.564201
0.486816 0.564752
0.487305 0.565303
0.487793 0.565854
0.488281 0.566405
0.48877 0.566956
0.489258 0.567507
0.489746 0.568057
0.490234 0.568608
0.490723 0.569159
0.491211 0.569709
0.491699 0.57026
0.492188 0.57081
0.492676 0.57136
0.493164 0.571909
0.493652 0.572455
0.494141 0.572996
0.494629 0.573522
0.495117 0.574011
0.495605 0.574406
0.496094 0.574564
0.496582 0.574126
0.49707 0.572184
0.497559 0.566476
0.498047 0.551455
0.498535 0.51418
0.499023 0.428208
0.499512 0.257049
0.5 3.34651e-14
0.500488 -0.257049
0.500977 -0.428208
0.501465 -0.51418
0.501953 -0.551455
0.502441 -0.566476
0.50293 -0.572184
0.503418 -0.574126
0.503906 -0.574564
0.504395 -0.574406
0.504883 -0.574011
0.505371 -0.573522
0.505859 -0.572996
0.506348 -0.572455
0.506836 -0.571909
0.507324 -0.57136
0.507812 -0.57081
0.508301 -0.57026
0.508789 -0.569709
0.509277 -0.569159
0.509766 -0.568608
0.510254 -0.568057
0.510742 -0.567507
0.51123 -0.566956
0.511719 -0.566405
0.512207 -0.565854
0.512695 -0.565303
0.513184 -0.564752
0.513672 -0.564201
0.51416 -0.56365
0.514648 -0.563098
0.515137 -0.562547
0.515625 -0.561996
0.516113 -0.561444
0.516602 -0.560893
0.51709 -0.560341
0.517578 -0.55979
0.518066 -0.559238
0.518555 -0.558686
0.519043 -0.558135
0.519531 -0.557583
0.52002 -0.557031
0.520508 -0.556479
0.520996 -0.555927
0.521484 -0.555375
0.521973 -0.554823
0.522461 -0.554271
0.522949 -0.553719
0.523438 -0.553167
0.523926 -0.552615
0.524414 -0.552062
0.524902 -0.55151
0.525391 -0.550957
0.525879 -0.550405
0.526367 -0.549852
0.526855 -0.5493
0.527344 -0.548747
0.527832 -0.548194
0.52832 -0.547642
0.528809 -0.547089
0.529297 -0.546536
0.529785 -0.545983
0.530273 -0.54543
0.530762 -0.544877
0.53125 -0.544324
0.531738 -0.543771
0.532227 -0.543218
0.532715 -0.542665
0.533203 -0.542111
0.533691 -0.541558
0.53418 -0.541005
0.534668 -0.540451
0.535156 -0.539898
0.535645 -0.539344
0.536133 -0.538791
0.536621 -0.538237
0.537109 -0.537684
0.537598 -0.53713
0.538086 -0.536576
0.538574 -0.536022
0.539062 -0.535468
0.539551 -0.534915
0.540039 -0.534361
0.540527 -0.533807
0.541016 -0.533252
0.541504 -0.532698
0.541992 -0.532144
0.54248 -0.53159
0.542969 -0.531036
0.543457 -0.530481
0.543945 -0.529927
0.544434 -0.529373
0.544922 -0.528818
0.54541 -0.528264
0.545898 -0.527709
0.546387 -0.527155
0.546875 -0.5266
0.547363 -0.526045
0.547852 -0.52549
0.54834 -0.524936
0.548828 -0.524381
0.549316 -0.523826
0.549805 -0.523271
0.550293 -0.522716
0.550781 -0.522161
0.55127 -0.521606
0.551758 -0.521051
0.552246 -0.520496
0.552734 -0.51994
0.553223 -0.519385
0.553711 -0.51883
0.554199 -0.518274
0.554688 -0.517719
0.555176 -0.517163
0.555664 -0.516608
0.556152 -0.516052
0.556641 -0.515497
0.557129 -0.514941
0.557617 -0.514385
0.558105 -0.51383
0.558594 -0.513274
0.559082 -0.512718
0.55957 -0.512162
0.560059 -0.511606
0.560547 -0.51105
0.561035 -0.510494
0.561523 -0.509938
0.562012 -0.509382
0.5625 -0.508826
0.562988 -0.50827
0.563477 -0.507714
0.563965 -0.507157
0.564453 -0.506601
0.564941 -0.506045
0.56543 -0.505488
0.565918 -0.504932
0.566406 -0.504375
0.566895 -0.503819
0.567383 -0.503262
0.567871 -0.502705
0.568359 -0.502149
0.568848 -0.501592
0.569336 -0.501035
0.569824 -0.500478
0.570312 -0.499921
0.570801 -0.499365
0.571289 -0.498808
0.571777 -0.498251
0.572266 -0.497694
0.572754 -0.497136
0.573242 -0.496579
0.57373 -0.496022
0.574219 -0.495465
0.574707 -0.494908
0.575195 -0.49435
0.575684 -0.493793
0.576172 -0.493236
0.57666 -0.492678
0.577148 -0.492121
0.577637 -0.491563
0.578125 -0.491006
0.578613 -0.490448
0.579102 -0.48989
0.57959 -0.489333
0.580078 -0.488775
0.580566 -0.488217
0.581055 -0.487659
0.581543 -0.487102
0.582031 -0.486544
0.58252 -0.485986
0.583008 -0.485428
0.583496 -0.48487
0.583984 -0.484312
0.584473 -0.483754
0.584961 -0.483195
0.585449 -0.482637
0.585938 -0.482079
0.586426 -0.481521
0.586914 -0.480962
0.587402 -0.480404
0.587891 -0.479846
0.588379 -0.479287
0.588867 -0.478729
0.589355 -0.47817
0.589844 -0.477612
0.590332 -0.477053
0.59082 -0.476495
0.591309 -0.475936
0.591797 -0.475377
0.592285 -0.474818
0.592773 -0.47426
0.593262 -0.473701
0.59375 -0.473142
0.594238 -0.472583
0.594727 -0.472024
0.595215 -0.471465
0.595703 -0.470906
0.596191 -0.470347
0.59668 -0.469788
0.597168 -0.469229
0.597656 -0.468669
0.598145 -0.46811
0.598633 -0.467551
0.599121 -0.466992
0.599609 -0.466432
0.600098 -0.465873
0.600586 -0.465313
0.601074 -0.464754
0.601562 -0.464194
0.602051 -0.463635
0.602539 -0.463075
0.603027 -0.462516
0.603516 -0.461956
0.604004 -0.461396
0.604492 -0.460837
0.60498 -0.460277
0.605469 -0.459717
0.605957 -0.459157
0.606445 -0.458597
0.606934 -0.458037
0.607422 -0.457477
0.60791 -0.456917
0.608398 -0.456357
0.608887 -0.455797
0.609375 -0.455237
0.609863 -0.454677
0.610352 -0.454117
0.61084 -0.453557
0.611328 -0.452996
0.611816 -0.452436
0.612305 -0.451876
0.612793 -0.451315
0.613281 -0.450755
0.61377 -0.450194
0.614258 -0.449634
0.614746 -0.449073
0.615234 -0.448513
0.615723 -0.447952
0.616211 -0.447392
0.616699 -0.446831
0.617188 -0.44627
0.617676 -0.44571
0.618164 -0.445149
0.618652 -0.444588
0.619141 -0.444027
0.619629 -0.443466
0.620117 -0.442905
0.620605 -0.442344
0.621094 -0.441783
0.621582 -0.441222
0.62207 -0.440661
0.622559 -0.4401
0.623047 -0.439539
0.623535 -0.438978
0.624023 -0.438417
0.624512 -0.437855
0.625 -0.437294
0.625488 -0.436733
0.625977 -0.436172
0.626465 -0.43561
0.626953 -0.435049
0.627441 -0.434487
0.62793 -0.433926
0.628418 -0.433364
0.628906 -0.432803
0.629395 -0.432241
0.629883 -0.43168
0.630371 -0.431118
0.630859 -0.430556
0.631348 -0.429994
0.631836 -0.429433
0.632324 -0.428871
0.632812 -0.428309
0.633301 -0.427747
0.633789 -0.427185
0.634277 -0.426623
0.634766 -0.426061
0.635254 -0.425499
0.635742 -0.424937
0.63623 -0.424375
0.636719 -0.423813
0.637207 -0.423251
0.637695 -0.422689
0.638184 -0.422127
0.638672 -0.421565
0.63916 -0.421002
0.639648 -0.42044
0.640137 -0.419878
0.640625 -0.419315
0.641113 -0.418753
0.641602 -0.41819
0.64209 -0.417628
0.642578 -0.417066
0.643066 -0.416503
0.643555 -0.41594
0.644043 -0.415378
0.644531 -0.414815
0.64502 -0.414253
0.645508 -0.41369
0.645996 -0.413127
0.646484 -0.412564
0.646973 -0.412002
0.647461 -0.411439
0.647949 -0.410876
0.648438 -0.410313
0.648926 -0.40975
0.649414 -0.409187
0.649902 -0.408624
0.650391 -0.408061
0.650879 -0.407498
0.651367 -0.406935
0.651855 -0.406372
0.652344 -0.405809
0.652832 -0.405246
0.65332 -0.404683
0.653809 -0.404119
0.654297 -0.403556
0.654785 -0.402993
0.655273 -0.402429
0.655762 -0.401866
0.65625 -0.401303
0.656738 -0.400739
0.657227 -0.400176
0.657715 -0.399612
0.658203 -0.399049
0.658691 -0.398485
0.65918 -0.397922
0.659668 -0.397358
0.660156 -0.396795
0.660645 -0.396231
0.661133 -0.395667
0.661621 -0.395104
0.662109 -0.39454
0.662598 -0.393976
0.663086 -0.393412
0.663574 -0.392848
0.664062 -0.392284
0.664551 -0.391721
0.665039 -0.391157
0.665527 -0.390593
0.666016 -0.390029
0.666504 -0.389465
0.666992 -0.388901
0.66748 -0.388337
0.667969 -0.387773
0.668457 -0.387208
0.668945 -0.386644
0.669434 -0.38608
0.669922 -0.385516
0.67041 -0.384952
0.670898 -0.384387
0.671387 -0.383823
0.671875 -0.383259
0.672363 -0.382694
0.672852 -0.38213
0.67334 -0.381565
0.673828 -0.381001
0.674316 -0.380437
0.674805 -0.379872
0.675293 -0.379307
0.675781 -0.378743
0.67627 -0.378178
0.676758 -0.377614
0.677246 -0.377049
0.677734 -0.376484
0.678223 -0.37592
0.678711 -0.375355
0.679199 -0.37479
0.679688 -0.374225
0.680176 -0.373661
0.680664 -0.373096
0.681152 -0.372531
0.681641 -0.371966
0.682129 -0.371401
0.682617 -0.370836
0.683105 -0.370271
0.683594 -0.369706
0.684082 -0.369141
0.68457 -0.368576
0.685059 -0.368011
0.685547 -0.367446
0.686035 -0.366881
0.686523 -0.366315
0.687012 -0.36575
0.6875 -0.365185
0.687988 -0.36462
0.688477 -0.364055
0.688965 -0.363489
0.689453 -0.362924
0.689941 -0.362359
0.69043 -0.361793
0.690918 -0.361228
0.691406 -0.360662
0.691895 -0.360097
0.692383 -0.359531
0.692871 -0.358966
0.693359 -0.3584
0.693848 -0.357835
0.694336 -0.357269
0.694824 -0.356703
0.695312 -0.356138
0.695801 -0.355572
0.696289 -0.355006
0.696777 -0.354441
0.697266 -0.353875
0.697754 -0.353309
0.698242 -0.352743
0.69873 -0.352178
0.699219 -0.351612
0.699707 -0.351046
0.700195 -0.35048
0.700684 -0.349914
0.701172 -0.349348
0.70166 -0.348782
0.702148 -0.348216
0.702637 -0.34765
0.703125 -0.347084
0.703613 -0.346518
0.704102 -0.345952
0.70459 -0.345386
0.705078 -0.344819
0.705566 -0.344253
0.706055 -0.343687
0.706543 -0.343121
0.707031 -0.342555
0.70752 -0.341988
0.708008 -0.341422
0.708496 -0.340856
0.708984 -0.340289
0.709473 -0.339723
0.709961 -0.339156
0.710449 -0.33859
0.710938 -0.338024
0.711426 -0.337457
0.711914 -0.336891
0.712402 -0.336324
0.712891 -0.335757
0.713379 -0.335191
0.713867 -0.334624
0.714355 -0.334058
0.714844 -0.333491
0.715332 -0.332924
0.71582 -0.332358
0.716309 -0.331791
0.716797 -0.331224
0.717285 -0.330657
0.717773 -0.330091
0.718262 -0.329524
0.71875 -0.328957
0.719238 -0.32839
0.719727 -0.327823
0.720215 -0.327256
0.720703 -0.326689
0.721191 -0.326122
0.72168 -0.325555
0.722168 -0.324988
0.722656 -0.324421
0.723145 -0.323854
0.723633 -0.323287
0.724121 -0.32272
0.724609 -0.322153
0.725098 -0.321586
0.725586 -0.321019
0.726074 -0.320452
0.726562 -0.319884
0.727051 -0.319317
0.727539 -0.31875
0.728027 -0.318183
0.728516 -0.317615
0.729004 -0.317048
0.729492 -0.316481
0.72998 -0.315913
0.730469 -0.315346
0.730957 -0.314779
0.731445 -0.314211
0.731934 -0.313644
0.732422 -0.313076
0.73291 -0.312509
0.733398 -0.311941
0.733887 -0.311374
0.734375 -0.310806
0.734863 -0.310238
0.735352 -0.309671
0.73584 -0.309103
0.736328 -0.308536
0.736816 -0.307968
0.737305 -0.3074
0.737793 -0.306833
0.738281 -0.306265
0.73877 -0.305697
0.739258 -0.305129
0.739746 -0.304561
0.740234 -0.303994
0.740723 -0.303426
0.741211 -0.302858
0.741699 -0.30229
0.742188 -0.301722
0.742676 -0.301154
0.743164 -0.300586
0.743652 -0.300018
0.744141 -0.29945
0.744629 -0.298882
0.745117 -0.298314
0.745605 -0.297746
0.746094 -0.297178
0.746582 -0.29661
0.74707 -0.296042
0.747559 -0.295474
0.748047 -0.294906
0.748535 -0.294338
0.749023 -0.293769
0.749512 -0.293201
0.75 -0.292633
0.750488 -0.292065
0.750977 -0.291496
0.751465 -0.290928
0.751953 -0.29036
0.752441 -0.289791
0.75293 -0.289223
0.753418 -0.288655
0.753906 -0.288086
0.754395 -0.287518
0.754883 -0.286949
0.755371 -0.286381
0.755859 -0.285812
0.756348 -0.285244
0.756836 -0.284675
0.757324 -0.284107
0.757812 -0.283538
0.758301 -0.28297
0.758789 -0.282401
0.759277 -0.281833
0.759766 -0.281264
0.760254 -0.280695
0.760742 -0.280127
0.76123 -0.279558
0.761719 -0.278989
0.762207 -0.278421
0.762695 -0.277852
0.763184 -0.277283
0.763672 -0.276714
0.76416 -0.276145
0.764648 -0.275577
0.765137 -0.275008
0.765625 -0.274439
0.766113 -0.27387
0.766602 -0.273301
0.76709 -0.272732
0.767578 -0.272163
0.768066 -0.271594
0.768555 -0.271025
0.769043 -0.270456
0.769531 -0.269887
0.77002 -0.269318
0.770508 -0.268749
0.770996 -0.26818
0.771484 -0.267611
0.771973 -0.267042
0.772461 -0.266473
0.772949 -0.265904
0.773438 -0.265335
0.773926 -0.264766
0.774414 -0.264196
0.774902 -0.263627
0.775391 -0.263058
0.775879 -0.262489
0.776367 -0.261919
0.776855 -0.26135
0.777344 -0.260781
0.777832 -0.260212
0.77832 -0.259642
0.778809 -0.259073
0.779297 -0.258504
0.779785 -0.257934
0.780273 -0.257365
0.780762 -0.256795
0.78125 -0.256226
0.781738 -0.255656
0.782227 -0.255087
0.782715 -0.254517
0.783203 -0.253948
0.783691 -0.253378
0.78418 -0.252809
0.784668 -0.252239
0.785156 -0.25167
0.785645 -0.2511
0.786133 -0.250531
0.786621 -0.249961
0.787109 -0.249391
0.787598 -0.248822
0.788086 -0.248252
0.788574 -0.247682
0.789062 -0.247113
0.789551 -0.246543
0.790039 -0.245973
0.790527 -0.245403
0.791016 -0.244834
0.791504 -0.244264
0.791992 -0.243694
0.79248 -0.243124
0.792969 -0.242554
0.793457 -0.241985
0.793945 -0.241415
0.794434 -0.240845
0.794922 -0.240275
0.79541 -0.239705
0.795898 -0.239135
0.796387 -0.238565
0.796875 -0.237995
0.797363 -0.237425
0.797852 -0.236855
0.79834 -0.236285
0.798828 -0.235715
0.799316 -0.235145
0.799805 -0.234575
0.800293 -0.234005
0.800781 -0.233435
0.80127 -0.232865
0.801758 -0.232295
0.802246 -0.231725
0.802734 -0.231154
0.803223 -0.230584
0.803711 -0.230014
0.804199 -0.229444
0.804688 -0.228874
0.805176 -0.228303
0.805664 -0.227733
0.806152 -0.227163
0.806641 -0.226593
0.807129 -0.226022
0.807617 -0.225452
0.808105 -0.224882
0.808594 -0.224311
0.809082 -0.223741
0.80957 -0.223171
0.810059 -0.2226
0.810547 -0.22203
0.811035 -0.22146
0.811523 -0.220889
0.812012 -0.220319
0.8125 -0.219748
0.812988 -0.219178
0.813477 -0.218607
0.813965 -0.218037
0.814453 -0.217466
0.814941 -0.216896
0.81543 -0.216325
0.815918 -0.215755
0.816406 -0.215184
0.816895 -0.214614
0.817383 -0.214043
0.817871 -0.213472
0.818359 -0.212902
0.818848 -0.212331
0.819336 -0.211761
0.819824 -0.21119
0.820312 -0.210619
0.820801 -0.210049
0.821289 -0.209478
0.821777 -0.208907
0.822266 -0.208336
0.822754 -0.207766
0.823242 -0.207195
0.82373 -0.206624
0.824219 -0.206053
0.824707 -0.205483
0.825195 -0.204912
0.825684 -0.204341
0.826172 -0.20377
0.82666 -0.203199
0.827148 -0.202628
0.827637 -0.202057
0.828125 -0.201487
0.828613 -0.200916
0.829102 -0.200345
0.82959 -0.199774
0.830078 -0.199203
0.830566 -0.198632
0.831055 -0.198061
0.831543 -0.19749
0.832031 -0.196919
0.83252 -0.196348
0.833008 -0.195777
0.833496 -0.195206
0.833984 -0.194635
0.834473 -0.194064
0.834961 -0.193493
0.835449 -0.192922
0.835938 -0.192351
0.836426 -0.19178
0.836914 -0.191208
0.837402 -0.190637
0.837891 -0.190066
0.838379 -0.189495
0.838867 -0.188924
0.839355 -0.188353
0.839844 -0.187782
0.840332 -0.18721
0.84082 -0.186639
0.841309 -0.186068
0.841797 -0.185497
0.842285 -0.184925
0.842773 -0.184354
0.843262 -0.183783
0.84375 -0.183212
0.844238 -0.18264
0.844727 -0.182069
0.845215 -0.181498
0.845703 -0.180926
0.846191 -0.180355
0.84668 -0.179784
0.847168 -0.179212
0.847656 -0.178641
0.848145 -0.17807
0.848633 -0.177498
0.849121 -0.176927
0.849609 -0.176355
0.850098 -0.175784
0.850586 -0.175212
0.851074 -0.174641
0.851562 -0.17407
0.852051 -0.173498
0.852539 -0.172927
0.853027 -0.172355
0.853516 -0.171784
0.854004 -0.171212
0.854492 -0.170641
0.85498 -0.170069
0.855469 -0.169498
0.855957 -0.168926
0.856445 -0.168354
0.856934 -0.167783
0.857422 -0.167211
0.85791 -0.16664
0.858398 -0.166068
0.858887 -0.165496
0.859375 -0.164925
0.859863 -0.164353
0.860352 -0.163782
0.86084 -0.16321
0.861328 -0.162638
0.861816 -0.162067
0.862305 -0.161495
0.862793 -0.160923
0.863281 -0.160352
0.86377 -0.15978
0.864258 -0.159208
0.864746 -0.158636
0.865234 -0.158065
0.865723 -0.157493
0.866211 -0.156921
0.866699 -0.156349
0.867188 -0.155778
0.867676 -0.155206
0.868164 -0.154634
0.868652 -0.154062
0.869141 -0.15349
0.869629 -0.152919
0.870117 -0.152347
0.870605 -0.151775
0.871094 -0.151203
0.871582 -0.150631
0.87207 -0.150059
0.872559 -0.149488
0.873047 -0.148916
0.873535 -0.148344
0.874023 -0.147772
0.874512 -0.1472
0.875 -0.146628
0.875488 -0.146056
0.875977 -0.145484
0.876465 -0.144912
0.876953 -0.14434
0.877441 -0.143769
0.87793 -0.143197
0.878418 -0.142625
0.878906 -0.142053
0.879395 -0.141481
0.879883 -0.140909
0.880371 -0.140337
0.880859 -0.139765
0.881348 -0.139193
0.881836 -0.138621
0.882324 -0.138049
0.882812 -0.137477
0.883301 -0.136905
0.883789 -0.136333
0.884277 -0.135761
0.884766 -0.135189
0.885254 -0.134617
0.885742 -0.134045
0.88623 -0.133473
0.886719 -0.1329
0.887207 -0.132328
0.887695 -0.131756
0.888184 -0.131184
0.888672 -0.130612
0.88916 -0.13004
0.889648 -0.129468
0.890137 -0.128896
0.890625 -0.128324
0.891113 -0.127752
0.891602 -0.12718
0.89209 -0.126608
0.892578 -0.126035
0.893066 -0.125463
0.893555 -0.124891
0.894043 -0.124319
0.894531 -0.123747
0.89502 -0.123175
0.895508 -0.122603
0.895996 -0.122031
0.896484 -0.121458
0.896973 -0.120886
0.897461 -0.120314
0.897949 -0.119742
0.898438 -0.11917
0.898926 -0.118598
0.899414 -0.118025
0.899902 -0.117453
0.900391 -0.116881
0.900879 -0.116309
0.901367 -0.115737
0.901855 -0.115165
0.902344 -0.114593
0.902832 -0.11402
0.90332 -0.113448
0.903809 -0.112876
0.904297 -0.112304
0.904785 -0.111732
0.905273 -0.111159
0.905762 -0.110587
0.90625 -0.110015
0.906738 -0.109443
0.907227 -0.108871
0.907715 -0.108299
0.908203 -0.107726
0.908691 -0.107154
0.90918 -0.106582
0.909668 -0.10601
0.910156 -0.105438
0.910645 -0.104866
0.911133 -0.104293
0.911621 -0.103721
0.912109 -0.103149
0.912598 -0.102577
0.913086 -0.102005
0.913574 -0.101433
0.914062 -0.10086
0.914551 -0.100288
0.915039 -0.0997161
0.915527 -0.0991439
0.916016 -0.0985718
0.916504 -0.0979996
0.916992 -0.0974275
0.91748 -0.0968553
0.917969 -0.0962832
0.918457 -0.0957111
0.918945 -0.0951389
0.919434 -0.0945668
0.919922 -0.0939947
0.92041 -0.0934225
0.920898 -0.0928504
0.921387 -0.0922783
0.921875 -0.0917062
0.922363 -0.0911341
0.922852 -0.090562
0.92334 -0.0899899
0.923828 -0.0894178
0.924316 -0.0888457
0.924805 -0.0882736
0.925293 -0.0877016
0.925781 -0.0871295
0.92627 -0.0865574
0.926758 -0.0859854
0.927246 -0.0854133
0.927734 -0.0848413
0.928223 -0.0842692
0.928711 -0.0836972
0.929199 -0.0831252
0.929688 -0.0825531
0.930176 -0.0819811
0.930664 -0.0814091
0.931152 -0.0808371
0.931641 -0.0802651
0.932129 -0.0796932
0.932617 -0.0791212
0.933105 -0.0785492
0.933594 -0.0779772
0.934082 -0.0774053
0.93457 -0.0768333
0.935059 -0.0762614
0.935547 -0.0756895
0.936035 -0.0751176
0.936523 -0.0745456
0.937012 -0.0739737
0.9375 -0.0734019
0.937988 -0.07283
0.938477 -0.0722581
0.938965 -0.0716862
0.939453 -0.0711144
0.939941 -0.0705425
0.94043 -0.0699707
0.940918 -0.0693989
0.941406 -0.068827
0.941895 -0.0682552
0.942383 -0.0676834
0.942871 -0.0671116
0.943359 -0.0665399
0.943848 -0.0659681
0.944336 -0.0653963
0.944824 -0.0648246
0.945312 -0.0642529
0.945801 -0.0636811
0.946289 -0.0631094
0.946777 -0.0625377
0.947266 -0.061966
0.947754 -0.0613943
0.948242 -0.0608227
0.94873 -0.060251
0.949219 -0.0596794
0.949707 -0.0591077
0.950195 -0.0585361
0.950684 -0.0579645
0.951172 -0.0573929
0.95166 -0.0568213
0.952148 -0.0562497
0.952637 -0.0556782
0.953125 -0.0551066
0.953613 -0.0545351
0.954102 -0.0539635
0.95459 -0.053392
0.955078 -0.0528205
0.955566 -0.052249
0.956055 -0.0516775
0.956543 -0.051106
0.957031 -0.0505346
0.95752 -0.0499631
0.958008 -0.0493917
0.958496 -0.0488203
0.958984 -0.0482489
0.959473 -0.0476775
0.959961 -0.0471061
0.960449 -0.0465347
0.960938 -0.0459633
0.961426 -0.045392
0.961914 -0.0448206
0.962402 -0.0442493
0.962891 -0.043678
0.963379 -0.0431067
0.963867 -0.0425354
0.964355 -0.0419641
0.964844 -0.0413929
0.965332 -0.0408216
0.96582 -0.0402504
0.966309 -0.0396791
0.966797 -0.0391079
0.967285 -0.0385367
0.967773 -0.0379655
0.968262 -0.0373943
0.96875 -0.0368231
0.969238 -0.036252
0.969727 -0.0356808
0.970215 -0.0351097
0.970703 -0.0345385
0.971191 -0.0339674
0.97168 -0.0333963
0.972168 -0.0328252
0.972656 -0.0322541
0.973145 -0.031683
0.973633 -0.031112
0.974121 -0.0305409
0.974609 -0.0299698
0.975098 -0.0293988
0.975586 -0.0288278
0.976074 -0.0282568
0.976562 -0.0276858
0.977051 -0.0271148
0.977539 -0.0265438
0.978027 -0.0259728
0.978516 -0.0254018
0.979004 -0.0248309
0.979492 -0.0242599
0.97998 -0.023689
0.980469 -0.023118
0.980957 -0.0225471
0.981445 -0.0219762
0.981934 -0.0214053
0.982422 -0.0208344
0.98291 -0.0202635
0.983398 -0.0196926
0.983887 -0.0191217
0.984375 -0.0185508
0.984863 -0.0179799
0.985352 -0.0174091
0.98584 -0.0168382
0.986328 -0.0162674
0.986816 -0.0156965
0.987305 -0.0151257
0.987793 -0.0145549
0.988281 -0.013984
0.98877 -0.0134132
0.989258 -0.0128424
0.989746 -0.0122716
0.990234 -0.0117008
0.990723 -0.01113
0.991211 -0.0105592
0.991699 -0.00998841
0.992188 -0.00941762
0.992676 -0.00884684
0.993164 -0.00827606
0.993652 -0.00770528
0.994141 -0.00713451
0.994629 -0.00656374
0.995117 -0.00599297
0.995605 -0.0054222
0.996094 -0.00485144
0.996582 -0.00428068
0.99707 -0.00370992
0.997559 -0.00313916
0.998047 -0.0025684
0.998535 -0.00199764
0.999023 -0.00142689
0.999512 -0.000856132
1 -0.000285377
