0 0.000422298
0.000488281 0.0012669
0.000976562 0.00211149
0.00146484 0.0029561
0.00195312 0.0038007
0.00244141 0.00464532
0.00292969 0.00548994
0.00341797 0.00633457
0.00390625 0.00717921
0.00439453 0.00802386
0.00488281 0.00886852
0.00537109 0.0097132
0.00585938 0.0105579
0.00634766 0.0114026
0.00683594 0.0122473
0.00732422 0.0130921
0.0078125 0.0139368
0.00830078 0.0147816
0.00878906 0.0156264
0.00927734 0.0164713
0.00976562 0.0173161
0.0102539 0.018161
0.0107422 0.0190059
0.0112305 0.0198509
0.0117188 0.0206958
0.012207 0.0215408
0.0126953 0.0223859
0.0131836 0.0232309
0.0136719 0.024076
0.0141602 0.0249211
0.0146484 0.0257663
0.0151367 0.0266115
0.015625 0.0274567
0.0161133 0.028302
0.0166016 0.0291473
0.0170898 0.0299927
0.0175781 0.0308381
0.0180664 0.0316835
0.0185547 0.032529
0.019043 0.0333745
0.0195312 0.03422
0.0200195 0.0350656
0.0205078 0.0359113
0.0209961 0.0367569
0.0214844 0.0376027
0.0219727 0.0384484
0.0224609 0.0392943
0.0229492 0.0401401
0.0234375 0.040986
0.0239258 0.041832
0.0244141 0.042678
0.0249023 0.043524
0.0253906 0.0443701
0.0258789 0.0452162
0.0263672 0.0460624
0.0268555 0.0469086
0.0273438 0.0477549
0.027832 0.0486012
0.0283203 0.0494475
0.0288086 0.050294
0.0292969 0.0511404
0.0297852 0.0519869
0.0302734 0.0528334
0.0307617 0.05368
0.03125 0.0545267
0.0317383 0.0553733
0.0322266 0.0562201
0.0327148 0.0570668
0.0332031 0.0579136
0.0336914 0.0587605
0.0341797 0.0596074
0.034668 0.0604543
0.0351562 0.0613013
0.0356445 0.0621483
0.0361328 0.0629954
0.0366211 0.0638425
0.0371094 0.0646896
0.0375977 0.0655368
0.0380859 0.066384
0.0385742 0.0672312
0.0390625 0.0680785
0.0395508 0.0689259
0.0400391 0.0697732
0.0405273 0.0706206
0.0410156 0.0714681
0.0415039 0.0723155
0.0419922 0.073163
0.0424805 0.0740106
0.0429688 0.0748581
0.043457 0.0757057
0.0439453 0.0765534
0.0444336 0.077401
0.0449219 0.0782487
0.0454102 0.0790964
0.0458984 0.0799442
0.0463867 0.0807919
0.046875 0.0816397
0.0473633 0.0824876
0.0478516 0.0833354
0.0483398 0.0841833
0.0488281 0.0850311
0.0493164 0.0858791
0.0498047 0.086727
0.050293 0.0875749
0.0507812 0.0884229
0.0512695 0.0892709
0.0517578 0.0901189
0.0522461 0.0909669
0.0527344 0.0918149
0.0532227 0.092663
0.0537109 0.093511
0.0541992 0.0943591
0.0546875 0.0952072
0.0551758 0.0960553
0.0556641 0.0969034
0.0561523 0.0977515
0.0566406 0.0985997
0.0571289 0.0994478
0.0576172 0.100296
0.0581055 0.101144
0.0585938 0.101992
0.059082 0.10284
0.0595703 0.103689
0.0600586 0.104537
0.0605469 0.105385
0.0610352 0.106233
0.0615234 0.107081
0.0620117 0.107929
0.0625 0.108778
0.0629883 0.109626
0.0634766 0.110474
0.0639648 0.111322
0.0644531 0.11217
0.0649414 0.113018
0.0654297 0.113867
0.065918 0.114715
0.0664062 0.115563
0.0668945 0.116411
0.0673828 0.117259
0.0678711 0.118107
0.0683594 0.118955
0.0688477 0.119803
0.0693359 0.120651
0.0698242 0.121499
0.0703125 0.122348
0.0708008 0.123196
0.0712891 0.124044
0.0717773 0.124892
0.0722656 0.12574
0.0727539 0.126588
0.0732422 0.127436
0.0737305 0.128284
0.0742188 0.129132
0.074707 0.129979
0.0751953 0.130827
0.0756836 0.131675
0.0761719 0.132523
0.0766602 0.133371
0.0771484 0.134219
0.0776367 0.135067
0.078125 0.135914
0.0786133 0.136762
0.0791016 0.13761
0.0795898 0.138458
0.0800781 0.139305
0.0805664 0.140153
0.0810547 0.141001
0.081543 0.141848
0.0820312 0.142696
0.0825195 0.143544
0.0830078 0.144391
0.0834961 0.145239
0.0839844 0.146086
0.0844727 0.146934
0.0849609 0.147781
0.0854492 0.148629
0.0859375 0.149476
0.0864258 0.150324
0.0869141 0.151171
0.0874023 0.152018
0.0878906 0.152866
0.0883789 0.153713
0.0888672 0.15456
0.0893555 0.155407
0.0898438 0.156255
0.090332 0.157102
0.0908203 0.157949
0.0913086 0.158796
0.0917969 0.159643
0.0922852 0.16049
0.0927734 0.161337
0.0932617 0.162184
0.09375 0.163031
0.0942383 0.163878
0.0947266 0.164725
0.0952148 0.165572
0.0957031 0.166419
0.0961914 0.167265
0.0966797 0.168112
0.097168 0.168959
0.0976562 0.169806
0.0981445 0.170652
0.0986328 0.171499
0.0991211 0.172345
0.0996094 0.173192
0.100098 0.174038
0.100586 0.174885
0.101074 0.175731
0.101562 0.176578
0.102051 0.177424
0.102539 0.17827
0.103027 0.179117
0.103516 0.179963
0.104004 0.180809
0.104492 0.181655
0.10498 0.182502
0.105469 0.183348
0.105957 0.184194
0.106445 0.18504
0.106934 0.185886
0.107422 0.186732
0.10791 0.187578
0.108398 0.188424
0.108887 0.189269
0.109375 0.190115
0.109863 0.190961
0.110352 0.191807
0.11084 0.192652
0.111328 0.193498
0.111816 0.194344
0.112305 0.195189
0.112793 0.196035
0.113281 0.19688
0.11377 0.197726
0.114258 0.198571
0.114746 0.199417
0.115234 0.200262
0.115723 0.201107
0.116211 0.201952
0.116699 0.202798
0.117188 0.203643
0.117676 0.204488
0.118164 0.205333
0.118652 0.206178
0.119141 0.207023
0.119629 0.207868
0.120117 0.208713
0.120605 0.209558
0.121094 0.210402
0.121582 0.211247
0.12207 0.212092
0.122559 0.212936
0.123047 0.213781
0.123535 0.214626
0.124023 0.21547
0.124512 0.216315
0.125 0.217159
0.125488 0.218003
0.125977 0.218848
0.126465 0.219692
0.126953 0.220536
0.127441 0.221381
0.12793 0.222225
0.128418 0.223069
0.128906 0.223913
0.129395 0.224757
0.129883 0.225601
0.130371 0.226445
0.130859 0.227289
0.131348 0.228133
0.131836 0.228976
0.132324 0.22982
0.132812 0.230664
0.133301 0.231507
0.133789 0.232351
0.134277 0.233194
0.134766 0.234038
0.135254 0.234881
0.135742 0.235725
0.13623 0.236568
0.136719 0.237411
0.137207 0.238255
0.137695 0.239098
0.138184 0.239941
0.138672 0.240784
0.13916 0.241627
0.139648 0.24247
0.140137 0.243313
0.140625 0.244156
0.141113 0.244998
0.141602 0.245841
0.14209 0.246684
0.142578 0.247527
0.143066 0.248369
0.143555 0.249212
0.144043 0.250054
0.144531 0.250897
0.14502 0.251739
0.145508 0.252581
0.145996 0.253424
0.146484 0.254266
0.146973 0.255108
0.147461 0.25595
0.147949 0.256792
0.148438 0.257634
0.148926 0.258476
0.149414 0.259318
0.149902 0.26016
0.150391 0.261002
0.150879 0.261843
0.151367 0.262685
0.151855 0.263527
0.152344 0.264368
0.152832 0.26521
0.15332 0.266051
0.153809 0.266892
0.154297 0.267734
0.154785 0.268575
0.155273 0.269416
0.155762 0.270257
0.15625 0.271098
0.156738 0.271939
0.157227 0.27278
0.157715 0.273621
0.158203 0.274462
0.158691 0.275303
0.15918 0.276144
0.159668 0.276984
0.160156 0.277825
0.160645 0.278665
0.161133 0.279506
0.161621 0.280346
0.162109 0.281187
0.162598 0.282027
0.163086 0.282867
0.163574 0.283707
0.164062 0.284547
0.164551 0.285387
0.165039 0.286227
0.165527 0.287067
0.166016 0.287907
0.166504 0.288747
0.166992 0.289587
0.16748 0.290426
0.167969 0.291266
0.168457 0.292105
0.168945 0.292945
0.169434 0.293784
0.169922 0.294623
0.17041 0.295463
0.170898 0.296302
0.171387 0.297141
0.171875 0.29798
0.172363 0.298819
0.172852 0.299658
0.17334 0.300497
0.173828 0.301336
0.174316 0.302174
0.174805 0.303013
0.175293 0.303852
0.175781 0.30469
0.17627 0.305529
0.176758 0.306367
0.177246 0.307205
0.177734 0.308044
0.178223 0.308882
0.178711 0.30972
0.179199 0.310558
0.179688 0.311396
0.180176 0.312234
0.180664 0.313072
0.181152 0.313909
0.181641 0.314747
0.182129 0.315585
0.182617 0.316422
0.183105 0.31726
0.183594 0.318097
0.184082 0.318935
0.18457 0.319772
0.185059 0.320609
0.185547 0.321446
0.186035 0.322283
0.186523 0.32312
0.187012 0.323957
0.1875 0.324794
0.187988 0.325631
0.188477 0.326467
0.188965 0.327304
0.189453 0.32814
0.189941 0.328977
0.19043 0.329813
0.190918 0.330649
0.191406 0.331486
0.191895 0.332322
0.192383 0.333158
0.192871 0.333994
0.193359 0.33483
0.193848 0.335666
0.194336 0.336501
0.194824 0.337337
0.195312 0.338173
0.195801 0.339008
0.196289 0.339844
0.196777 0.340679
0.197266 0.341514
0.197754 0.34235
0.198242 0.343185
0.19873 0.34402
0.199219 0.344855
0.199707 0.34569
0.200195 0.346524
0.200684 0.347359
0.201172 0.348194
0.20166 0.349028
0.202148 0.349863
0.202637 0.350697
0.203125 0.351532
0.203613 0.352366
0.204102 0.3532
0.20459 0.354034
0.205078 0.354868
0.205566 0.355702
0.206055 0.356536
0.206543 0.35737
0.207031 0.358203
0.20752 0.359037
0.208008 0.359871
0.208496 0.360704
0.208984 0.361537
0.209473 0.362371
0.209961 0.363204
0.210449 0.364037
0.210938 0.36487
0.211426 0.365703
0.211914 0.366536
0.212402 0.367368
0.212891 0.368201
0.213379 0.369033
0.213867 0.369866
0.214355 0.370698
0.214844 0.371531
0.215332 0.372363
0.21582 0.373195
0.216309 0.374027
0.216797 0.374859
0.217285 0.375691
0.217773 0.376523
0.218262 0.377354
0.21875 0.378186
0.219238 0.379017
0.219727 0.379849
0.220215 0.38068
0.220703 0.381511
0.221191 0.382342
0.22168 0.383173
0.222168 0.384004
0.222656 0.384835
0.223145 0.385666
0.223633 0.386497
0.224121 0.387327
0.224609 0.388158
0.225098 0.388988
0.225586 0.389819
0.226074 0.390649
0.226562 0.391479
0.227051 0.392309
0.227539 0.393139
0.228027 0.393969
0.228516 0.394798
0.229004 0.395628
0.229492 0.396458
0.22998 0.397287
0.230469 0.398116
0.230957 0.398946
0.231445 0.399775
0.231934 0.400604
0.232422 0.401433
0.23291 0.402262
0.233398 0.40309
0.233887 0.403919
0.234375 0.404748
0.234863 0.405576
0.235352 0.406404
0.23584 0.407233
0.236328 0.408061
0.236816 0.408889
0.237305 0.409717
0.237793 0.410545
0.238281 0.411373
0.23877 0.4122
0.239258 0.413028
0.239746 0.413855
0.240234 0.414683
0.240723 0.41551
0.241211 0.416337
0.241699 0.417164
0.242188 0.417991
0.242676 0.418818
0.243164 0.419645
0.243652 0.420471
0.244141 0.421298
0.244629 0.422124
0.245117 0.422951
0.245605 0.423777
0.246094 0.424603
0.246582 0.425429
0.24707 0.426255
0.247559 0.427081
0.248047 0.427906
0.248535 0.428732
0.249023 0.429557
0.249512 0.430383
0.25 0.431208
0.250488 0.432033
0.250977 0.432858
0.251465 0.433683
0.251953 0.434508
0.252441 0.435333
0.25293 0.436157
0.253418 0.436982
0.253906 0.437806
0.254395 0.43863
0.254883 0.439454
0.255371 0.440279
0.255859 0.441102
0.256348 0.441926
0.256836 0.44275
0.257324 0.443574
0.257812 0.444397
0.258301 0.44522
0.258789 0.446044
0.259277 0.446867
0.259766 0.44769
0.260254 0.448513
0.260742 0.449336
0.26123 0.450158
0.261719 0.450981
0.262207 0.451803
0.262695 0.452626
0.263184 0.453448
0.263672 0.45427
0.26416 0.455092
0.264648 0.455914
0.265137 0.456735
0.265625 0.457557
0.266113 0.458379
0.266602 0.4592
0.26709 0.460021
0.267578 0.460842
0.268066 0.461663
0.268555 0.462484
0.269043 0.463305
0.269531 0.464126
0.27002 0.464946
0.270508 0.465767
0.270996 0.466587
0.271484 0.467407
0.271973 0.468227
0.272461 0.469047
0.272949 0.469867
0.273438 0.470687
0.273926 0.471506
0.274414 0.472326
0.274902 0.473145
0.275391 0.473964
0.275879 0.474783
0.276367 0.475602
0.276855 0.476421
0.277344 0.47724
0.277832 0.478058
0.27832 0.478877
0.278809 0.479695
0.279297 0.480513
0.279785 0.481331
0.280273 0.482149
0.280762 0.482967
0.28125 0.483784
0.281738 0.484602
0.282227 0.485419
0.282715 0.486237
0.283203 0.487054
0.283691 0.487871
0.28418 0.488688
0.284668 0.489504
0.285156 0.490321
0.285645 0.491137
0.286133 0.491954
0.286621 0.49277
0.287109 0.493586
0.287598 0.494402
0.288086 0.495218
0.288574 0.496033
0.289062 0.496849
0.289551 0.497664
0.290039 0.49848
0.290527 0.499295
0.291016 0.50011
0.291504 0.500924
0.291992 0.501739
0.29248 0.502554
0.292969 0.503368
0.293457 0.504182
0.293945 0.504997
0.294434 0.505811
0.294922 0.506625
0.29541 0.507438
0.295898 0.508252
0.296387 0.509065
0.296875 0.509879
0.297363 0.510692
0.297852 0.511505
0.29834 0.512318
0.298828 0.51313
0.299316 0.513943
0.299805 0.514755
0.300293 0.515568
0.300781 0.51638
0.30127 0.517192
0.301758 0.518004
0.302246 0.518816
0.302734 0.519627
0.303223 0.520439
0.303711 0.52125
0.304199 0.522061
0.304688 0.522872
0.305176 0.523683
0.305664 0.524494
0.306152 0.525304
0.306641 0.526114
0.307129 0.526925
0.307617 0.527735
0.308105 0.528545
0.308594 0.529355
0.309082 0.530164
0.30957 0.530974
0.310059 0.531783
0.310547 0.532592
0.311035 0.533401
0.311523 0.53421
0.312012 0.535019
0.3125 0.535827
0.312988 0.536636
0.313477 0.537444
0.313965 0.538252
0.314453 0.53906
0.314941 0.539868
0.31543 0.540676
0.315918 0.541483
0.316406 0.54229
0.316895 0.543097
0.317383 0.543904
0.317871 0.544711
0.318359 0.545518
0.318848 0.546325
0.319336 0.547131
0.319824 0.547937
0.320312 0.548743
0.320801 0.549549
0.321289 0.550355
0.321777 0.55116
0.322266 0.551966
0.322754 0.552771
0.323242 0.553576
0.32373 0.554381
0.324219 0.555185
0.324707 0.55599
0.325195 0.556794
0.325684 0.557599
0.326172 0.558403
0.32666 0.559207
0.327148 0.56001
0.327637 0.560814
0.328125 0.561617
0.328613 0.56242
0.329102 0.563224
0.32959 0.564026
0.330078 0.564829
0.330566 0.565632
0.331055 0.566434
0.331543 0.567236
0.332031 0.568038
0.33252 0.56884
0.333008 0.569642
0.333496 0.570443
0.333984 0.571244
0.334473 0.572046
0.334961 0.572847
0.335449 0.573647
0.335938 0.574448
0.336426 0.575248
0.336914 0.576049
0.337402 0.576849
0.337891 0.577649
0.338379 0.578448
0.338867 0.579248
0.339355 0.580047
0.339844 0.580846
0.340332 0.581645
0.34082 0.582444
0.341309 0.583243
0.341797 0.584041
0.342285 0.58484
0.342773 0.585638
0.343262 0.586436
0.34375 0.587233
0.344238 0.588031
0.344727 0.588828
0.345215 0.589625
0.345703 0.590422
0.346191 0.591219
0.34668 0.592016
0.347168 0.592812
0.347656 0.593608
0.348145 0.594404
0.348633 0.5952
0.349121 0.595996
0.349609 0.596791
0.350098 0.597586
0.350586 0.598382
0.351074 0.599176
0.351562 0.599971
0.352051 0.600766
0.352539 0.60156
0.353027 0.602354
0.353516 0.603148
0.354004 0.603942
0.354492 0.604735
0.35498 0.605528
0.355469 0.606322
0.355957 0.607114
0.356445 0.607907
0.356934 0.6087
0.357422 0.609492
0.35791 0.610284
0.358398 0.611076
0.358887 0.611868
0.359375 0.612659
0.359863 0.613451
0.360352 0.614242
0.36084 0.615032
0.361328 0.615823
0.361816 0.616614
0.362305 0.617404
0.362793 0.618194
0.363281 0.618984
0.36377 0.619774
0.364258 0.620563
0.364746 0.621352
0.365234 0.622141
0.365723 0.62293
0.366211 0.623719
0.366699 0.624507
0.367188 0.625295
0.367676 0.626083
0.368164 0.626871
0.368652 0.627658
0.369141 0.628446
0.369629 0.629233
0.370117 0.63002
0.370605 0.630807
0.371094 0.631593
0.371582 0.632379
0.37207 0.633165
0.372559 0.633951
0.373047 0.634737
0.373535 0.635522
0.374023 0.636307
0.374512 0.637092
0.375 0.637877
0.375488 0.638661
0.375977 0.639445
0.376465 0.640229
0.376953 0.641013
0.377441 0.641797
0.37793 0.64258
0.378418 0.643363
0.378906 0.644146
0.379395 0.644929
0.379883 0.645711
0.380371 0.646494
0.380859 0.647276
0.381348 0.648057
0.381836 0.648839
0.382324 0.64962
0.382812 0.650401
0.383301 0.651182
0.383789 0.651963
0.384277 0.652743
0.384766 0.653523
0.385254 0.654303
0.385742 0.655082
0.38623 0.655862
0.386719 0.656641
0.387207 0.65742
0.387695 0.658199
0.388184 0.658977
0.388672 0.659755
0.38916 0.660533
0.389648 0.661311
0.390137 0.662088
0.390625 0.662866
0.391113 0.663643
0.391602 0.664419
0.39209 0.665196
0.392578 0.665972
0.393066 0.666748
0.393555 0.667524
0.394043 0.668299
0.394531 0.669074
0.39502 0.669849
0.395508 0.670624
0.395996 0.671399
0.396484 0.672173
0.396973 0.672947
0.397461 0.673721
0.397949 0.674494
0.398438 0.675267
0.398926 0.67604
0.399414 0.676813
0.399902 0.677585
0.400391 0.678357
0.400879 0.679129
0.401367 0.679901
0.401855 0.680672
0.402344 0.681443
0.402832 0.682214
0.40332 0.682985
0.403809 0.683755
0.404297 0.684525
0.404785 0.685295
0.405273 0.686065
0.405762 0.686834
0.40625 0.687603
0.406738 0.688372
0.407227 0.68914
0.407715 0.689908
0.408203 0.690676
0.408691 0.691444
0.40918 0.692211
0.409668 0.692978
0.410156 0.693745
0.410645 0.694511
0.411133 0.695278
0.411621 0.696044
0.412109 0.696809
0.412598 0.697575
0.413086 0.69834
0.413574 0.699105
0.414062 0.699869
0.414551 0.700633
0.415039 0.701397
0.415527 0.702161
0.416016 0.702924
0.416504 0.703688
0.416992 0.70445
0.41748 0.705213
0.417969 0.705975
0.418457 0.706737
0.418945 0.707499
0.419434 0.70826
0.419922 0.709021
0.42041 0.709782
0.420898 0.710542
0.421387 0.711303
0.421875 0.712063
0.422363 0.712822
0.422852 0.713581
0.42334 0.71434
0.423828 0.715099
0.424316 0.715857
0.424805 0.716615
0.425293 0.717373
0.425781 0.718131
0.42627 0.718888
0.426758 0.719645
0.427246 0.720401
0.427734 0.721157
0.428223 0.721913
0.428711 0.722669
0.429199 0.723424
0.429688 0.724179
0.430176 0.724934
0.430664 0.725688
0.431152 0.726442
0.431641 0.727196
0.432129 0.727949
0.432617 0.728702
0.433105 0.729455
0.433594 0.730207
0.434082 0.730959
0.43457 0.731711
0.435059 0.732463
0.435547 0.733214
0.436035 0.733965
0.436523 0.734715
0.437012 0.735465
0.4375 0.736215
0.437988 0.736964
0.438477 0.737713
0.438965 0.738462
0.439453 0.739211
0.439941 0.739959
0.44043 0.740707
0.440918 0.741454
0.441406 0.742201
0.441895 0.742948
0.442383 0.743694
0.442871 0.74444
0.443359 0.745186
0.443848 0.745931
0.444336 0.746676
0.444824 0.747421
0.445312 0.748165
0.445801 0.748909
0.446289 0.749653
0.446777 0.750396
0.447266 0.751139
0.447754 0.751882
0.448242 0.752624
0.44873 0.753366
0.449219 0.754107
0.449707 0.754848
0.450195 0.755589
0.450684 0.756329
0.451172 0.757069
0.45166 0.757809
0.452148 0.758548
0.452637 0.759287
0.453125 0.760026
0.453613 0.760764
0.454102 0.761502
0.45459 0.762239
0.455078 0.762976
0.455566 0.763713
0.456055 0.764449
0.456543 0.765185
0.457031 0.765921
0.45752 0.766656
0.458008 0.767391
0.458496 0.768125
0.458984 0.768859
0.459473 0.769593
0.459961 0.770326
0.460449 0.771059
0.460938 0.771791
0.461426 0.772523
0.461914 0.773255
0.462402 0.773986
0.462891 0.774717
0.463379 0.775447
0.463867 0.776177
0.464355 0.776907
0.464844 0.777636
0.465332 0.778365
0.46582 0.779093
0.466309 0.779821
0.466797 0.780549
0.467285 0.781276
0.467773 0.782003
0.468262 0.782729
0.46875 0.783455
0.469238 0.784181
0.469727 0.784906
0.470215 0.785631
0.470703 0.786355
0.471191 0.787079
0.47168 0.787802
0.472168 0.788525
0.472656 0.789248
0.473145 0.78997
0.473633 0.790692
0.474121 0.791413
0.474609 0.792134
0.475098 0.792854
0.475586 0.793574
0.476074 0.794294
0.476562 0.795013
0.477051 0.795731
0.477539 0.79645
0.478027 0.797167
0.478516 0.797885
0.479004 0.798602
0.479492 0.799318
0.47998 0.800034
0.480469 0.800749
0.480957 0.801464
0.481445 0.802179
0.481934 0.802893
0.482422 0.803607
0.48291 0.80432
0.483398 0.805033
0.483887 0.805745
0.484375 0.806457
0.484863 0.807168
0.485352 0.807879
0.48584 0.808589
0.486328 0.809299
0.486816 0.810008
0.487305 0.810717
0.487793 0.811426
0.488281 0.812134
0.48877 0.812841
0.489258 0.813548
0.489746 0.814255
0.490234 0.814961
0.490723 0.815666
0.491211 0.816371
0.491699 0.817076
0.492188 0.81778
0.492676 0.818483
0.493164 0.819186
0.493652 0.819889
0.494141 0.82059
0.494629 0.821291
0.495117 0.821989
0.495605 0.822678
0.496094 0.823339
0.496582 0.823901
0.49707 0.824117
0.497559 0.823124
0.498047 0.817894
0.498535 0.797921
0.499023 0.727734
0.499512 0.501997
0.5 2.84913e-14
0.500488 -0.501997
0.500977 -0.727734
0.501465 -0.797921
0.501953 -0.817894
0.502441 -0.823124
0.50293 -0.824117
0.503418 -0.823901
0.503906 -0.823339
0.504395 -0.822678
0.504883 -0.821989
0.505371 -0.821291
0.505859 -0.82059
0.506348 -0.819889
0.506836 -0.819186
0.507324 -0.818483
0.507812 -0.81778
0.508301 -0.817076
0.508789 -0.816371
0.509277 -0.815666
0.509766 -0.814961
0.510254 -0.814255
0.510742 -0.813548
0.51123 -0.812841
0.511719 -0.812134
0.512207 -0.811426
0.512695 -0.810717
0.513184 -0.810008
0.513672 -0.809299
0.51416 -0.808589
0.514648 -0.807879
0.515137 -0.807168
0.515625 -0.806457
0.516113 -0.805745
0.516602 -0.805033
0.51709 -0.80432
0.517578 -0.803607
0.518066 -0.802893
0.518555 -0.802179
0.519043 -0.801464
0.519531 -0.800749
0.52002 -0.800034
0.520508 -0.799318
0.520996 -0.798602
0.521484 -0.797885
0.521973 -0.797167
0.522461 -0.79645
0.522949 -0.795731
0.523438 -0.795013
0.523926 -0.794294
0.524414 -0.793574
0.524902 -0.792854
0.525391 -0.792134
0.525879 -0.791413
0.526367 -0.790692
0.526855 -0.78997
0.527344 -0.789248
0.527832 -0.788525
0.52832 -0.787802
0.528809 -0.787079
0.529297 -0.786355
0.529785 -0.785631
0.530273 -0.784906
0.530762 -0.784181
0.53125 -0.783455
0.531738 -0.782729
0.532227 -0.782003
0.532715 -0.781276
0.533203 -0.780549
0.533691 -0.779821
0.53418 -0.779093
0.534668 -0.778365
0.535156 -0.777636
0.535645 -0.776907
0.536133 -0.776177
0.536621 -0.775447
0.537109 -0.774717
0.537598 -0.773986
0.538086 -0.773255
0.538574 -0.772523
0.539062 -0.771791
0.539551 -0.771059
0.540039 -0.770326
0.540527 -0.769593
0.541016 -0.768859
0.541504 -0.768125
0.541992 -0.767391
0.54248 -0.766656
0.542969 -0.765921
0.543457 -0.765185
0.543945 -0.764449
0.544434 -0.763713
0.544922 -0.762976
0.54541 -0.762239
0.545898 -0.761502
0.546387 -0.760764
0.546875 -0.760026
0.547363 -0.759287
0.547852 -0.758548
0.54834 -0.757809
0.548828 -0.757069
0.549316 -0.756329
0.549805 -0.755589
0.550293 -0.754848
0.550781 -0.754107
0.55127 -0.753366
0.551758 -0.752624
0.552246 -0.751882
0.552734 -0.751139
0.553223 -0.750396
0.553711 -0.749653
0.554199 -0.748909
0.554688 -0.748165
0.555176 -0.747421
0.555664 -0.746676
0.556152 -0.745931
0.556641 -0.745186
0.557129 -0.74444
0.557617 -0.743694
0.558105 -0.742948
0.558594 -0.742201
0.559082 -0.741454
0.55957 -0.740707
0.560059 -0.739959
0.560547 -0.739211
0.561035 -0.738462
0.561523 -0.737713
0.562012 -0.736964
0.5625 -0.736215
0.562988 -0.735465
0.563477 -0.734715
0.563965 -0.733965
0.564453 -0.733214
0.564941 -0.732463
0.56543 -0.731711
0.565918 -0.730959
0.566406 -0.730207
0.566895 -0.729455
0.567383 -0.728702
0.567871 -0.727949
0.568359 -0.727196
0.568848 -0.726442
0.569336 -0.725688
0.569824 -0.724934
0.570312 -0.724179
0.570801 -0.723424
0.571289 -0.722669
0.571777 -0.721913
0.572266 -0.721157
0.572754 -0.720401
0.573242 -0.719645
0.57373 -0.718888
0.574219 -0.718131
0.574707 -0.717373
0.575195 -0.716615
0.575684 -0.715857
0.576172 -0.715099
0.57666 -0.71434
0.577148 -0.713581
0.577637 -0.712822
0.578125 -0.712063
0.578613 -0.711303
0.579102 -0.710542
0.57959 -0.709782
0.580078 -0.709021
0.580566 -0.70826
0.581055 -0.707499
0.581543 -0.706737
0.582031 -0.705975
0.58252 -0.705213
0.583008 -0.70445
0.583496 -0.703688
0.583984 -0.702924
0.584473 -0.702161
0.584961 -0.701397
0.585449 -0.700633
0.585938 -0.699869
0.586426 -0.699105
0.586914 -0.69834
0.587402 -0.697575
0.587891 -0.696809
0.588379 -0.696044
0.588867 -0.695278
0.589355 -0.694511
0.589844 -0.693745
0.590332 -0.692978
0.59082 -0.692211
0.591309 -0.691444
0.591797 -0.690676
0.592285 -0.689908
0.592773 -0.68914
0.593262 -0.688372
0.59375 -0.687603
0.594238 -0.686834
0.594727 -0.686065
0.595215 -0.685295
0.595703 -0.684525
0.596191 -0.683755
0.59668 -0.682985
0.597168 -0.682214
0.597656 -0.681443
0.598145 -0.680672
0.598633 -0.679901
0.599121 -0.679129
0.599609 -0.678357
0.600098 -0.677585
0.600586 -0.676813
0.601074 -0.67604
0.601562 -0.675267
0.602051 -0.674494
0.602539 -0.673721
0.603027 -0.672947
0.603516 -0.672173
0.604004 -0.671399
0.604492 -0.670624
0.60498 -0.669849
0.605469 -0.669074
0.605957 -0.668299
0.606445 -0.667524
0.606934 -0.666748
0.607422 -0.665972
0.60791 -0.665196
0.608398 -0.664419
0.608887 -0.663643
0.609375 -0.662866
0.609863 -0.662088
0.610352 -0.661311
0.61084 -0.660533
0.611328 -0.659755
0.611816 -0.658977
0.612305 -0.658199
0.612793 -0.65742
0.613281 -0.656641
0.61377 -0.655862
0.614258 -0.655082
0.614746 -0.654303
0.615234 -0.653523
0.615723 -0.652743
0.616211 -0.651963
0.616699 -0.651182
0.617188 -0.650401
0.617676 -0.64962
0.618164 -0.648839
0.618652 -0.648057
0.619141 -0.647276
0.619629 -0.646494
0.620117 -0.645711
0.620605 -0.644929
0.621094 -0.644146
0.621582 -0.643363
0.62207 -0.64258
0.622559 -0.641797
0.623047 -0.641013
0.623535 -0.640229
0.624023 -0.639445
0.624512 -0.638661
0.625 -0.637877
0.625488 -0.637092
0.625977 -0.636307
0.626465 -0.635522
0.626953 -0.634737
0.627441 -0.633951
0.62793 -0.633165
0.628418 -0.632379
0.628906 -0.631593
0.629395 -0.630807
0.629883 -0.63002
0.630371 -0.629233
0.630859 -0.628446
0.631348 -0.627658
0.631836 -0.626871
0.632324 -0.626083
0.632812 -0.625295
0.633301 -0.624507
0.633789 -0.623719
0.634277 -0.62293
0.634766 -0.622141
0.635254 -0.621352
0.635742 -0.620563
0.63623 -0.619774
0.636719 -0.618984
0.637207 -0.618194
0.637695 -0.617404
0.638184 -0.616614
0.638672 -0.615823
0.63916 -0.615032
0.639648 -0.614242
0.640137 -0.613451
0.640625 -0.612659
0.641113 -0.611868
0.641602 -0.611076
0.64209 -0.610284
0.642578 -0.609492
0.643066 -0.6087
0.643555 -0.607907
0.644043 -0.607114
0.644531 -0.606322
0.64502 -0.605528
0.645508 -0.604735
0.645996 -0.603942
0.646484 -0.603148
0.646973 -0.602354
0.647461 -0.60156
0.647949 -0.600766
0.648438 -0.599971
0.648926 -0.599176
0.649414 -0.598382
0.649902 -0.597586
0.650391 -0.596791
0.650879 -0.595996
0.651367 -0.5952
0.651855 -0.594404
0.652344 -0.593608
0.652832 -0.592812
0.65332 -0.592016
0.653809 -0.591219
0.654297 -0.590422
0.654785 -0.589625
0.655273 -0.588828
0.655762 -0.588031
0.65625 -0.587233
0.656738 -0.586436
0.657227 -0.585638
0.657715 -0.58484
0.658203 -0.584041
0.658691 -0.583243
0.65918 -0.582444
0.659668 -0.581645
0.660156 -0.580846
0.660645 -0.580047
0.661133 -0.579248
0.661621 -0.578448
0.662109 -0.577649
0.662598 -0.576849
0.663086 -0.576049
0.663574 -0.575248
0.664062 -0.574448
0.664551 -0.573647
0.665039 -0.572847
0.665527 -0.572046
0.666016 -0.571244
0.666504 -0.570443
0.666992 -0.569642
0.66748 -0.56884
0.667969 -0.568038
0.668457 -0.567236
0.668945 -0.566434
0.669434 -0.565632
0.669922 -0.564829
0.67041 -0.564026
0.670898 -0.563224
0.671387 -0.56242
0.671875 -0.561617
0.672363 -0.560814
0.672852 -0.56001
0.67334 -0.559207
0.673828 -0.558403
0.674316 -0.557599
0.674805 -0.556794
0.675293 -0.55599
0.675781 -0.555185
0.67627 -0.554381
0.676758 -0.553576
0.677246 -0.552771
0.677734 -0.551966
0.678223 -0.55116
0.678711 -0.550355
0.679199 -0.549549
0.679688 -0.548743
0.680176 -0.547937
0.680664 -0.547131
0.681152 -0.546325
0.681641 -0.545518
0.682129 -0.544711
0.682617 -0.543904
0.683105 -0.543097
0.683594 -0.54229
0.684082 -0.541483
0.68457 -0.540676
0.685059 -0.539868
0.685547 -0.53906
0.686035 -0.538252
0.686523 -0.537444
0.687012 -0.536636
0.6875 -0.535827
0.687988 -0.535019
0.688477 -0.53421
0.688965 -0.533401
0.689453 -0.532592
0.689941 -0.531783
0.69043 -0.530974
0.690918 -0.530164
0.691406 -0.529355
0.691895 -0.528545
0.692383 -0.527735
0.692871 -0.526925
0.693359 -0.526114
0.693848 -0.525304
0.694336 -0.524494
0.694824 -0.523683
0.695312 -0.522872
0.695801 -0.522061
0.696289 -0.52125
0.696777 -0.520439
0.697266 -0.519627
0.697754 -0.518816
0.698242 -0.518004
0.69873 -0.517192
0.699219 -0.51638
0.699707 -0.515568
0.700195 -0.514755
0.700684 -0.513943
0.701172 -0.51313
0.70166 -0.512318
0.702148 -0.511505
0.702637 -0.510692
0.703125 -0.509879
0.703613 -0.509065
0.704102 -0.508252
0.70459 -0.507438
0.705078 -0.506625
0.705566 -0.505811
0.706055 -0.504997
0.706543 -0.504182
0.707031 -0.503368
0.70752 -0.502554
0.708008 -0.501739
0.708496 -0.500924
0.708984 -0.50011
0.709473 -0.499295
0.709961 -0.49848
0.710449 -0.497664
0.710938 -0.496849
0.711426 -0.496033
0.711914 -0.495218
0.712402 -0.494402
0.712891 -0.493586
0.713379 -0.49277
0.713867 -0.491954
0.714355 -0.491137
0.714844 -0.490321
0.715332 -0.489504
0.71582 -0.488688
0.716309 -0.487871
0.716797 -0.487054
0.717285 -0.486237
0.717773 -0.485419
0.718262 -0.484602
0.71875 -0.483784
0.719238 -0.482967
0.719727 -0.482149
0.720215 -0.481331
0.720703 -0.480513
0.721191 -0.479695
0.72168 -0.478877
0.722168 -0.478058
0.722656 -0.47724
0.723145 -0.476421
0.723633 -0.475602
0.724121 -0.474783
0.724609 -0.473964
0.725098 -0.473145
0.725586 -0.472326
0.726074 -0.471506
0.726562 -0.470687
0.727051 -0.469867
0.727539 -0.469047
0.728027 -0.468227
0.728516 -0.467407
0.729004 -0.466587
0.729492 -0.465767
0.72998 -0.464946
0.730469 -0.464126
0.730957 -0.463305
0.731445 -0.462484
0.731934 -0.461663
0.732422 -0.460842
0.73291 -0.460021
0.733398 -0.4592
0.733887 -0.458379
0.734375 -0.457557
0.734863 -0.456735
0.735352 -0.455914
0.73584 -0.455092
0.736328 -0.45427
0.736816 -0.453448
0.737305 -0.452626
0.737793 -0.451803
0.738281 -0.450981
0.73877 -0.450158
0.739258 -0.449336
0.739746 -0.448513
0.740234 -0.44769
0.740723 -0.446867
0.741211 -0.446044
0.741699 -0.44522
0.742188 -0.444397
0.742676 -0.443574
0.743164 -0.44275
0.743652 -0.441926
0.744141 -0.441102
0.744629 -0.440279
0.745117 -0.439454
0.745605 -0.43863
0.746094 -0.437806
0.746582 -0.436982
0.74707 -0.436157
0.747559 -0.435333
0.748047 -0.434508
0.748535 -0.433683
0.749023 -0.432858
0.749512 -0.432033
0.75 -0.431208
0.750488 -0.430383
0.750977 -0.429557
0.751465 -0.428732
0.751953 -0.427906
0.752441 -0.427081
0.75293 -0.426255
0.753418 -0.425429
0.753906 -0.424603
0.754395 -0.423777
0.754883 -0.422951
0.755371 -0.422124
0.755859 -0.421298
0.756348 -0.420471
0.756836 -0.419645
0.757324 -0.418818
0.757812 -0.417991
0.758301 -0.417164
0.758789 -0.416337
0.759277 -0.41551
0.759766 -0.414683
0.760254 -0.413855
0.760742 -0.413028
0.76123 -0.4122
0.761719 -0.411373
0.762207 -0.410545
0.762695 -0.409717
0.763184 -0.408889
0.763672 -0.408061
0.76416 -0.407233
0.764648 -0.406404
0.765137 -0.405576
0.765625 -0.404748
0.766113 -0.403919
0.766602 -0.40309
0.76709 -0.402262
0.767578 -0.401433
0.768066 -0.400604
0.768555 -0.399775
0.769043 -0.398946
0.769531 -0.398116
0.77002 -0.397287
0.770508 -0.396458
0.770996 -0.395628
0.771484 -0.394798
0.771973 -0.393969
0.772461 -0.393139
0.772949 -0.392309
0.773438 -0.391479
0.773926 -0.390649
0.774414 -0.389819
0.774902 -0.388988
0.775391 -0.388158
0.775879 -0.387327
0.776367 -0.386497
0.776855 -0.385666
0.777344 -0.384835
0.777832 -0.384004
0.77832 -0.383173
0.778809 -0.382342
0.779297 -0.381511
0.779785 -0.38068
0.780273 -0.379849
0.780762 -0.379017
0.78125 -0.378186
0.781738 -0.377354
0.782227 -0.376523
0.782715 -0.375691
0.783203 -0.374859
0.783691 -0.374027
0.78418 -0.373195
0.784668 -0.372363
0.785156 -0.371531
0.785645 -0.370698
0.786133 -0.369866
0.786621 -0.369033
0.787109 -0.368201
0.787598 -0.367368
0.788086 -0.366536
0.788574 -0.365703
0.789062 -0.36487
0.789551 -0.364037
0.790039 -0.363204
0.790527 -0.362371
0.791016 -0.361537
0.791504 -0.360704
0.791992 -0.359871
0.79248 -0.359037
0.792969 -0.358203
0.793457 -0.35737
0.793945 -0.356536
0.794434 -0.355702
0.794922 -0.354868
0.79541 -0.354034
0.795898 -0.3532
0.796387 -0.352366
0.796875 -0.351532
0.797363 -0.350697
0.797852 -0.349863
0.79834 -0.349028
0.798828 -0.348194
0.799316 -0.347359
0.799805 -0.346524
0.800293 -0.34569
0.800781 -0.344855
0.80127 -0.34402
0.801758 -0.343185
0.802246 -0.34235
0.802734 -0.341514
0.803223 -0.340679
0.803711 -0.339844
0.804199 -0.339008
0.804688 -0.338173
0.805176 -0.337337
0.805664 -0.336501
0.806152 -0.335666
0.806641 -0.33483
0.807129 -0.333994
0.807617 -0.333158
0.808105 -0.332322
0.808594 -0.331486
0.809082 -0.330649
0.80957 -0.329813
0.810059 -0.328977
0.810547 -0.32814
0.811035 -0.327304
0.811523 -0.326467
0.812012 -0.325631
0.8125 -0.324794
0.812988 -0.323957
0.813477 -0.32312
0.813965 -0.322283
0.814453 -0.321446
0.814941 -0.320609
0.81543 -0.319772
0.815918 -0.318935
0.816406 -0.318097
0.816895 -0.31726
0.817383 -0.316422
0.817871 -0.315585
0.818359 -0.314747
0.818848 -0.313909
0.819336 -0.313072
0.819824 -0.312234
0.820312 -0.311396
0.820801 -0.310558
0.821289 -0.30972
0.821777 -0.308882
0.822266 -0.308044
0.822754 -0.307205
0.823242 -0.306367
0.82373 -0.305529
0.824219 -0.30469
0.824707 -0.303852
0.825195 -0.303013
0.825684 -0.302174
0.826172 -0.301336
0.82666 -0.300497
0.827148 -0.299658
0.827637 -0.298819
0.828125 -0.29798
0.828613 -0.297141
0.829102 -0.296302
0.82959 -0.295463
0.830078 -0.294623
0.830566 -0.293784
0.831055 -0.292945
0.831543 -0.292105
0.832031 -0.291266
0.83252 -0.290426
0.833008 -0.289587
0.833496 -0.288747
0.833984 -0.287907
0.834473 -0.287067
0.834961 -0.286227
0.835449 -0.285387
0.835938 -0.284547
0.836426 -0.283707
0.836914 -0.282867
0.837402 -0.282027
0.837891 -0.281187
0.838379 -0.280346
0.838867 -0.279506
0.839355 -0.278665
0.839844 -0.277825
0.840332 -0.276984
0.84082 -0.276144
0.841309 -0.275303
0.841797 -0.274462
0.842285 -0.273621
0.842773 -0.27278
0.843262 -0.271939
0.84375 -0.271098
0.844238 -0.270257
0.844727 -0.269416
0.845215 -0.268575
0.845703 -0.267734
0.846191 -0.266892
0.84668 -0.266051
0.847168 -0.26521
0.847656 -0.264368
0.848145 -0.263527
0.848633 -0.262685
0.849121 -0.261843
0.849609 -0.261002
0.850098 -0.26016
0.850586 -0.259318
0.851074 -0.258476
0.851562 -0.257634
0.852051 -0.256792
0.852539 -0.25595
0.853027 -0.255108
0.853516 -0.254266
0.854004 -0.253424
0.854492 -0.252581
0.85498 -0.251739
0.855469 -0.250897
0.855957 -0.250054
0.856445 -0.249212
0.856934 -0.248369
0.857422 -0.247527
0.85791 -0.246684
0.858398 -0.245841
0.858887 -0.244998
0.859375 -0.244156
0.859863 -0.243313
0.860352 -0.24247
0.86084 -0.241627
0.861328 -0.240784
0.861816 -0.239941
0.862305 -0.239098
0.862793 -0.238255
0.863281 -0.237411
0.86377 -0.236568
0.864258 -0.235725
0.864746 -0.234881
0.865234 -0.234038
0.865723 -0.233194
0.866211 -0.232351
0.866699 -0.231507
0.867188 -0.230664
0.867676 -0.22982
0.868164 -0.228976
0.868652 -0.228133
0.869141 -0.227289
0.869629 -0.226445
0.870117 -0.225601
0.870605 -0.224757
0.871094 -0.223913
0.871582 -0.223069
0.87207 -0.222225
0.872559 -0.221381
0.873047 -0.220536
0.873535 -0.219692
0.874023 -0.218848
0.874512 -0.218003
0.875 -0.217159
0.875488 -0.216315
0.875977 -0.21547
0.876465 -0.214626
0.876953 -0.213781
0.877441 -0.212936
0.87793 -0.212092
0.878418 -0.211247
0.878906 -0.210402
0.879395 -0.209558
0.879883 -0.208713
0.880371 -0.207868
0.880859 -0.207023
0.881348 -0.206178
0.881836 -0.205333
0.882324 -0.204488
0.882812 -0.203643
0.883301 -0.202798
0.883789 -0.201952
0.884277 -0.201107
0.884766 -0.200262
0.885254 -0.199417
0.885742 -0.198571
0.88623 -0.197726
0.886719 -0.19688
0.887207 -0.196035
0.887695 -0.195189
0.888184 -0.194344
0.888672 -0.193498
0.88916 -0.192652
0.889648 -0.191807
0.890137 -0.190961
0.890625 -0.190115
0.891113 -0.189269
0.891602 -0.188424
0.89209 -0.187578
0.892578 -0.186732
0.893066 -0.185886
0.893555 -0.18504
0.894043 -0.184194
0.894531 -0.183348
0.89502 -0.182502
0.895508 -0.181655
0.895996 -0.180809
0.896484 -0.179963
0.896973 -0.179117
0.897461 -0.17827
0.897949 -0.177424
0.898438 -0.176578
0.898926 -0.175731
0.899414 -0.174885
0.899902 -0.174038
0.900391 -0.173192
0.900879 -0.172345
0.901367 -0.171499
0.901855 -0.170652
0.902344 -0.169806
0.902832 -0.168959
0.90332 -0.168112
0.903809 -0.167265
0.904297 -0.166419
0.904785 -0.165572
0.905273 -0.164725
0.905762 -0.163878
0.90625 -0.163031
0.906738 -0.162184
0.907227 -0.161337
0.907715 -0.16049
0.908203 -0.159643
0.908691 -0.158796
0.90918 -0.157949
0.909668 -0.157102
0.910156 -0.156255
0.910645 -0.155407
0.911133 -0.15456
0.911621 -0.153713
0.912109 -0.152866
0.912598 -0.152018
0.913086 -0.151171
0.913574 -0.150324
0.914062 -0.149476
0.914551 -0.148629
0.915039 -0.147781
0.915527 -0.146934
0.916016 -0.146086
0.916504 -0.145239
0.916992 -0.144391
0.91748 -0.143544
0.917969 -0.142696
0.918457 -0.141848
0.918945 -0.141001
0.919434 -0.140153
0.919922 -0.139305
0.92041 -0.138458
0.920898 -0.13761
0.921387 -0.136762
0.921875 -0.135914
0.922363 -0.135067
0.922852 -0.134219
0.92334 -0.133371
0.923828 -0.132523
0.924316 -0.131675
0.924805 -0.130827
0.925293 -0.129979
0.925781 -0.129132
0.92627 -0.128284
0.926758 -0.127436
0.927246 -0.126588
0.927734 -0.12574
0.928223 -0.124892
0.928711 -0.124044
0.929199 -0.123196
0.929688 -0.122348
0.930176 -0.121499
0.930664 -0.120651
0.931152 -0.119803
0.931641 -0.118955
0.932129 -0.118107
0.932617 -0.117259
0.933105 -0.116411
0.933594 -0.115563
0.934082 -0.114715
0.93457 -0.113867
0.935059 -0.113018
0.935547 -0.11217
0.936035 -0.111322
0.936523 -0.110474
0.937012 -0.109626
0.9375 -0.108778
0.937988 -0.107929
0.938477 -0.107081
0.938965 -0.106233
0.939453 -0.105385
0.939941 -0.104537
0.94043 -0.103689
0.940918 -0.10284
0.941406 -0.101992
0.941895 -0.101144
0.942383 -0.100296
0.942871 -0.0994478
0.943359 -0.0985997
0.943848 -0.0977515
0.944336 -0.0969034
0.944824 -0.0960553
0.945312 -0.0952072
0.945801 -0.0943591
0.946289 -0.093511
0.946777 -0.092663
0.947266 -0.0918149
0.947754 -0.0909669
0.948242 -0.0901189
0.94873 -0.0892709
0.949219 -0.0884229
0.949707 -0.0875749
0.950195 -0.086727
0.950684 -0.0858791
0.951172 -0.0850311
0.95166 -0.0841833
0.952148 -0.0833354
0.952637 -0.0824876
0.953125 -0.0816397
0.953613 -0.0807919
0.954102 -0.0799442
0.95459 -0.0790964
0.955078 -0.0782487
0.955566 -0.077401
0.956055 -0.0765534
0.956543 -0.0757057
0.957031 -0.0748581
0.95752 -0.0740106
0.958008 -0.073163
0.958496 -0.0723155
0.958984 -0.0714681
0.959473 -0.0706206
0.959961 -0.0697732
0.960449 -0.0689259
0.960938 -0.0680785
0.961426 -0.0672312
0.961914 -0.066384
0.962402 -0.0655368
0.962891 -0.0646896
0.963379 -0.0638425
0.963867 -0.0629954
0.964355 -0.0621483
0.964844 -0.0613013
0.965332 -0.0604543
0.96582 -0.0596074
0.966309 -0.0587605
0.966797 -0.0579136
0.967285 -0.0570668
0.967773 -0.0562201
0.968262 -0.0553733
0.96875 -0.0545267
0.969238 -0.05368
0.969727 -0.0528334
0.970215 -0.0519869
0.970703 -0.0511404
0.971191 -0.050294
0.97168 -0.0494475
0.972168 -0.0486012
0.972656 -0.0477549
0.973145 -0.0469086
0.973633 -0.0460624
0.974121 -0.0452162
0.974609 -0.0443701
0.975098 -0.043524
0.975586 -0.042678
0.976074 -0.041832
0.976562 -0.040986
0.977051 -0.0401401
0.977539 -0.0392943
0.978027 -0.0384484
0.978516 -0.0376027
0.979004 -0.0367569
0.979492 -0.0359113
0.97998 -0.0350656
0.980469 -0.03422
0.980957 -0.0333745
0.981445 -0.032529
0.981934 -0.0316835
0.982422 -0.0308381
0.98291 -0.0299927
0.983398 -0.0291473
0.983887 -0.028302
0.984375 -0.0274567
0.984863 -0.0266115
0.985352 -0.0257663
0.98584 -0.0249211
0.986328 -0.024076
0.986816 -0.0232309
0.987305 -0.0223859
0.987793 -0.0215408
0.988281 -0.0206958
0.98877 -0.0198509
0.989258 -0.0190059
0.989746 -0.018161
0.990234 -0.0173161
0.990723 -0.0164713
0.991211 -0.0156264
0.991699 -0.0147816
0.992188 -0.0139368
0.992676 -0.0130921
0.993164 -0.0122473
0.993652 -0.0114026
0.994141 -0.0105579
0.994629 -0.0097132
0.995117 -0.00886852
0.995605 -0.00802386
0.996094 -0.00717921
0.996582 -0.00633457
0.99707 -0.00548994
0.997559 -0.00464532
0.998047 -0.0038007
0.998535 -0.0029561
0.999023 -0.00211149
0.999512 -0.0012669
1 -0.000422298
