0 0.000333599
0.000488281 0.0010008
0.000976562 0.001668
0.00146484 0.0023352
0.00195312 0.0030024
0.00244141 0.0036696
0.00292969 0.00433681
0.00341797 0.00500402
0.00390625 0.00567123
0.00439453 0.00633845
0.00488281 0.00700567
0.00537109 0.00767289
0.00585938 0.00834012
0.00634766 0.00900736
0.00683594 0.0096746
0.00732422 0.0103419
0.0078125 0.0110091
0.00830078 0.0116764
0.00878906 0.0123436
0.00927734 0.0130109
0.00976562 0.0136782
0.0102539 0.0143455
0.0107422 0.0150128
0.0112305 0.0156801
0.0117188 0.0163475
0.012207 0.0170148
0.0126953 0.0176821
0.0131836 0.0183495
0.0136719 0.0190169
0.0141602 0.0196843
0.0146484 0.0203517
0.0151367 0.0210191
0.015625 0.0216865
0.0161133 0.0223539
0.0166016 0.0230214
0.0170898 0.0236888
0.0175781 0.0243563
0.0180664 0.0250238
0.0185547 0.0256913
0.019043 0.0263588
0.0195312 0.0270264
0.0200195 0.0276939
0.0205078 0.0283615
0.0209961 0.0290291
0.0214844 0.0296967
0.0219727 0.0303643
0.0224609 0.031032
0.0229492 0.0316996
0.0234375 0.0323673
0.0239258 0.033035
0.0244141 0.0337027
0.0249023 0.0343704
0.0253906 0.0350382
0.0258789 0.0357059
0.0263672 0.0363737
0.0268555 0.0370415
0.0273438 0.0377093
0.027832 0.0383772
0.0283203 0.039045
0.0288086 0.0397129
0.0292969 0.0403808
0.0297852 0.0410487
0.0302734 0.0417167
0.0307617 0.0423846
0.03125 0.0430526
0.0317383 0.0437206
0.0322266 0.0443886
0.0327148 0.0450567
0.0332031 0.0457247
0.0336914 0.0463928
0.0341797 0.0470609
0.034668 0.0477291
0.0351562 0.0483972
0.0356445 0.0490654
0.0361328 0.0497335
0.0366211 0.0504017
0.0371094 0.05107
0.0375977 0.0517382
0.0380859 0.0524065
0.0385742 0.0530748
0.0390625 0.0537431
0.0395508 0.0544114
0.0400391 0.0550797
0.0405273 0.0557481
0.0410156 0.0564165
0.0415039 0.0570849
0.0419922 0.0577533
0.0424805 0.0584217
0.0429688 0.0590902
0.043457 0.0597587
0.0439453 0.0604272
0.0444336 0.0610957
0.0449219 0.0617642
0.0454102 0.0624328
0.0458984 0.0631014
0.0463867 0.0637699
0.046875 0.0644386
0.0473633 0.0651072
0.0478516 0.0657758
0.0483398 0.0664445
0.0488281 0.0671132
0.0493164 0.0677819
0.0498047 0.0684506
0.050293 0.0691193
0.0507812 0.0697881
0.0512695 0.0704568
0.0517578 0.0711256
0.0522461 0.0717944
0.0527344 0.0724632
0.0532227 0.073132
0.0537109 0.0738009
0.0541992 0.0744697
0.0546875 0.0751386
0.0551758 0.0758075
0.0556641 0.0764764
0.0561523 0.0771453
0.0566406 0.0778142
0.0571289 0.0784832
0.0576172 0.0791521
0.0581055 0.0798211
0.0585938 0.0804901
0.059082 0.0811591
0.0595703 0.0818281
0.0600586 0.0824971
0.0605469 0.0831661
0.0610352 0.0838351
0.0615234 0.0845042
0.0620117 0.0851732
0.0625 0.0858423
0.0629883 0.0865114
0.0634766 0.0871805
0.0639648 0.0878496
0.0644531 0.0885187
0.0649414 0.0891878
0.0654297 0.0898569
0.065918 0.090526
0.0664062 0.0911952
0.0668945 0.0918643
0.0673828 0.0925335
0.0678711 0.0932026
0.0683594 0.0938718
0.0688477 0.094541
0.0693359 0.0952101
0.0698242 0.0958793
0.0703125 0.0965485
0.0708008 0.0972177
0.0712891 0.0978869
0.0717773 0.0985561
0.0722656 0.0992253
0.0727539 0.0998945
0.0732422 0.100564
0.0737305 0.101233
0.0742188 0.101902
0.074707 0.102571
0.0751953 0.103241
0.0756836 0.10391
0.0761719 0.104579
0.0766602 0.105248
0.0771484 0.105918
0.0776367 0.106587
0.078125 0.107256
0.0786133 0.107925
0.0791016 0.108594
0.0795898 0.109264
0.0800781 0.109933
0.0805664 0.110602
0.0810547 0.111271
0.081543 0.111941
0.0820312 0.11261
0.0825195 0.113279
0.0830078 0.113948
0.0834961 0.114618
0.0839844 0.115287
0.0844727 0.115956
0.0849609 0.116625
0.0854492 0.117294
0.0859375 0.117964
0.0864258 0.118633
0.0869141 0.119302
0.0874023 0.119971
0.0878906 0.12064
0.0883789 0.12131
0.0888672 0.121979
0.0893555 0.122648
0.0898438 0.123317
0.090332 0.123986
0.0908203 0.124655
0.0913086 0.125325
0.0917969 0.125994
0.0922852 0.126663
0.0927734 0.127332
0.0932617 0.128001
0.09375 0.12867
0.0942383 0.129339
0.0947266 0.130009
0.0952148 0.130678
0.0957031 0.131347
0.0961914 0.132016
0.0966797 0.132685
0.097168 0.133354
0.0976562 0.134023
0.0981445 0.134692
0.0986328 0.135361
0.0991211 0.13603
0.0996094 0.136699
0.100098 0.137368
0.100586 0.138037
0.101074 0.138706
0.101562 0.139375
0.102051 0.140044
0.102539 0.140713
0.103027 0.141382
0.103516 0.142051
0.104004 0.14272
0.104492 0.143389
0.10498 0.144058
0.105469 0.144727
0.105957 0.145395
0.106445 0.146064
0.106934 0.146733
0.107422 0.147402
0.10791 0.148071
0.108398 0.14874
0.108887 0.149408
0.109375 0.150077
0.109863 0.150746
0.110352 0.151415
0.11084 0.152083
0.111328 0.152752
0.111816 0.153421
0.112305 0.15409
0.112793 0.154758
0.113281 0.155427
0.11377 0.156096
0.114258 0.156764
0.114746 0.157433
0.115234 0.158102
0.115723 0.15877
0.116211 0.159439
0.116699 0.160107
0.117188 0.160776
0.117676 0.161445
0.118164 0.162113
0.118652 0.162782
0.119141 0.16345
0.119629 0.164119
0.120117 0.164787
0.120605 0.165456
0.121094 0.166124
0.121582 0.166792
0.12207 0.167461
0.122559 0.168129
0.123047 0.168798
0.123535 0.169466
0.124023 0.170134
0.124512 0.170803
0.125 0.171471
0.125488 0.172139
0.125977 0.172808
0.126465 0.173476
0.126953 0.174144
0.127441 0.174812
0.12793 0.17548
0.128418 0.176149
0.128906 0.176817
0.129395 0.177485
0.129883 0.178153
0.130371 0.178821
0.130859 0.179489
0.131348 0.180157
0.131836 0.180826
0.132324 0.181494
0.132812 0.182162
0.133301 0.18283
0.133789 0.183498
0.134277 0.184166
0.134766 0.184834
0.135254 0.185502
0.135742 0.186169
0.13623 0.186837
0.136719 0.187505
0.137207 0.188173
0.137695 0.188841
0.138184 0.189509
0.138672 0.190177
0.13916 0.190844
0.139648 0.191512
0.140137 0.19218
0.140625 0.192848
0.141113 0.193515
0.141602 0.194183
0.14209 0.194851
0.142578 0.195518
0.143066 0.196186
0.143555 0.196854
0.144043 0.197521
0.144531 0.198189
0.14502 0.198856
0.145508 0.199524
0.145996 0.200191
0.146484 0.200859
0.146973 0.201526
0.147461 0.202194
0.147949 0.202861
0.148438 0.203529
0.148926 0.204196
0.149414 0.204863
0.149902 0.205531
0.150391 0.206198
0.150879 0.206865
0.151367 0.207533
0.151855 0.2082
0.152344 0.208867
0.152832 0.209534
0.15332 0.210201
0.153809 0.210869
0.154297 0.211536
0.154785 0.212203
0.155273 0.21287
0.155762 0.213537
0.15625 0.214204
0.156738 0.214871
0.157227 0.215538
0.157715 0.216205
0.158203 0.216872
0.158691 0.217539
0.15918 0.218206
0.159668 0.218873
0.160156 0.21954
0.160645 0.220207
0.161133 0.220873
0.161621 0.22154
0.162109 0.222207
0.162598 0.222874
0.163086 0.22354
0.163574 0.224207
0.164062 0.224874
0.164551 0.225541
0.165039 0.226207
0.165527 0.226874
0.166016 0.22754
0.166504 0.228207
0.166992 0.228874
0.16748 0.22954
0.167969 0.230207
0.168457 0.230873
0.168945 0.231539
0.169434 0.232206
0.169922 0.232872
0.17041 0.233539
0.170898 0.234205
0.171387 0.234871
0.171875 0.235538
0.172363 0.236204
0.172852 0.23687
0.17334 0.237536
0.173828 0.238203
0.174316 0.238869
0.174805 0.239535
0.175293 0.240201
0.175781 0.240867
0.17627 0.241533
0.176758 0.242199
0.177246 0.242865
0.177734 0.243531
0.178223 0.244197
0.178711 0.244863
0.179199 0.245529
0.179688 0.246195
0.180176 0.246861
0.180664 0.247527
0.181152 0.248193
0.181641 0.248858
0.182129 0.249524
0.182617 0.25019
0.183105 0.250856
0.183594 0.251521
0.184082 0.252187
0.18457 0.252852
0.185059 0.253518
0.185547 0.254184
0.186035 0.254849
0.186523 0.255515
0.187012 0.25618
0.1875 0.256846
0.187988 0.257511
0.188477 0.258177
0.188965 0.258842
0.189453 0.259507
0.189941 0.260173
0.19043 0.260838
0.190918 0.261503
0.191406 0.262168
0.191895 0.262834
0.192383 0.263499
0.192871 0.264164
0.193359 0.264829
0.193848 0.265494
0.194336 0.266159
0.194824 0.266824
0.195312 0.267489
0.195801 0.268154
0.196289 0.268819
0.196777 0.269484
0.197266 0.270149
0.197754 0.270814
0.198242 0.271479
0.19873 0.272144
0.199219 0.272808
0.199707 0.273473
0.200195 0.274138
0.200684 0.274802
0.201172 0.275467
0.20166 0.276132
0.202148 0.276796
0.202637 0.277461
0.203125 0.278125
0.203613 0.27879
0.204102 0.279454
0.20459 0.280119
0.205078 0.280783
0.205566 0.281448
0.206055 0.282112
0.206543 0.282776
0.207031 0.283441
0.20752 0.284105
0.208008 0.284769
0.208496 0.285433
0.208984 0.286098
0.209473 0.286762
0.209961 0.287426
0.210449 0.28809
0.210938 0.288754
0.211426 0.289418
0.211914 0.290082
0.212402 0.290746
0.212891 0.29141
0.213379 0.292074
0.213867 0.292737
0.214355 0.293401
0.214844 0.294065
0.215332 0.294729
0.21582 0.295393
0.216309 0.296056
0.216797 0.29672
0.217285 0.297384
0.217773 0.298047
0.218262 0.298711
0.21875 0.299374
0.219238 0.300038
0.219727 0.300701
0.220215 0.301365
0.220703 0.302028
0.221191 0.302691
0.22168 0.303355
0.222168 0.304018
0.222656 0.304681
0.223145 0.305344
0.223633 0.306008
0.224121 0.306671
0.224609 0.307334
0.225098 0.307997
0.225586 0.30866
0.226074 0.309323
0.226562 0.309986
0.227051 0.310649
0.227539 0.311312
0.228027 0.311975
0.228516 0.312638
0.229004 0.3133
0.229492 0.313963
0.22998 0.314626
0.230469 0.315289
0.230957 0.315951
0.231445 0.316614
0.231934 0.317277
0.232422 0.317939
0.23291 0.318602
0.233398 0.319264
0.233887 0.319927
0.234375 0.320589
0.234863 0.321251
0.235352 0.321914
0.23584 0.322576
0.236328 0.323238
0.236816 0.323901
0.237305 0.324563
0.237793 0.325225
0.238281 0.325887
0.23877 0.326549
0.239258 0.327211
0.239746 0.327873
0.240234 0.328535
0.240723 0.329197
0.241211 0.329859
0.241699 0.330521
0.242188 0.331183
0.242676 0.331845
0.243164 0.332506
0.243652 0.333168
0.244141 0.33383
0.244629 0.334491
0.245117 0.335153
0.245605 0.335815
0.246094 0.336476
0.246582 0.337138
0.24707 0.337799
0.247559 0.33846
0.248047 0.339122
0.248535 0.339783
0.249023 0.340444
0.249512 0.341106
0.25 0.341767
0.250488 0.342428
0.250977 0.343089
0.251465 0.34375
0.251953 0.344411
0.252441 0.345072
0.25293 0.345733
0.253418 0.346394
0.253906 0.347055
0.254395 0.347716
0.254883 0.348377
0.255371 0.349038
0.255859 0.349698
0.256348 0.350359
0.256836 0.35102
0.257324 0.35168
0.257812 0.352341
0.258301 0.353002
0.258789 0.353662
0.259277 0.354323
0.259766 0.354983
0.260254 0.355643
0.260742 0.356304
0.26123 0.356964
0.261719 0.357624
0.262207 0.358284
0.262695 0.358945
0.263184 0.359605
0.263672 0.360265
0.26416 0.360925
0.264648 0.361585
0.265137 0.362245
0.265625 0.362905
0.266113 0.363565
0.266602 0.364224
0.26709 0.364884
0.267578 0.365544
0.268066 0.366204
0.268555 0.366863
0.269043 0.367523
0.269531 0.368183
0.27002 0.368842
0.270508 0.369502
0.270996 0.370161
0.271484 0.37082
0.271973 0.37148
0.272461 0.372139
0.272949 0.372798
0.273438 0.373458
0.273926 0.374117
0.274414 0.374776
0.274902 0.375435
0.275391 0.376094
0.275879 0.376753
0.276367 0.377412
0.276855 0.378071
0.277344 0.37873
0.277832 0.379389
0.27832 0.380047
0.278809 0.380706
0.279297 0.381365
0.279785 0.382023
0.280273 0.382682
0.280762 0.383341
0.28125 0.383999
0.281738 0.384657
0.282227 0.385316
0.282715 0.385974
0.283203 0.386633
0.283691 0.387291
0.28418 0.387949
0.284668 0.388607
0.285156 0.389265
0.285645 0.389923
0.286133 0.390582
0.286621 0.39124
0.287109 0.391897
0.287598 0.392555
0.288086 0.393213
0.288574 0.393871
0.289062 0.394529
0.289551 0.395187
0.290039 0.395844
0.290527 0.396502
0.291016 0.397159
0.291504 0.397817
0.291992 0.398474
0.29248 0.399132
0.292969 0.399789
0.293457 0.400446
0.293945 0.401104
0.294434 0.401761
0.294922 0.402418
0.29541 0.403075
0.295898 0.403732
0.296387 0.404389
0.296875 0.405046
0.297363 0.405703
0.297852 0.40636
0.29834 0.407017
0.298828 0.407674
0.299316 0.408331
0.299805 0.408987
0.300293 0.409644
0.300781 0.4103
0.30127 0.410957
0.301758 0.411613
0.302246 0.41227
0.302734 0.412926
0.303223 0.413583
0.303711 0.414239
0.304199 0.414895
0.304688 0.415551
0.305176 0.416207
0.305664 0.416863
0.306152 0.417519
0.306641 0.418175
0.307129 0.418831
0.307617 0.419487
0.308105 0.420143
0.308594 0.420799
0.309082 0.421455
0.30957 0.42211
0.310059 0.422766
0.310547 0.423421
0.311035 0.424077
0.311523 0.424732
0.312012 0.425388
0.3125 0.426043
0.312988 0.426698
0.313477 0.427354
0.313965 0.428009
0.314453 0.428664
0.314941 0.429319
0.31543 0.429974
0.315918 0.430629
0.316406 0.431284
0.316895 0.431939
0.317383 0.432593
0.317871 0.433248
0.318359 0.433903
0.318848 0.434558
0.319336 0.435212
0.319824 0.435867
0.320312 0.436521
0.320801 0.437175
0.321289 0.43783
0.321777 0.438484
0.322266 0.439138
0.322754 0.439793
0.323242 0.440447
0.32373 0.441101
0.324219 0.441755
0.324707 0.442409
0.325195 0.443063
0.325684 0.443717
0.326172 0.44437
0.32666 0.445024
0.327148 0.445678
0.327637 0.446331
0.328125 0.446985
0.328613 0.447639
0.329102 0.448292
0.32959 0.448945
0.330078 0.449599
0.330566 0.450252
0.331055 0.450905
0.331543 0.451558
0.332031 0.452211
0.33252 0.452865
0.333008 0.453517
0.333496 0.45417
0.333984 0.454823
0.334473 0.455476
0.334961 0.456129
0.335449 0.456782
0.335938 0.457434
0.336426 0.458087
0.336914 0.458739
0.337402 0.459392
0.337891 0.460044
0.338379 0.460696
0.338867 0.461349
0.339355 0.462001
0.339844 0.462653
0.340332 0.463305
0.34082 0.463957
0.341309 0.464609
0.341797 0.465261
0.342285 0.465913
0.342773 0.466565
0.343262 0.467216
0.34375 0.467868
0.344238 0.46852
0.344727 0.469171
0.345215 0.469823
0.345703 0.470474
0.346191 0.471126
0.34668 0.471777
0.347168 0.472428
0.347656 0.473079
0.348145 0.47373
0.348633 0.474381
0.349121 0.475032
0.349609 0.475683
0.350098 0.476334
0.350586 0.476985
0.351074 0.477636
0.351562 0.478286
0.352051 0.478937
0.352539 0.479587
0.353027 0.480238
0.353516 0.480888
0.354004 0.481539
0.354492 0.482189
0.35498 0.482839
0.355469 0.483489
0.355957 0.484139
0.356445 0.484789
0.356934 0.485439
0.357422 0.486089
0.35791 0.486739
0.358398 0.487389
0.358887 0.488038
0.359375 0.488688
0.359863 0.489337
0.360352 0.489987
0.36084 0.490636
0.361328 0.491286
0.361816 0.491935
0.362305 0.492584
0.362793 0.493233
0.363281 0.493882
0.36377 0.494531
0.364258 0.49518
0.364746 0.495829
0.365234 0.496478
0.365723 0.497127
0.366211 0.497775
0.366699 0.498424
0.367188 0.499073
0.367676 0.499721
0.368164 0.500369
0.368652 0.501018
0.369141 0.501666
0.369629 0.502314
0.370117 0.502962
0.370605 0.50361
0.371094 0.504258
0.371582 0.504906
0.37207 0.505554
0.372559 0.506202
0.373047 0.50685
0.373535 0.507497
0.374023 0.508145
0.374512 0.508792
0.375 0.50944
0.375488 0.510087
0.375977 0.510734
0.376465 0.511381
0.376953 0.512028
0.377441 0.512676
0.37793 0.513322
0.378418 0.513969
0.378906 0.514616
0.379395 0.515263
0.379883 0.51591
0.380371 0.516556
0.380859 0.517203
0.381348 0.517849
0.381836 0.518496
0.382324 0.519142
0.382812 0.519788
0.383301 0.520434
0.383789 0.52108
0.384277 0.521726
0.384766 0.522372
0.385254 0.523018
0.385742 0.523664
0.38623 0.52431
0.386719 0.524955
0.387207 0.525601
0.387695 0.526247
0.388184 0.526892
0.388672 0.527537
0.38916 0.528183
0.389648 0.528828
0.390137 0.529473
0.390625 0.530118
0.391113 0.530763
0.391602 0.531408
0.39209 0.532052
0.392578 0.532697
0.393066 0.533342
0.393555 0.533986
0.394043 0.534631
0.394531 0.535275
0.39502 0.53592
0.395508 0.536564
0.395996 0.537208
0.396484 0.537852
0.396973 0.538496
0.397461 0.53914
0.397949 0.539784
0.398438 0.540428
0.398926 0.541071
0.399414 0.541715
0.399902 0.542359
0.400391 0.543002
0.400879 0.543645
0.401367 0.544289
0.401855 0.544932
0.402344 0.545575
0.402832 0.546218
0.40332 0.546861
0.403809 0.547504
0.404297 0.548147
0.404785 0.54879
0.405273 0.549432
0.405762 0.550075
0.40625 0.550717
0.406738 0.55136
0.407227 0.552002
0.407715 0.552644
0.408203 0.553286
0.408691 0.553928
0.40918 0.55457
0.409668 0.555212
0.410156 0.555854
0.410645 0.556496
0.411133 0.557137
0.411621 0.557779
0.412109 0.55842
0.412598 0.559062
0.413086 0.559703
0.413574 0.560344
0.414062 0.560985
0.414551 0.561626
0.415039 0.562267
0.415527 0.562908
0.416016 0.563549
0.416504 0.56419
0.416992 0.56483
0.41748 0.565471
0.417969 0.566111
0.418457 0.566752
0.418945 0.567392
0.419434 0.568032
0.419922 0.568672
0.42041 0.569312
0.420898 0.569952
0.421387 0.570592
0.421875 0.571232
0.422363 0.571871
0.422852 0.572511
0.42334 0.57315
0.423828 0.57379
0.424316 0.574429
0.424805 0.575068
0.425293 0.575707
0.425781 0.576346
0.42627 0.576985
0.426758 0.577624
0.427246 0.578263
0.427734 0.578901
0.428223 0.57954
0.428711 0.580178
0.429199 0.580817
0.429688 0.581455
0.430176 0.582093
0.430664 0.582731
0.431152 0.583369
0.431641 0.584007
0.432129 0.584645
0.432617 0.585282
0.433105 0.58592
0.433594 0.586558
0.434082 0.587195
0.43457 0.587832
0.435059 0.58847
0.435547 0.589107
0.436035 0.589744
0.436523 0.590381
0.437012 0.591018
0.4375 0.591654
0.437988 0.592291
0.438477 0.592928
0.438965 0.593564
0.439453 0.5942
0.439941 0.594837
0.44043 0.595473
0.440918 0.596109
0.441406 0.596745
0.441895 0.597381
0.442383 0.598016
0.442871 0.598652
0.443359 0.599288
0.443848 0.599923
0.444336 0.600559
0.444824 0.601194
0.445312 0.601829
0.445801 0.602464
0.446289 0.603099
0.446777 0.603734
0.447266 0.604369
0.447754 0.605003
0.448242 0.605638
0.44873 0.606273
0.449219 0.606907
0.449707 0.607541
0.450195 0.608175
0.450684 0.608809
0.451172 0.609443
0.45166 0.610077
0.452148 0.610711
0.452637 0.611345
0.453125 0.611978
0.453613 0.612612
0.454102 0.613245
0.45459 0.613878
0.455078 0.614511
0.455566 0.615144
0.456055 0.615777
0.456543 0.61641
0.457031 0.617043
0.45752 0.617675
0.458008 0.618308
0.458496 0.61894
0.458984 0.619573
0.459473 0.620205
0.459961 0.620837
0.460449 0.621469
0.460938 0.622101
0.461426 0.622732
0.461914 0.623364
0.462402 0.623996
0.462891 0.624627
0.463379 0.625258
0.463867 0.62589
0.464355 0.626521
0.464844 0.627152
0.465332 0.627782
0.46582 0.628413
0.466309 0.629044
0.466797 0.629674
0.467285 0.630305
0.467773 0.630935
0.468262 0.631565
0.46875 0.632195
0.469238 0.632825
0.469727 0.633455
0.470215 0.634085
0.470703 0.634715
0.471191 0.635344
0.47168 0.635974
0.472168 0.636603
0.472656 0.637232
0.473145 0.637861
0.473633 0.63849
0.474121 0.639119
0.474609 0.639748
0.475098 0.640376
0.475586 0.641005
0.476074 0.641633
0.476562 0.642261
0.477051 0.642889
0.477539 0.643517
0.478027 0.644145
0.478516 0.644773
0.479004 0.645401
0.479492 0.646028
0.47998 0.646656
0.480469 0.647283
0.480957 0.64791
0.481445 0.648537
0.481934 0.649164
0.482422 0.649791
0.48291 0.650418
0.483398 0.651044
0.483887 0.651671
0.484375 0.652297
0.484863 0.652923
0.485352 0.653549
0.48584 0.654175
0.486328 0.654801
0.486816 0.655427
0.487305 0.656053
0.487793 0.656678
0.488281 0.657303
0.48877 0.657929
0.489258 0.658554
0.489746 0.659179
0.490234 0.659804
0.490723 0.660428
0.491211 0.661053
0.491699 0.661677
0.492188 0.662302
0.492676 0.662926
0.493164 0.66355
0.493652 0.664173
0.494141 0.664794
0.494629 0.665411
0.495117 0.666015
0.495605 0.666583
0.496094 0.667045
0.496582 0.667204
0.49707 0.666489
0.497559 0.663262
0.498047 0.652862
0.498535 0.62237
0.499023 0.53889
0.499512 0.340134
0.5 2.31126e-14
0.500488 -0.340134
0.500977 -0.53889
0.501465 -0.62237
0.501953 -0.652862
0.502441 -0.663262
0.50293 -0.666489
0.503418 -0.667204
0.503906 -0.667045
0.504395 -0.666583
0.504883 -0.666015
0.505371 -0.665411
0.505859 -0.664794
0.506348 -0.664173
0.506836 -0.66355
0.507324 -0.662926
0.507812 -0.662302
0.508301 -0.661677
0.508789 -0.661053
0.509277 -0.660428
0.509766 -0.659804
0.510254 -0.659179
0.510742 -0.658554
0.51123 -0.657929
0.511719 -0.657303
0.512207 -0.656678
0.512695 -0.656053
0.513184 -0.655427
0.513672 -0.654801
0.51416 -0.654175
0.514648 -0.653549
0.515137 -0.652923
0.515625 -0.652297
0.516113 -0.651671
0.516602 -0.651044
0.51709 -0.650418
0.517578 -0.649791
0.518066 -0.649164
0.518555 -0.648537
0.519043 -0.64791
0.519531 -0.647283
0.52002 -0.646656
0.520508 -0.646028
0.520996 -0.645401
0.521484 -0.644773
0.521973 -0.644145
0.522461 -0.643517
0.522949 -0.642889
0.523438 -0.642261
0.523926 -0.641633
0.524414 -0.641005
0.524902 -0.640376
0.525391 -0.639748
0.525879 -0.639119
0.526367 -0.63849
0.526855 -0.637861
0.527344 -0.637232
0.527832 -0.636603
0.52832 -0.635974
0.528809 -0.635344
0.529297 -0.634715
0.529785 -0.634085
0.530273 -0.633455
0.530762 -0.632825
0.53125 -0.632195
0.531738 -0.631565
0.532227 -0.630935
0.532715 -0.630305
0.533203 -0.629674
0.533691 -0.629044
0.53418 -0.628413
0.534668 -0.627782
0.535156 -0.627152
0.535645 -0.626521
0.536133 -0.62589
0.536621 -0.625258
0.537109 -0.624627
0.537598 -0.623996
0.538086 -0.623364
0.538574 -0.622732
0.539062 -0.622101
0.539551 -0.621469
0.540039 -0.620837
0.540527 -0.620205
0.541016 -0.619573
0.541504 -0.61894
0.541992 -0.618308
0.54248 -0.617675
0.542969 -0.617043
0.543457 -0.61641
0.543945 -0.615777
0.544434 -0.615144
0.544922 -0.614511
0.54541 -0.613878
0.545898 -0.613245
0.546387 -0.612612
0.546875 -0.611978
0.547363 -0.611345
0.547852 -0.610711
0.54834 -0.610077
0.548828 -0.609443
0.549316 -0.608809
0.549805 -0.608175
0.550293 -0.607541
0.550781 -0.606907
0.55127 -0.606273
0.551758 -0.605638
0.552246 -0.605003
0.552734 -0.604369
0.553223 -0.603734
0.553711 -0.603099
0.554199 -0.602464
0.554688 -0.601829
0.555176 -0.601194
0.555664 -0.600559
0.556152 -0.599923
0.556641 -0.599288
0.557129 -0.598652
0.557617 -0.598016
0.558105 -0.597381
0.558594 -0.596745
0.559082 -0.596109
0.55957 -0.595473
0.560059 -0.594837
0.560547 -0.5942
0.561035 -0.593564
0.561523 -0.592928
0.562012 -0.592291
0.5625 -0.591654
0.562988 -0.591018
0.563477 -0.590381
0.563965 -0.589744
0.564453 -0.589107
0.564941 -0.58847
0.56543 -0.587832
0.565918 -0.587195
0.566406 -0.586558
0.566895 -0.58592
0.567383 -0.585282
0.567871 -0.584645
0.568359 -0.584007
0.568848 -0.583369
0.569336 -0.582731
0.569824 -0.582093
0.570312 -0.581455
0.570801 -0.580817
0.571289 -0.580178
0.571777 -0.57954
0.572266 -0.578901
0.572754 -0.578263
0.573242 -0.577624
0.57373 -0.576985
0.574219 -0.576346
0.574707 -0.575707
0.575195 -0.575068
0.575684 -0.574429
0.576172 -0.57379
0.57666 -0.57315
0.577148 -0.572511
0.577637 -0.571871
0.578125 -0.571232
0.578613 -0.570592
0.579102 -0.569952
0.57959 -0.569312
0.580078 -0.568672
0.580566 -0.568032
0.581055 -0.567392
0.581543 -0.566752
0.582031 -0.566111
0.58252 -0.565471
0.583008 -0.56483
0.583496 -0.56419
0.583984 -0.563549
0.584473 -0.562908
0.584961 -0.562267
0.585449 -0.561626
0.585938 -0.560985
0.586426 -0.560344
0.586914 -0.559703
0.587402 -0.559062
0.587891 -0.55842
0.588379 -0.557779
0.588867 -0.557137
0.589355 -0.556496
0.589844 -0.555854
0.590332 -0.555212
0.59082 -0.55457
0.591309 -0.553928
0.591797 -0.553286
0.592285 -0.552644
0.592773 -0.552002
0.593262 -0.55136
0.59375 -0.550717
0.594238 -0.550075
0.594727 -0.549432
0.595215 -0.54879
0.595703 -0.548147
0.596191 -0.547504
0.59668 -0.546861
0.597168 -0.546218
0.597656 -0.545575
0.598145 -0.544932
0.598633 -0.544289
0.599121 -0.543645
0.599609 -0.543002
0.600098 -0.542359
0.600586 -0.541715
0.601074 -0.541071
0.601562 -0.540428
0.602051 -0.539784
0.602539 -0.53914
0.603027 -0.538496
0.603516 -0.537852
0.604004 -0.537208
0.604492 -0.536564
0.60498 -0.53592
0.605469 -0.535275
0.605957 -0.534631
0.606445 -0.533986
0.606934 -0.533342
0.607422 -0.532697
0.60791 -0.532052
0.608398 -0.531408
0.608887 -0.530763
0.609375 -0.530118
0.609863 -0.529473
0.610352 -0.528828
0.61084 -0.528183
0.611328 -0.527537
0.611816 -0.526892
0.612305 -0.526247
0.612793 -0.525601
0.613281 -0.524955
0.61377 -0.52431
0.614258 -0.523664
0.614746 -0.523018
0.615234 -0.522372
0.615723 -0.521726
0.616211 -0.52108
0.616699 -0.520434
0.617188 -0.519788
0.617676 -0.519142
0.618164 -0.518496
0.618652 -0.517849
0.619141 -0.517203
0.619629 -0.516556
0.620117 -0.51591
0.620605 -0.515263
0.621094 -0.514616
0.621582 -0.513969
0.62207 -0.513322
0.622559 -0.512676
0.623047 -0.512028
0.623535 -0.511381
0.624023 -0.510734
0.624512 -0.510087
0.625 -0.50944
0.625488 -0.508792
0.625977 -0.508145
0.626465 -0.507497
0.626953 -0.50685
0.627441 -0.506202
0.62793 -0.505554
0.628418 -0.504906
0.628906 -0.504258
0.629395 -0.50361
0.629883 -0.502962
0.630371 -0.502314
0.630859 -0.501666
0.631348 -0.501018
0.631836 -0.500369
0.632324 -0.499721
0.632812 -0.499073
0.633301 -0.498424
0.633789 -0.497775
0.634277 -0.497127
0.634766 -0.496478
0.635254 -0.495829
0.635742 -0.49518
0.63623 -0.494531
0.636719 -0.493882
0.637207 -0.493233
0.637695 -0.492584
0.638184 -0.491935
0.638672 -0.491286
0.63916 -0.490636
0.639648 -0.489987
0.640137 -0.489337
0.640625 -0.488688
0.641113 -0.488038
0.641602 -0.487389
0.64209 -0.486739
0.642578 -0.486089
0.643066 -0.485439
0.643555 -0.484789
0.644043 -0.484139
0.644531 -0.483489
0.64502 -0.482839
0.645508 -0.482189
0.645996 -0.481539
0.646484 -0.480888
0.646973 -0.480238
0.647461 -0.479587
0.647949 -0.478937
0.648438 -0.478286
0.648926 -0.477636
0.649414 -0.476985
0.649902 -0.476334
0.650391 -0.475683
0.650879 -0.475032
0.651367 -0.474381
0.651855 -0.47373
0.652344 -0.473079
0.652832 -0.472428
0.65332 -0.471777
0.653809 -0.471126
0.654297 -0.470474
0.654785 -0.469823
0.655273 -0.469171
0.655762 -0.46852
0.65625 -0.467868
0.656738 -0.467216
0.657227 -0.466565
0.657715 -0.465913
0.658203 -0.465261
0.658691 -0.464609
0.65918 -0.463957
0.659668 -0.463305
0.660156 -0.462653
0.660645 -0.462001
0.661133 -0.461349
0.661621 -0.460696
0.662109 -0.460044
0.662598 -0.459392
0.663086 -0.458739
0.663574 -0.458087
0.664062 -0.457434
0.664551 -0.456782
0.665039 -0.456129
0.665527 -0.455476
0.666016 -0.454823
0.666504 -0.45417
0.666992 -0.453517
0.66748 -0.452865
0.667969 -0.452211
0.668457 -0.451558
0.668945 -0.450905
0.669434 -0.450252
0.669922 -0.449599
0.67041 -0.448945
0.670898 -0.448292
0.671387 -0.447639
0.671875 -0.446985
0.672363 -0.446331
0.672852 -0.445678
0.67334 -0.445024
0.673828 -0.44437
0.674316 -0.443717
0.674805 -0.443063
0.675293 -0.442409
0.675781 -0.441755
0.67627 -0.441101
0.676758 -0.440447
0.677246 -0.439793
0.677734 -0.439138
0.678223 -0.438484
0.678711 -0.43783
0.679199 -0.437175
0.679688 -0.436521
0.680176 -0.435867
0.680664 -0.435212
0.681152 -0.434558
0.681641 -0.433903
0.682129 -0.433248
0.682617 -0.432593
0.683105 -0.431939
0.683594 -0.431284
0.684082 -0.430629
0.68457 -0.429974
0.685059 -0.429319
0.685547 -0.428664
0.686035 -0.428009
0.686523 -0.427354
0.687012 -0.426698
0.6875 -0.426043
0.687988 -0.425388
0.688477 -0.424732
0.688965 -0.424077
0.689453 -0.423421
0.689941 -0.422766
0.69043 -0.42211
0.690918 -0.421455
0.691406 -0.420799
0.691895 -0.420143
0.692383 -0.419487
0.692871 -0.418831
0.693359 -0.418175
0.693848 -0.417519
0.694336 -0.416863
0.694824 -0.416207
0.695312 -0.415551
0.695801 -0.414895
0.696289 -0.414239
0.696777 -0.413583
0.697266 -0.412926
0.697754 -0.41227
0.698242 -0.411613
0.69873 -0.410957
0.699219 -0.4103
0.699707 -0.409644
0.700195 -0.408987
0.700684 -0.408331
0.701172 -0.407674
0.70166 -0.407017
0.702148 -0.40636
0.702637 -0.405703
0.703125 -0.405046
0.703613 -0.404389
0.704102 -0.403732
0.70459 -0.403075
0.705078 -0.402418
0.705566 -0.401761
0.706055 -0.401104
0.706543 -0.400446
0.707031 -0.399789
0.70752 -0.399132
0.708008 -0.398474
0.708496 -0.397817
0.708984 -0.397159
0.709473 -0.396502
0.709961 -0.395844
0.710449 -0.395187
0.710938 -0.394529
0.711426 -0.393871
0.711914 -0.393213
0.712402 -0.392555
0.712891 -0.391897
0.713379 -0.39124
0.713867 -0.390582
0.714355 -0.389923
0.714844 -0.389265
0.715332 -0.388607
0.71582 -0.387949
0.716309 -0.387291
0.716797 -0.386633
0.717285 -0.385974
0.717773 -0.385316
0.718262 -0.384657
0.71875 -0.383999
0.719238 -0.383341
0.719727 -0.382682
0.720215 -0.382023
0.720703 -0.381365
0.721191 -0.380706
0.72168 -0.380047
0.722168 -0.379389
0.722656 -0.37873
0.723145 -0.378071
0.723633 -0.377412
0.724121 -0.376753
0.724609 -0.376094
0.725098 -0.375435
0.725586 -0.374776
0.726074 -0.374117
0.726562 -0.373458
0.727051 -0.372798
0.727539 -0.372139
0.728027 -0.37148
0.728516 -0.37082
0.729004 -0.370161
0.729492 -0.369502
0.72998 -0.368842
0.730469 -0.368183
0.730957 -0.367523
0.731445 -0.366863
0.731934 -0.366204
0.732422 -0.365544
0.73291 -0.364884
0.733398 -0.364224
0.733887 -0.363565
0.734375 -0.362905
0.734863 -0.362245
0.735352 -0.361585
0.73584 -0.360925
0.736328 -0.360265
0.736816 -0.359605
0.737305 -0.358945
0.737793 -0.358284
0.738281 -0.357624
0.73877 -0.356964
0.739258 -0.356304
0.739746 -0.355643
0.740234 -0.354983
0.740723 -0.354323
0.741211 -0.353662
0.741699 -0.353002
0.742188 -0.352341
0.742676 -0.35168
0.743164 -0.35102
0.743652 -0.350359
0.744141 -0.349698
0.744629 -0.349038
0.745117 -0.348377
0.745605 -0.347716
0.746094 -0.347055
0.746582 -0.346394
0.74707 -0.345733
0.747559 -0.345072
0.748047 -0.344411
0.748535 -0.34375
0.749023 -0.343089
0.749512 -0.342428
0.75 -0.341767
0.750488 -0.341106
0.750977 -0.340444
0.751465 -0.339783
0.751953 -0.339122
0.752441 -0.33846
0.75293 -0.337799
0.753418 -0.337138
0.753906 -0.336476
0.754395 -0.335815
0.754883 -0.335153
0.755371 -0.334491
0.755859 -0.33383
0.756348 -0.333168
0.756836 -0.332506
0.757324 -0.331845
0.757812 -0.331183
0.758301 -0.330521
0.758789 -0.329859
0.759277 -0.329197
0.759766 -0.328535
0.760254 -0.327873
0.760742 -0.327211
0.76123 -0.326549
0.761719 -0.325887
0.762207 -0.325225
0.762695 -0.324563
0.763184 -0.323901
0.763672 -0.323238
0.76416 -0.322576
0.764648 -0.321914
0.765137 -0.321251
0.765625 -0.320589
0.766113 -0.319927
0.766602 -0.319264
0.76709 -0.318602
0.767578 -0.317939
0.768066 -0.317277
0.768555 -0.316614
0.769043 -0.315951
0.769531 -0.315289
0.77002 -0.314626
0.770508 -0.313963
0.770996 -0.3133
0.771484 -0.312638
0.771973 -0.311975
0.772461 -0.311312
0.772949 -0.310649
0.773438 -0.309986
0.773926 -0.309323
0.774414 -0.30866
0.774902 -0.307997
0.775391 -0.307334
0.775879 -0.306671
0.776367 -0.306008
0.776855 -0.305344
0.777344 -0.304681
0.777832 -0.304018
0.77832 -0.303355
0.778809 -0.302691
0.779297 -0.302028
0.779785 -0.301365
0.780273 -0.300701
0.780762 -0.300038
0.78125 -0.299374
0.781738 -0.298711
0.782227 -0.298047
0.782715 -0.297384
0.783203 -0.29672
0.783691 -0.296056
0.78418 -0.295393
0.784668 -0.294729
0.785156 -0.294065
0.785645 -0.293401
0.786133 -0.292737
0.786621 -0.292074
0.787109 -0.29141
0.787598 -0.290746
0.788086 -0.290082
0.788574 -0.289418
0.789062 -0.288754
0.789551 -0.28809
0.790039 -0.287426
0.790527 -0.286762
0.791016 -0.286098
0.791504 -0.285433
0.791992 -0.284769
0.79248 -0.284105
0.792969 -0.283441
0.793457 -0.282776
0.793945 -0.282112
0.794434 -0.281448
0.794922 -0.280783
0.79541 -0.280119
0.795898 -0.279454
0.796387 -0.27879
0.796875 -0.278125
0.797363 -0.277461
0.797852 -0.276796
0.79834 -0.276132
0.798828 -0.275467
0.799316 -0.274802
0.799805 -0.274138
0.800293 -0.273473
0.800781 -0.272808
0.80127 -0.272144
0.801758 -0.271479
0.802246 -0.270814
0.802734 -0.270149
0.803223 -0.269484
0.803711 -0.268819
0.804199 -0.268154
0.804688 -0.267489
0.805176 -0.266824
0.805664 -0.266159
0.806152 -0.265494
0.806641 -0.264829
0.807129 -0.264164
0.807617 -0.263499
0.808105 -0.262834
0.808594 -0.262168
0.809082 -0.261503
0.80957 -0.260838
0.810059 -0.260173
0.810547 -0.259507
0.811035 -0.258842
0.811523 -0.258177
0.812012 -0.257511
0.8125 -0.256846
0.812988 -0.25618
0.813477 -0.255515
0.813965 -0.254849
0.814453 -0.254184
0.814941 -0.253518
0.81543 -0.252852
0.815918 -0.252187
0.816406 -0.251521
0.816895 -0.250856
0.817383 -0.25019
0.817871 -0.249524
0.818359 -0.248858
0.818848 -0.248193
0.819336 -0.247527
0.819824 -0.246861
0.820312 -0.246195
0.820801 -0.245529
0.821289 -0.244863
0.821777 -0.244197
0.822266 -0.243531
0.822754 -0.242865
0.823242 -0.242199
0.82373 -0.241533
0.824219 -0.240867
0.824707 -0.240201
0.825195 -0.239535
0.825684 -0.238869
0.826172 -0.238203
0.82666 -0.237536
0.827148 -0.23687
0.827637 -0.236204
0.828125 -0.235538
0.828613 -0.234871
0.829102 -0.234205
0.82959 -0.233539
0.830078 -0.232872
0.830566 -0.232206
0.831055 -0.231539
0.831543 -0.230873
0.832031 -0.230207
0.83252 -0.22954
0.833008 -0.228874
0.833496 -0.228207
0.833984 -0.22754
0.834473 -0.226874
0.834961 -0.226207
0.835449 -0.225541
0.835938 -0.224874
0.836426 -0.224207
0.836914 -0.22354
0.837402 -0.222874
0.837891 -0.222207
0.838379 -0.22154
0.838867 -0.220873
0.839355 -0.220207
0.839844 -0.21954
0.840332 -0.218873
0.84082 -0.218206
0.841309 -0.217539
0.841797 -0.216872
0.842285 -0.216205
0.842773 -0.215538
0.843262 -0.214871
0.84375 -0.214204
0.844238 -0.213537
0.844727 -0.21287
0.845215 -0.212203
0.845703 -0.211536
0.846191 -0.210869
0.84668 -0.210201
0.847168 -0.209534
0.847656 -0.208867
0.848145 -0.2082
0.848633 -0.207533
0.849121 -0.206865
0.849609 -0.206198
0.850098 -0.205531
0.850586 -0.204863
0.851074 -0.204196
0.851562 -0.203529
0.852051 -0.202861
0.852539 -0.202194
0.853027 -0.201526
0.853516 -0.200859
0.854004 -0.200191
0.854492 -0.199524
0.85498 -0.198856
0.855469 -0.198189
0.855957 -0.197521
0.856445 -0.196854
0.856934 -0.196186
0.857422 -0.195518
0.85791 -0.194851
0.858398 -0.194183
0.858887 -0.193515
0.859375 -0.192848
0.859863 -0.19218
0.860352 -0.191512
0.86084 -0.190844
0.861328 -0.190177
0.861816 -0.189509
0.862305 -0.188841
0.862793 -0.188173
0.863281 -0.187505
0.86377 -0.186837
0.864258 -0.186169
0.864746 -0.185502
0.865234 -0.184834
0.865723 -0.184166
0.866211 -0.183498
0.866699 -0.18283
0.867188 -0.182162
0.867676 -0.181494
0.868164 -0.180826
0.868652 -0.180157
0.869141 -0.179489
0.869629 -0.178821
0.870117 -0.178153
0.870605 -0.177485
0.871094 -0.176817
0.871582 -0.176149
0.87207 -0.17548
0.872559 -0.174812
0.873047 -0.174144
0.873535 -0.173476
0.874023 -0.172808
0.874512 -0.172139
0.875 -0.171471
0.875488 -0.170803
0.875977 -0.170134
0.876465 -0.169466
0.876953 -0.168798
0.877441 -0.168129
0.87793 -0.167461
0.878418 -0.166792
0.878906 -0.166124
0.879395 -0.165456
0.879883 -0.164787
0.880371 -0.164119
0.880859 -0.16345
0.881348 -0.162782
0.881836 -0.162113
0.882324 -0.161445
0.882812 -0.160776
0.883301 -0.160107
0.883789 -0.159439
0.884277 -0.15877
0.884766 -0.158102
0.885254 -0.157433
0.885742 -0.156764
0.88623 -0.156096
0.886719 -0.155427
0.887207 -0.154758
0.887695 -0.15409
0.888184 -0.153421
0.888672 -0.152752
0.88916 -0.152083
0.889648 -0.151415
0.890137 -0.150746
0.890625 -0.150077
0.891113 -0.149408
0.891602 -0.14874
0.89209 -0.148071
0.892578 -0.147402
0.893066 -0.146733
0.893555 -0.146064
0.894043 -0.145395
0.894531 -0.144727
0.89502 -0.144058
0.895508 -0.143389
0.895996 -0.14272
0.896484 -0.142051
0.896973 -0.141382
0.897461 -0.140713
0.897949 -0.140044
0.898438 -0.139375
0.898926 -0.138706
0.899414 -0.138037
0.899902 -0.137368
0.900391 -0.136699
0.900879 -0.13603
0.901367 -0.135361
0.901855 -0.134692
0.902344 -0.134023
0.902832 -0.133354
0.90332 -0.132685
0.903809 -0.132016
0.904297 -0.131347
0.904785 -0.130678
0.905273 -0.130009
0.905762 -0.129339
0.90625 -0.12867
0.906738 -0.128001
0.907227 -0.127332
0.907715 -0.126663
0.908203 -0.125994
0.908691 -0.125325
0.90918 -0.124655
0.909668 -0.123986
0.910156 -0.123317
0.910645 -0.122648
0.911133 -0.121979
0.911621 -0.12131
0.912109 -0.12064
0.912598 -0.119971
0.913086 -0.119302
0.913574 -0.118633
0.914062 -0.117964
0.914551 -0.117294
0.915039 -0.116625
0.915527 -0.115956
0.916016 -0.115287
0.916504 -0.114618
0.916992 -0.113948
0.91748 -0.113279
0.917969 -0.11261
0.918457 -0.111941
0.918945 -0.111271
0.919434 -0.110602
0.919922 -0.109933
0.92041 -0.109264
0.920898 -0.108594
0.921387 -0.107925
0.921875 -0.107256
0.922363 -0.106587
0.922852 -0.105918
0.92334 -0.105248
0.923828 -0.104579
0.924316 -0.10391
0.924805 -0.103241
0.925293 -0.102571
0.925781 -0.101902
0.92627 -0.101233
0.926758 -0.100564
0.927246 -0.0998945
0.927734 -0.0992253
0.928223 -0.0985561
0.928711 -0.0978869
0.929199 -0.0972177
0.929688 -0.0965485
0.930176 -0.0958793
0.930664 -0.0952101
0.931152 -0.094541
0.931641 -0.0938718
0.932129 -0.0932026
0.932617 -0.0925335
0.933105 -0.0918643
0.933594 -0.0911952
0.934082 -0.090526
0.93457 -0.0898569
0.935059 -0.0891878
0.935547 -0.0885187
0.936035 -0.0878496
0.936523 -0.0871805
0.937012 -0.0865114
0.9375 -0.0858423
0.937988 -0.0851732
0.938477 -0.0845042
0.938965 -0.0838351
0.939453 -0.0831661
0.939941 -0.0824971
0.94043 -0.0818281
0.940918 -0.0811591
0.941406 -0.0804901
0.941895 -0.0798211
0.942383 -0.0791521
0.942871 -0.0784832
0.943359 -0.0778142
0.943848 -0.0771453
0.944336 -0.0764764
0.944824 -0.0758075
0.945312 -0.0751386
0.945801 -0.0744697
0.946289 -0.0738009
0.946777 -0.073132
0.947266 -0.0724632
0.947754 -0.0717944
0.948242 -0.0711256
0.94873 -0.0704568
0.949219 -0.0697881
0.949707 -0.0691193
0.950195 -0.0684506
0.950684 -0.0677819
0.951172 -0.0671132
0.95166 -0.0664445
0.952148 -0.0657758
0.952637 -0.0651072
0.953125 -0.0644386
0.953613 -0.0637699
0.954102 -0.0631014
0.95459 -0.0624328
0.955078 -0.0617642
0.955566 -0.0610957
0.956055 -0.0604272
0.956543 -0.0597587
0.957031 -0.0590902
0.95752 -0.0584217
0.958008 -0.0577533
0.958496 -0.0570849
0.958984 -0.0564165
0.959473 -0.0557481
0.959961 -0.0550797
0.960449 -0.0544114
0.960938 -0.0537431
0.961426 -0.0530748
0.961914 -0.0524065
0.962402 -0.0517382
0.962891 -0.05107
0.963379 -0.0504017
0.963867 -0.0497335
0.964355 -0.0490654
0.964844 -0.0483972
0.965332 -0.0477291
0.96582 -0.0470609
0.966309 -0.0463928
0.966797 -0.0457247
0.967285 -0.0450567
0.967773 -0.0443886
0.968262 -0.0437206
0.96875 -0.0430526
0.969238 -0.0423846
0.969727 -0.0417167
0.970215 -0.0410487
0.970703 -0.0403808
0.971191 -0.0397129
0.97168 -0.039045
0.972168 -0.0383772
0.972656 -0.0377093
0.973145 -0.0370415
0.973633 -0.0363737
0.974121 -0.0357059
0.974609 -0.0350382
0.975098 -0.0343704
0.975586 -0.0337027
0.976074 -0.033035
0.976562 -0.0323673
0.977051 -0.0316996
0.977539 -0.031032
0.978027 -0.0303643
0.978516 -0.0296967
0.979004 -0.0290291
0.979492 -0.0283615
0.97998 -0.0276939
0.980469 -0.0270264
0.980957 -0.0263588
0.981445 -0.0256913
0.981934 -0.0250238
0.982422 -0.0243563
0.98291 -0.0236888
0.983398 -0.0230214
0.983887 -0.0223539
0.984375 -0.0216865
0.984863 -0.0210191
0.985352 -0.0203517
0.98584 -0.0196843
0.986328 -0.0190169
0.986816 -0.0183495
0.987305 -0.0176821
0.987793 -0.0170148
0.988281 -0.0163475
0.98877 -0.0156801
0.989258 -0.0150128
0.989746 -0.0143455
0.990234 -0.0136782
0.990723 -0.0130109
0.991211 -0.0123436
0.991699 -0.0116764
0.992188 -0.0110091
0.992676 -0.0103419
0.993164 -0.0096746
0.993652 -0.00900736
0.994141 -0.00834012
0.994629 -0.00767289
0.995117 -0.00700567
0.995605 -0.00633845
0.996094 -0.00567123
0.996582 -0.00500402
0.99707 -0.00433681
0.997559 -0.0036696
0.998047 -0.0030024
0.998535 -0.0023352
0.999023 -0.001668
0.999512 -0.0010008
1 -0.000333599
