0 0.000485545
0.000488281 0.00145664
0.000976562 0.00242773
0.00146484 0.00339883
0.00195312 0.00436994
0.00244141 0.00534106
0.00292969 0.0063122
0.00341797 0.00728335
0.00390625 0.00825453
0.00439453 0.00922572
0.00488281 0.0101969
0.00537109 0.0111682
0.00585938 0.0121395
0.00634766 0.0131108
0.00683594 0.0140821
0.00732422 0.0150535
0.0078125 0.0160249
0.00830078 0.0169964
0.00878906 0.0179679
0.00927734 0.0189394
0.00976562 0.019911
0.0102539 0.0208826
0.0107422 0.0218543
0.0112305 0.0228261
0.0117188 0.0237979
0.012207 0.0247697
0.0126953 0.0257416
0.0131836 0.0267136
0.0136719 0.0276856
0.0141602 0.0286577
0.0146484 0.0296299
0.0151367 0.0306021
0.015625 0.0315744
0.0161133 0.0325468
0.0166016 0.0335192
0.0170898 0.0344917
0.0175781 0.0354643
0.0180664 0.0364369
0.0185547 0.0374096
0.019043 0.0383824
0.0195312 0.0393553
0.0200195 0.0403282
0.0205078 0.0413012
0.0209961 0.0422743
0.0214844 0.0432475
0.0219727 0.0442207
0.0224609 0.045194
0.0229492 0.0461674
0.0234375 0.0471409
0.0239258 0.0481144
0.0244141 0.049088
0.0249023 0.0500617
0.0253906 0.0510355
0.0258789 0.0520093
0.0263672 0.0529832
0.0268555 0.0539572
0.0273438 0.0549312
0.027832 0.0559054
0.0283203 0.0568796
0.0288086 0.0578538
0.0292969 0.0588282
0.0297852 0.0598026
0.0302734 0.0607771
0.0307617 0.0617516
0.03125 0.0627262
0.0317383 0.0637009
0.0322266 0.0646757
0.0327148 0.0656505
0.0332031 0.0666253
0.0336914 0.0676003
0.0341797 0.0685753
0.034668 0.0695503
0.0351562 0.0705254
0.0356445 0.0715006
0.0361328 0.0724758
0.0366211 0.073451
0.0371094 0.0744263
0.0375977 0.0754017
0.0380859 0.0763771
0.0385742 0.0773526
0.0390625 0.0783281
0.0395508 0.0793036
0.0400391 0.0802792
0.0405273 0.0812549
0.0410156 0.0822305
0.0415039 0.0832062
0.0419922 0.084182
0.0424805 0.0851578
0.0429688 0.0861336
0.043457 0.0871094
0.0439453 0.0880853
0.0444336 0.0890612
0.0449219 0.0900371
0.0454102 0.091013
0.0458984 0.091989
0.0463867 0.092965
0.046875 0.093941
0.0473633 0.0949171
0.0478516 0.0958931
0.0483398 0.0968692
0.0488281 0.0978452
0.0493164 0.0988213
0.0498047 0.0997974
0.050293 0.100774
0.0507812 0.10175
0.0512695 0.102726
0.0517578 0.103702
0.0522461 0.104678
0.0527344 0.105654
0.0532227 0.10663
0.0537109 0.107606
0.0541992 0.108583
0.0546875 0.109559
0.0551758 0.110535
0.0556641 0.111511
0.0561523 0.112487
0.0566406 0.113463
0.0571289 0.114439
0.0576172 0.115415
0.0581055 0.116391
0.0585938 0.117367
0.059082 0.118343
0.0595703 0.119319
0.0600586 0.120295
0.0605469 0.121271
0.0610352 0.122247
0.0615234 0.123223
0.0620117 0.124199
0.0625 0.125175
0.0629883 0.126151
0.0634766 0.127127
0.0639648 0.128103
0.0644531 0.129079
0.0649414 0.130054
0.0654297 0.13103
0.065918 0.132006
0.0664062 0.132982
0.0668945 0.133957
0.0673828 0.134933
0.0678711 0.135908
0.0683594 0.136884
0.0688477 0.13786
0.0693359 0.138835
0.0698242 0.139811
0.0703125 0.140786
0.0708008 0.141761
0.0712891 0.142737
0.0717773 0.143712
0.0722656 0.144687
0.0727539 0.145663
0.0732422 0.146638
0.0737305 0.147613
0.0742188 0.148588
0.074707 0.149563
0.0751953 0.150538
0.0756836 0.151513
0.0761719 0.152488
0.0766602 0.153463
0.0771484 0.154438
0.0776367 0.155413
0.078125 0.156387
0.0786133 0.157362
0.0791016 0.158337
0.0795898 0.159312
0.0800781 0.160286
0.0805664 0.161261
0.0810547 0.162235
0.081543 0.16321
0.0820312 0.164184
0.0825195 0.165158
0.0830078 0.166133
0.0834961 0.167107
0.0839844 0.168081
0.0844727 0.169055
0.0849609 0.170029
0.0854492 0.171003
0.0859375 0.171977
0.0864258 0.172951
0.0869141 0.173925
0.0874023 0.174899
0.0878906 0.175873
0.0883789 0.176846
0.0888672 0.17782
0.0893555 0.178794
0.0898438 0.179767
0.090332 0.180741
0.0908203 0.181714
0.0913086 0.182688
0.0917969 0.183661
0.0922852 0.184634
0.0927734 0.185607
0.0932617 0.186581
0.09375 0.187554
0.0942383 0.188527
0.0947266 0.1895
0.0952148 0.190473
0.0957031 0.191445
0.0961914 0.192418
0.0966797 0.193391
0.097168 0.194364
0.0976562 0.195336
0.0981445 0.196309
0.0986328 0.197281
0.0991211 0.198254
0.0996094 0.199226
0.100098 0.200198
0.100586 0.20117
0.101074 0.202143
0.101562 0.203115
0.102051 0.204087
0.102539 0.205059
0.103027 0.206031
0.103516 0.207002
0.104004 0.207974
0.104492 0.208946
0.10498 0.209918
0.105469 0.210889
0.105957 0.211861
0.106445 0.212832
0.106934 0.213803
0.107422 0.214775
0.10791 0.215746
0.108398 0.216717
0.108887 0.217688
0.109375 0.218659
0.109863 0.21963
0.110352 0.220601
0.11084 0.221572
0.111328 0.222542
0.111816 0.223513
0.112305 0.224484
0.112793 0.225454
0.113281 0.226425
0.11377 0.227395
0.114258 0.228365
0.114746 0.229335
0.115234 0.230306
0.115723 0.231276
0.116211 0.232246
0.116699 0.233216
0.117188 0.234185
0.117676 0.235155
0.118164 0.236125
0.118652 0.237095
0.119141 0.238064
0.119629 0.239033
0.120117 0.240003
0.120605 0.240972
0.121094 0.241941
0.121582 0.242911
0.12207 0.24388
0.122559 0.244849
0.123047 0.245817
0.123535 0.246786
0.124023 0.247755
0.124512 0.248724
0.125 0.249692
0.125488 0.250661
0.125977 0.251629
0.126465 0.252597
0.126953 0.253566
0.127441 0.254534
0.12793 0.255502
0.128418 0.25647
0.128906 0.257438
0.129395 0.258406
0.129883 0.259373
0.130371 0.260341
0.130859 0.261309
0.131348 0.262276
0.131836 0.263244
0.132324 0.264211
0.132812 0.265178
0.133301 0.266145
0.133789 0.267112
0.134277 0.268079
0.134766 0.269046
0.135254 0.270013
0.135742 0.27098
0.13623 0.271946
0.136719 0.272913
0.137207 0.273879
0.137695 0.274845
0.138184 0.275812
0.138672 0.276778
0.13916 0.277744
0.139648 0.27871
0.140137 0.279676
0.140625 0.280641
0.141113 0.281607
0.141602 0.282573
0.14209 0.283538
0.142578 0.284503
0.143066 0.285469
0.143555 0.286434
0.144043 0.287399
0.144531 0.288364
0.14502 0.289329
0.145508 0.290294
0.145996 0.291259
0.146484 0.292223
0.146973 0.293188
0.147461 0.294152
0.147949 0.295116
0.148438 0.296081
0.148926 0.297045
0.149414 0.298009
0.149902 0.298973
0.150391 0.299937
0.150879 0.3009
0.151367 0.301864
0.151855 0.302827
0.152344 0.303791
0.152832 0.304754
0.15332 0.305717
0.153809 0.30668
0.154297 0.307643
0.154785 0.308606
0.155273 0.309569
0.155762 0.310532
0.15625 0.311494
0.156738 0.312457
0.157227 0.313419
0.157715 0.314381
0.158203 0.315344
0.158691 0.316306
0.15918 0.317267
0.159668 0.318229
0.160156 0.319191
0.160645 0.320153
0.161133 0.321114
0.161621 0.322076
0.162109 0.323037
0.162598 0.323998
0.163086 0.324959
0.163574 0.32592
0.164062 0.326881
0.164551 0.327841
0.165039 0.328802
0.165527 0.329763
0.166016 0.330723
0.166504 0.331683
0.166992 0.332643
0.16748 0.333603
0.167969 0.334563
0.168457 0.335523
0.168945 0.336483
0.169434 0.337442
0.169922 0.338402
0.17041 0.339361
0.170898 0.34032
0.171387 0.341279
0.171875 0.342238
0.172363 0.343197
0.172852 0.344156
0.17334 0.345115
0.173828 0.346073
0.174316 0.347031
0.174805 0.34799
0.175293 0.348948
0.175781 0.349906
0.17627 0.350864
0.176758 0.351821
0.177246 0.352779
0.177734 0.353737
0.178223 0.354694
0.178711 0.355651
0.179199 0.356608
0.179688 0.357565
0.180176 0.358522
0.180664 0.359479
0.181152 0.360436
0.181641 0.361392
0.182129 0.362348
0.182617 0.363305
0.183105 0.364261
0.183594 0.365217
0.184082 0.366173
0.18457 0.367128
0.185059 0.368084
0.185547 0.369039
0.186035 0.369995
0.186523 0.37095
0.187012 0.371905
0.1875 0.37286
0.187988 0.373815
0.188477 0.374769
0.188965 0.375724
0.189453 0.376678
0.189941 0.377633
0.19043 0.378587
0.190918 0.379541
0.191406 0.380495
0.191895 0.381448
0.192383 0.382402
0.192871 0.383355
0.193359 0.384309
0.193848 0.385262
0.194336 0.386215
0.194824 0.387168
0.195312 0.38812
0.195801 0.389073
0.196289 0.390025
0.196777 0.390978
0.197266 0.39193
0.197754 0.392882
0.198242 0.393834
0.19873 0.394786
0.199219 0.395737
0.199707 0.396689
0.200195 0.39764
0.200684 0.398591
0.201172 0.399542
0.20166 0.400493
0.202148 0.401444
0.202637 0.402394
0.203125 0.403345
0.203613 0.404295
0.204102 0.405245
0.20459 0.406195
0.205078 0.407145
0.205566 0.408095
0.206055 0.409044
0.206543 0.409994
0.207031 0.410943
0.20752 0.411892
0.208008 0.412841
0.208496 0.41379
0.208984 0.414738
0.209473 0.415687
0.209961 0.416635
0.210449 0.417583
0.210938 0.418531
0.211426 0.419479
0.211914 0.420427
0.212402 0.421374
0.212891 0.422321
0.213379 0.423269
0.213867 0.424216
0.214355 0.425163
0.214844 0.426109
0.215332 0.427056
0.21582 0.428002
0.216309 0.428949
0.216797 0.429895
0.217285 0.430841
0.217773 0.431786
0.218262 0.432732
0.21875 0.433677
0.219238 0.434623
0.219727 0.435568
0.220215 0.436513
0.220703 0.437457
0.221191 0.438402
0.22168 0.439346
0.222168 0.440291
0.222656 0.441235
0.223145 0.442179
0.223633 0.443122
0.224121 0.444066
0.224609 0.445009
0.225098 0.445953
0.225586 0.446896
0.226074 0.447839
0.226562 0.448781
0.227051 0.449724
0.227539 0.450666
0.228027 0.451609
0.228516 0.452551
0.229004 0.453492
0.229492 0.454434
0.22998 0.455376
0.230469 0.456317
0.230957 0.457258
0.231445 0.458199
0.231934 0.45914
0.232422 0.460081
0.23291 0.461021
0.233398 0.461961
0.233887 0.462901
0.234375 0.463841
0.234863 0.464781
0.235352 0.46572
0.23584 0.46666
0.236328 0.467599
0.236816 0.468538
0.237305 0.469477
0.237793 0.470415
0.238281 0.471354
0.23877 0.472292
0.239258 0.47323
0.239746 0.474168
0.240234 0.475106
0.240723 0.476043
0.241211 0.47698
0.241699 0.477917
0.242188 0.478854
0.242676 0.479791
0.243164 0.480728
0.243652 0.481664
0.244141 0.4826
0.244629 0.483536
0.245117 0.484472
0.245605 0.485407
0.246094 0.486343
0.246582 0.487278
0.24707 0.488213
0.247559 0.489148
0.248047 0.490082
0.248535 0.491017
0.249023 0.491951
0.249512 0.492885
0.25 0.493818
0.250488 0.494752
0.250977 0.495685
0.251465 0.496619
0.251953 0.497552
0.252441 0.498484
0.25293 0.499417
0.253418 0.500349
0.253906 0.501281
0.254395 0.502213
0.254883 0.503145
0.255371 0.504077
0.255859 0.505008
0.256348 0.505939
0.256836 0.50687
0.257324 0.507801
0.257812 0.508731
0.258301 0.509661
0.258789 0.510591
0.259277 0.511521
0.259766 0.512451
0.260254 0.51338
0.260742 0.514309
0.26123 0.515238
0.261719 0.516167
0.262207 0.517096
0.262695 0.518024
0.263184 0.518952
0.263672 0.51988
0.26416 0.520808
0.264648 0.521735
0.265137 0.522662
0.265625 0.52359
0.266113 0.524516
0.266602 0.525443
0.26709 0.526369
0.267578 0.527295
0.268066 0.528221
0.268555 0.529147
0.269043 0.530072
0.269531 0.530998
0.27002 0.531923
0.270508 0.532847
0.270996 0.533772
0.271484 0.534696
0.271973 0.53562
0.272461 0.536544
0.272949 0.537468
0.273438 0.538391
0.273926 0.539314
0.274414 0.540237
0.274902 0.54116
0.275391 0.542082
0.275879 0.543005
0.276367 0.543927
0.276855 0.544848
0.277344 0.54577
0.277832 0.546691
0.27832 0.547612
0.278809 0.548533
0.279297 0.549453
0.279785 0.550374
0.280273 0.551294
0.280762 0.552213
0.28125 0.553133
0.281738 0.554052
0.282227 0.554971
0.282715 0.55589
0.283203 0.556809
0.283691 0.557727
0.28418 0.558645
0.284668 0.559563
0.285156 0.560481
0.285645 0.561398
0.286133 0.562315
0.286621 0.563232
0.287109 0.564148
0.287598 0.565065
0.288086 0.565981
0.288574 0.566897
0.289062 0.567812
0.289551 0.568728
0.290039 0.569643
0.290527 0.570557
0.291016 0.571472
0.291504 0.572386
0.291992 0.5733
0.29248 0.574214
0.292969 0.575127
0.293457 0.57604
0.293945 0.576953
0.294434 0.577866
0.294922 0.578779
0.29541 0.579691
0.295898 0.580603
0.296387 0.581514
0.296875 0.582425
0.297363 0.583337
0.297852 0.584247
0.29834 0.585158
0.298828 0.586068
0.299316 0.586978
0.299805 0.587888
0.300293 0.588797
0.300781 0.589706
0.30127 0.590615
0.301758 0.591524
0.302246 0.592432
0.302734 0.59334
0.303223 0.594248
0.303711 0.595155
0.304199 0.596063
0.304688 0.596969
0.305176 0.597876
0.305664 0.598782
0.306152 0.599688
0.306641 0.600594
0.307129 0.6015
0.307617 0.602405
0.308105 0.60331
0.308594 0.604214
0.309082 0.605119
0.30957 0.606023
0.310059 0.606926
0.310547 0.60783
0.311035 0.608733
0.311523 0.609636
0.312012 0.610538
0.3125 0.611441
0.312988 0.612343
0.313477 0.613244
0.313965 0.614146
0.314453 0.615047
0.314941 0.615947
0.31543 0.616848
0.315918 0.617748
0.316406 0.618648
0.316895 0.619547
0.317383 0.620447
0.317871 0.621345
0.318359 0.622244
0.318848 0.623142
0.319336 0.62404
0.319824 0.624938
0.320312 0.625835
0.320801 0.626732
0.321289 0.627629
0.321777 0.628525
0.322266 0.629422
0.322754 0.630317
0.323242 0.631213
0.32373 0.632108
0.324219 0.633003
0.324707 0.633897
0.325195 0.634791
0.325684 0.635685
0.326172 0.636579
0.32666 0.637472
0.327148 0.638365
0.327637 0.639257
0.328125 0.640149
0.328613 0.641041
0.329102 0.641933
0.32959 0.642824
0.330078 0.643715
0.330566 0.644605
0.331055 0.645496
0.331543 0.646385
0.332031 0.647275
0.33252 0.648164
0.333008 0.649053
0.333496 0.649941
0.333984 0.65083
0.334473 0.651717
0.334961 0.652605
0.335449 0.653492
0.335938 0.654379
0.336426 0.655265
0.336914 0.656151
0.337402 0.657037
0.337891 0.657922
0.338379 0.658807
0.338867 0.659692
0.339355 0.660576
0.339844 0.66146
0.340332 0.662344
0.34082 0.663227
0.341309 0.66411
0.341797 0.664992
0.342285 0.665875
0.342773 0.666756
0.343262 0.667638
0.34375 0.668519
0.344238 0.669399
0.344727 0.67028
0.345215 0.67116
0.345703 0.672039
0.346191 0.672918
0.34668 0.673797
0.347168 0.674676
0.347656 0.675554
0.348145 0.676432
0.348633 0.677309
0.349121 0.678186
0.349609 0.679062
0.350098 0.679939
0.350586 0.680814
0.351074 0.68169
0.351562 0.682565
0.352051 0.683439
0.352539 0.684314
0.353027 0.685187
0.353516 0.686061
0.354004 0.686934
0.354492 0.687807
0.35498 0.688679
0.355469 0.689551
0.355957 0.690422
0.356445 0.691293
0.356934 0.692164
0.357422 0.693034
0.35791 0.693904
0.358398 0.694774
0.358887 0.695643
0.359375 0.696511
0.359863 0.69738
0.360352 0.698248
0.36084 0.699115
0.361328 0.699982
0.361816 0.700849
0.362305 0.701715
0.362793 0.702581
0.363281 0.703446
0.36377 0.704311
0.364258 0.705175
0.364746 0.706039
0.365234 0.706903
0.365723 0.707766
0.366211 0.708629
0.366699 0.709492
0.367188 0.710353
0.367676 0.711215
0.368164 0.712076
0.368652 0.712937
0.369141 0.713797
0.369629 0.714657
0.370117 0.715516
0.370605 0.716375
0.371094 0.717233
0.371582 0.718091
0.37207 0.718949
0.372559 0.719806
0.373047 0.720663
0.373535 0.721519
0.374023 0.722375
0.374512 0.72323
0.375 0.724085
0.375488 0.724939
0.375977 0.725793
0.376465 0.726647
0.376953 0.7275
0.377441 0.728352
0.37793 0.729204
0.378418 0.730056
0.378906 0.730907
0.379395 0.731758
0.379883 0.732608
0.380371 0.733458
0.380859 0.734307
0.381348 0.735156
0.381836 0.736004
0.382324 0.736852
0.382812 0.737699
0.383301 0.738546
0.383789 0.739392
0.384277 0.740238
0.384766 0.741084
0.385254 0.741928
0.385742 0.742773
0.38623 0.743617
0.386719 0.74446
0.387207 0.745303
0.387695 0.746145
0.388184 0.746987
0.388672 0.747829
0.38916 0.74867
0.389648 0.74951
0.390137 0.75035
0.390625 0.751189
0.391113 0.752028
0.391602 0.752867
0.39209 0.753704
0.392578 0.754542
0.393066 0.755379
0.393555 0.756215
0.394043 0.757051
0.394531 0.757886
0.39502 0.75872
0.395508 0.759555
0.395996 0.760388
0.396484 0.761221
0.396973 0.762054
0.397461 0.762886
0.397949 0.763717
0.398438 0.764548
0.398926 0.765379
0.399414 0.766209
0.399902 0.767038
0.400391 0.767867
0.400879 0.768695
0.401367 0.769522
0.401855 0.770349
0.402344 0.771176
0.402832 0.772002
0.40332 0.772827
0.403809 0.773652
0.404297 0.774476
0.404785 0.7753
0.405273 0.776123
0.405762 0.776946
0.40625 0.777768
0.406738 0.778589
0.407227 0.77941
0.407715 0.78023
0.408203 0.78105
0.408691 0.781869
0.40918 0.782687
0.409668 0.783505
0.410156 0.784322
0.410645 0.785139
0.411133 0.785955
0.411621 0.786771
0.412109 0.787585
0.412598 0.7884
0.413086 0.789213
0.413574 0.790026
0.414062 0.790839
0.414551 0.791651
0.415039 0.792462
0.415527 0.793272
0.416016 0.794082
0.416504 0.794892
0.416992 0.7957
0.41748 0.796508
0.417969 0.797316
0.418457 0.798123
0.418945 0.798929
0.419434 0.799734
0.419922 0.800539
0.42041 0.801343
0.420898 0.802147
0.421387 0.80295
0.421875 0.803752
0.422363 0.804553
0.422852 0.805354
0.42334 0.806155
0.423828 0.806954
0.424316 0.807753
0.424805 0.808551
0.425293 0.809349
0.425781 0.810146
0.42627 0.810942
0.426758 0.811738
0.427246 0.812533
0.427734 0.813327
0.428223 0.81412
0.428711 0.814913
0.429199 0.815705
0.429688 0.816496
0.430176 0.817287
0.430664 0.818077
0.431152 0.818866
0.431641 0.819655
0.432129 0.820443
0.432617 0.82123
0.433105 0.822016
0.433594 0.822802
0.434082 0.823587
0.43457 0.824371
0.435059 0.825154
0.435547 0.825937
0.436035 0.826719
0.436523 0.8275
0.437012 0.828281
0.4375 0.829061
0.437988 0.82984
0.438477 0.830618
0.438965 0.831395
0.439453 0.832172
0.439941 0.832948
0.44043 0.833723
0.440918 0.834498
0.441406 0.835271
0.441895 0.836044
0.442383 0.836816
0.442871 0.837587
0.443359 0.838358
0.443848 0.839128
0.444336 0.839896
0.444824 0.840665
0.445312 0.841432
0.445801 0.842198
0.446289 0.842964
0.446777 0.843729
0.447266 0.844493
0.447754 0.845256
0.448242 0.846018
0.44873 0.84678
0.449219 0.847541
0.449707 0.8483
0.450195 0.849059
0.450684 0.849818
0.451172 0.850575
0.45166 0.851331
0.452148 0.852087
0.452637 0.852842
0.453125 0.853595
0.453613 0.854348
0.454102 0.855101
0.45459 0.855852
0.455078 0.856602
0.455566 0.857352
0.456055 0.8581
0.456543 0.858848
0.457031 0.859595
0.45752 0.86034
0.458008 0.861085
0.458496 0.861829
0.458984 0.862573
0.459473 0.863315
0.459961 0.864056
0.460449 0.864796
0.460938 0.865536
0.461426 0.866274
0.461914 0.867012
0.462402 0.867748
0.462891 0.868484
0.463379 0.869218
0.463867 0.869952
0.464355 0.870685
0.464844 0.871417
0.465332 0.872147
0.46582 0.872877
0.466309 0.873606
0.466797 0.874334
0.467285 0.87506
0.467773 0.875786
0.468262 0.876511
0.46875 0.877235
0.469238 0.877957
0.469727 0.878679
0.470215 0.8794
0.470703 0.880119
0.471191 0.880838
0.47168 0.881556
0.472168 0.882272
0.472656 0.882987
0.473145 0.883702
0.473633 0.884415
0.474121 0.885127
0.474609 0.885838
0.475098 0.886548
0.475586 0.887257
0.476074 0.887965
0.476562 0.888672
0.477051 0.889378
0.477539 0.890082
0.478027 0.890786
0.478516 0.891488
0.479004 0.892189
0.479492 0.892889
0.47998 0.893588
0.480469 0.894286
0.480957 0.894982
0.481445 0.895678
0.481934 0.896372
0.482422 0.897065
0.48291 0.897757
0.483398 0.898447
0.483887 0.899137
0.484375 0.899825
0.484863 0.900512
0.485352 0.901198
0.48584 0.901882
0.486328 0.902566
0.486816 0.903248
0.487305 0.903929
0.487793 0.904608
0.488281 0.905287
0.48877 0.905964
0.489258 0.90664
0.489746 0.907314
0.490234 0.907987
0.490723 0.908659
0.491211 0.90933
0.491699 0.909999
0.492188 0.910667
0.492676 0.911334
0.493164 0.911999
0.493652 0.912663
0.494141 0.913326
0.494629 0.913987
0.495117 0.914645
0.495605 0.915299
0.496094 0.915937
0.496582 0.916521
0.49707 0.916895
0.497559 0.916466
0.498047 0.91294
0.498535 0.89747
0.499023 0.836838
0.499512 0.608737
0.5 4.07334e-14
0.500488 -0.608737
0.500977 -0.836838
0.501465 -0.89747
0.501953 -0.91294
0.502441 -0.916466
0.50293 -0.916895
0.503418 -0.916521
0.503906 -0.915937
0.504395 -0.915299
0.504883 -0.914645
0.505371 -0.913987
0.505859 -0.913326
0.506348 -0.912663
0.506836 -0.911999
0.507324 -0.911334
0.507812 -0.910667
0.508301 -0.909999
0.508789 -0.90933
0.509277 -0.908659
0.509766 -0.907987
0.510254 -0.907314
0.510742 -0.90664
0.51123 -0.905964
0.511719 -0.905287
0.512207 -0.904608
0.512695 -0.903929
0.513184 -0.903248
0.513672 -0.902566
0.51416 -0.901882
0.514648 -0.901198
0.515137 -0.900512
0.515625 -0.899825
0.516113 -0.899137
0.516602 -0.898447
0.51709 -0.897757
0.517578 -0.897065
0.518066 -0.896372
0.518555 -0.895678
0.519043 -0.894982
0.519531 -0.894286
0.52002 -0.893588
0.520508 -0.892889
0.520996 -0.892189
0.521484 -0.891488
0.521973 -0.890786
0.522461 -0.890082
0.522949 -0.889378
0.523438 -0.888672
0.523926 -0.887965
0.524414 -0.887257
0.524902 -0.886548
0.525391 -0.885838
0.525879 -0.885127
0.526367 -0.884415
0.526855 -0.883702
0.527344 -0.882987
0.527832 -0.882272
0.52832 -0.881556
0.528809 -0.880838
0.529297 -0.880119
0.529785 -0.8794
0.530273 -0.878679
0.530762 -0.877957
0.53125 -0.877235
0.531738 -0.876511
0.532227 -0.875786
0.532715 -0.87506
0.533203 -0.874334
0.533691 -0.873606
0.53418 -0.872877
0.534668 -0.872147
0.535156 -0.871417
0.535645 -0.870685
0.536133 -0.869952
0.536621 -0.869218
0.537109 -0.868484
0.537598 -0.867748
0.538086 -0.867012
0.538574 -0.866274
0.539062 -0.865536
0.539551 -0.864796
0.540039 -0.864056
0.540527 -0.863315
0.541016 -0.862573
0.541504 -0.861829
0.541992 -0.861085
0.54248 -0.86034
0.542969 -0.859595
0.543457 -0.858848
0.543945 -0.8581
0.544434 -0.857352
0.544922 -0.856602
0.54541 -0.855852
0.545898 -0.855101
0.546387 -0.854348
0.546875 -0.853595
0.547363 -0.852842
0.547852 -0.852087
0.54834 -0.851331
0.548828 -0.850575
0.549316 -0.849818
0.549805 -0.849059
0.550293 -0.8483
0.550781 -0.847541
0.55127 -0.84678
0.551758 -0.846018
0.552246 -0.845256
0.552734 -0.844493
0.553223 -0.843729
0.553711 -0.842964
0.554199 -0.842198
0.554688 -0.841432
0.555176 -0.840665
0.555664 -0.839896
0.556152 -0.839128
0.556641 -0.838358
0.557129 -0.837587
0.557617 -0.836816
0.558105 -0.836044
0.558594 -0.835271
0.559082 -0.834498
0.55957 -0.833723
0.560059 -0.832948
0.560547 -0.832172
0.561035 -0.831395
0.561523 -0.830618
0.562012 -0.82984
0.5625 -0.829061
0.562988 -0.828281
0.563477 -0.8275
0.563965 -0.826719
0.564453 -0.825937
0.564941 -0.825154
0.56543 -0.824371
0.565918 -0.823587
0.566406 -0.822802
0.566895 -0.822016
0.567383 -0.82123
0.567871 -0.820443
0.568359 -0.819655
0.568848 -0.818866
0.569336 -0.818077
0.569824 -0.817287
0.570312 -0.816496
0.570801 -0.815705
0.571289 -0.814913
0.571777 -0.81412
0.572266 -0.813327
0.572754 -0.812533
0.573242 -0.811738
0.57373 -0.810942
0.574219 -0.810146
0.574707 -0.809349
0.575195 -0.808551
0.575684 -0.807753
0.576172 -0.806954
0.57666 -0.806155
0.577148 -0.805354
0.577637 -0.804553
0.578125 -0.803752
0.578613 -0.80295
0.579102 -0.802147
0.57959 -0.801343
0.580078 -0.800539
0.580566 -0.799734
0.581055 -0.798929
0.581543 -0.798123
0.582031 -0.797316
0.58252 -0.796508
0.583008 -0.7957
0.583496 -0.794892
0.583984 -0.794082
0.584473 -0.793272
0.584961 -0.792462
0.585449 -0.791651
0.585938 -0.790839
0.586426 -0.790026
0.586914 -0.789213
0.587402 -0.7884
0.587891 -0.787585
0.588379 -0.786771
0.588867 -0.785955
0.589355 -0.785139
0.589844 -0.784322
0.590332 -0.783505
0.59082 -0.782687
0.591309 -0.781869
0.591797 -0.78105
0.592285 -0.78023
0.592773 -0.77941
0.593262 -0.778589
0.59375 -0.777768
0.594238 -0.776946
0.594727 -0.776123
0.595215 -0.7753
0.595703 -0.774476
0.596191 -0.773652
0.59668 -0.772827
0.597168 -0.772002
0.597656 -0.771176
0.598145 -0.770349
0.598633 -0.769522
0.599121 -0.768695
0.599609 -0.767867
0.600098 -0.767038
0.600586 -0.766209
0.601074 -0.765379
0.601562 -0.764548
0.602051 -0.763717
0.602539 -0.762886
0.603027 -0.762054
0.603516 -0.761221
0.604004 -0.760388
0.604492 -0.759555
0.60498 -0.75872
0.605469 -0.757886
0.605957 -0.757051
0.606445 -0.756215
0.606934 -0.755379
0.607422 -0.754542
0.60791 -0.753704
0.608398 -0.752867
0.608887 -0.752028
0.609375 -0.751189
0.609863 -0.75035
0.610352 -0.74951
0.61084 -0.74867
0.611328 -0.747829
0.611816 -0.746987
0.612305 -0.746145
0.612793 -0.745303
0.613281 -0.74446
0.61377 -0.743617
0.614258 -0.742773
0.614746 -0.741928
0.615234 -0.741084
0.615723 -0.740238
0.616211 -0.739392
0.616699 -0.738546
0.617188 -0.737699
0.617676 -0.736852
0.618164 -0.736004
0.618652 -0.735156
0.619141 -0.734307
0.619629 -0.733458
0.620117 -0.732608
0.620605 -0.731758
0.621094 -0.730907
0.621582 -0.730056
0.62207 -0.729204
0.622559 -0.728352
0.623047 -0.7275
0.623535 -0.726647
0.624023 -0.725793
0.624512 -0.724939
0.625 -0.724085
0.625488 -0.72323
0.625977 -0.722375
0.626465 -0.721519
0.626953 -0.720663
0.627441 -0.719806
0.62793 -0.718949
0.628418 -0.718091
0.628906 -0.717233
0.629395 -0.716375
0.629883 -0.715516
0.630371 -0.714657
0.630859 -0.713797
0.631348 -0.712937
0.631836 -0.712076
0.632324 -0.711215
0.632812 -0.710353
0.633301 -0.709492
0.633789 -0.708629
0.634277 -0.707766
0.634766 -0.706903
0.635254 -0.706039
0.635742 -0.705175
0.63623 -0.704311
0.636719 -0.703446
0.637207 -0.702581
0.637695 -0.701715
0.638184 -0.700849
0.638672 -0.699982
0.63916 -0.699115
0.639648 -0.698248
0.640137 -0.69738
0.640625 -0.696511
0.641113 -0.695643
0.641602 -0.694774
0.64209 -0.693904
0.642578 -0.693034
0.643066 -0.692164
0.643555 -0.691293
0.644043 -0.690422
0.644531 -0.689551
0.64502 -0.688679
0.645508 -0.687807
0.645996 -0.686934
0.646484 -0.686061
0.646973 -0.685187
0.647461 -0.684314
0.647949 -0.683439
0.648438 -0.682565
0.648926 -0.68169
0.649414 -0.680814
0.649902 -0.679939
0.650391 -0.679062
0.650879 -0.678186
0.651367 -0.677309
0.651855 -0.676432
0.652344 -0.675554
0.652832 -0.674676
0.65332 -0.673797
0.653809 -0.672918
0.654297 -0.672039
0.654785 -0.67116
0.655273 -0.67028
0.655762 -0.669399
0.65625 -0.668519
0.656738 -0.667638
0.657227 -0.666756
0.657715 -0.665875
0.658203 -0.664992
0.658691 -0.66411
0.65918 -0.663227
0.659668 -0.662344
0.660156 -0.66146
0.660645 -0.660576
0.661133 -0.659692
0.661621 -0.658807
0.662109 -0.657922
0.662598 -0.657037
0.663086 -0.656151
0.663574 -0.655265
0.664062 -0.654379
0.664551 -0.653492
0.665039 -0.652605
0.665527 -0.651717
0.666016 -0.65083
0.666504 -0.649941
0.666992 -0.649053
0.66748 -0.648164
0.667969 -0.647275
0.668457 -0.646385
0.668945 -0.645496
0.669434 -0.644605
0.669922 -0.643715
0.67041 -0.642824
0.670898 -0.641933
0.671387 -0.641041
0.671875 -0.640149
0.672363 -0.639257
0.672852 -0.638365
0.67334 -0.637472
0.673828 -0.636579
0.674316 -0.635685
0.674805 -0.634791
0.675293 -0.633897
0.675781 -0.633003
0.67627 -0.632108
0.676758 -0.631213
0.677246 -0.630317
0.677734 -0.629422
0.678223 -0.628525
0.678711 -0.627629
0.679199 -0.626732
0.679688 -0.625835
0.680176 -0.624938
0.680664 -0.62404
0.681152 -0.623142
0.681641 -0.622244
0.682129 -0.621345
0.682617 -0.620447
0.683105 -0.619547
0.683594 -0.618648
0.684082 -0.617748
0.68457 -0.616848
0.685059 -0.615947
0.685547 -0.615047
0.686035 -0.614146
0.686523 -0.613244
0.687012 -0.612343
0.6875 -0.611441
0.687988 -0.610538
0.688477 -0.609636
0.688965 -0.608733
0.689453 -0.60783
0.689941 -0.606926
0.69043 -0.606023
0.690918 -0.605119
0.691406 -0.604214
0.691895 -0.60331
0.692383 -0.602405
0.692871 -0.6015
0.693359 -0.600594
0.693848 -0.599688
0.694336 -0.598782
0.694824 -0.597876
0.695312 -0.596969
0.695801 -0.596063
0.696289 -0.595155
0.696777 -0.594248
0.697266 -0.59334
0.697754 -0.592432
0.698242 -0.591524
0.69873 -0.590615
0.699219 -0.589706
0.699707 -0.588797
0.700195 -0.587888
0.700684 -0.586978
0.701172 -0.586068
0.70166 -0.585158
0.702148 -0.584247
0.702637 -0.583337
0.703125 -0.582425
0.703613 -0.581514
0.704102 -0.580603
0.70459 -0.579691
0.705078 -0.578779
0.705566 -0.577866
0.706055 -0.576953
0.706543 -0.57604
0.707031 -0.575127
0.70752 -0.574214
0.708008 -0.5733
0.708496 -0.572386
0.708984 -0.571472
0.709473 -0.570557
0.709961 -0.569643
0.710449 -0.568728
0.710938 -0.567812
0.711426 -0.566897
0.711914 -0.565981
0.712402 -0.565065
0.712891 -0.564148
0.713379 -0.563232
0.713867 -0.562315
0.714355 -0.561398
0.714844 -0.560481
0.715332 -0.559563
0.71582 -0.558645
0.716309 -0.557727
0.716797 -0.556809
0.717285 -0.55589
0.717773 -0.554971
0.718262 -0.554052
0.71875 -0.553133
0.719238 -0.552213
0.719727 -0.551294
0.720215 -0.550374
0.720703 -0.549453
0.721191 -0.548533
0.72168 -0.547612
0.722168 -0.546691
0.722656 -0.54577
0.723145 -0.544848
0.723633 -0.543927
0.724121 -0.543005
0.724609 -0.542082
0.725098 -0.54116
0.725586 -0.540237
0.726074 -0.539314
0.726562 -0.538391
0.727051 -0.537468
0.727539 -0.536544
0.728027 -0.53562
0.728516 -0.534696
0.729004 -0.533772
0.729492 -0.532847
0.72998 -0.531923
0.730469 -0.530998
0.730957 -0.530072
0.731445 -0.529147
0.731934 -0.528221
0.732422 -0.527295
0.73291 -0.526369
0.733398 -0.525443
0.733887 -0.524516
0.734375 -0.52359
0.734863 -0.522662
0.735352 -0.521735
0.73584 -0.520808
0.736328 -0.51988
0.736816 -0.518952
0.737305 -0.518024
0.737793 -0.517096
0.738281 -0.516167
0.73877 -0.515238
0.739258 -0.514309
0.739746 -0.51338
0.740234 -0.512451
0.740723 -0.511521
0.741211 -0.510591
0.741699 -0.509661
0.742188 -0.508731
0.742676 -0.507801
0.743164 -0.50687
0.743652 -0.505939
0.744141 -0.505008
0.744629 -0.504077
0.745117 -0.503145
0.745605 -0.502213
0.746094 -0.501281
0.746582 -0.500349
0.74707 -0.499417
0.747559 -0.498484
0.748047 -0.497552
0.748535 -0.496619
0.749023 -0.495685
0.749512 -0.494752
0.75 -0.493818
0.750488 -0.492885
0.750977 -0.491951
0.751465 -0.491017
0.751953 -0.490082
0.752441 -0.489148
0.75293 -0.488213
0.753418 -0.487278
0.753906 -0.486343
0.754395 -0.485407
0.754883 -0.484472
0.755371 -0.483536
0.755859 -0.4826
0.756348 -0.481664
0.756836 -0.480728
0.757324 -0.479791
0.757812 -0.478854
0.758301 -0.477917
0.758789 -0.47698
0.759277 -0.476043
0.759766 -0.475106
0.760254 -0.474168
0.760742 -0.47323
0.76123 -0.472292
0.761719 -0.471354
0.762207 -0.470415
0.762695 -0.469477
0.763184 -0.468538
0.763672 -0.467599
0.76416 -0.46666
0.764648 -0.46572
0.765137 -0.464781
0.765625 -0.463841
0.766113 -0.462901
0.766602 -0.461961
0.76709 -0.461021
0.767578 -0.460081
0.768066 -0.45914
0.768555 -0.458199
0.769043 -0.457258
0.769531 -0.456317
0.77002 -0.455376
0.770508 -0.454434
0.770996 -0.453492
0.771484 -0.452551
0.771973 -0.451609
0.772461 -0.450666
0.772949 -0.449724
0.773438 -0.448781
0.773926 -0.447839
0.774414 -0.446896
0.774902 -0.445953
0.775391 -0.445009
0.775879 -0.444066
0.776367 -0.443122
0.776855 -0.442179
0.777344 -0.441235
0.777832 -0.440291
0.77832 -0.439346
0.778809 -0.438402
0.779297 -0.437457
0.779785 -0.436513
0.780273 -0.435568
0.780762 -0.434623
0.78125 -0.433677
0.781738 -0.432732
0.782227 -0.431786
0.782715 -0.430841
0.783203 -0.429895
0.783691 -0.428949
0.78418 -0.428002
0.784668 -0.427056
0.785156 -0.426109
0.785645 -0.425163
0.786133 -0.424216
0.786621 -0.423269
0.787109 -0.422321
0.787598 -0.421374
0.788086 -0.420427
0.788574 -0.419479
0.789062 -0.418531
0.789551 -0.417583
0.790039 -0.416635
0.790527 -0.415687
0.791016 -0.414738
0.791504 -0.41379
0.791992 -0.412841
0.79248 -0.411892
0.792969 -0.410943
0.793457 -0.409994
0.793945 -0.409044
0.794434 -0.408095
0.794922 -0.407145
0.79541 -0.406195
0.795898 -0.405245
0.796387 -0.404295
0.796875 -0.403345
0.797363 -0.402394
0.797852 -0.401444
0.79834 -0.400493
0.798828 -0.399542
0.799316 -0.398591
0.799805 -0.39764
0.800293 -0.396689
0.800781 -0.395737
0.80127 -0.394786
0.801758 -0.393834
0.802246 -0.392882
0.802734 -0.39193
0.803223 -0.390978
0.803711 -0.390025
0.804199 -0.389073
0.804688 -0.38812
0.805176 -0.387168
0.805664 -0.386215
0.806152 -0.385262
0.806641 -0.384309
0.807129 -0.383355
0.807617 -0.382402
0.808105 -0.381448
0.808594 -0.380495
0.809082 -0.379541
0.80957 -0.378587
0.810059 -0.377633
0.810547 -0.376678
0.811035 -0.375724
0.811523 -0.374769
0.812012 -0.373815
0.8125 -0.37286
0.812988 -0.371905
0.813477 -0.37095
0.813965 -0.369995
0.814453 -0.369039
0.814941 -0.368084
0.81543 -0.367128
0.815918 -0.366173
0.816406 -0.365217
0.816895 -0.364261
0.817383 -0.363305
0.817871 -0.362348
0.818359 -0.361392
0.818848 -0.360436
0.819336 -0.359479
0.819824 -0.358522
0.820312 -0.357565
0.820801 -0.356608
0.821289 -0.355651
0.821777 -0.354694
0.822266 -0.353737
0.822754 -0.352779
0.823242 -0.351821
0.82373 -0.350864
0.824219 -0.349906
0.824707 -0.348948
0.825195 -0.34799
0.825684 -0.347031
0.826172 -0.346073
0.82666 -0.345115
0.827148 -0.344156
0.827637 -0.343197
0.828125 -0.342238
0.828613 -0.341279
0.829102 -0.34032
0.82959 -0.339361
0.830078 -0.338402
0.830566 -0.337442
0.831055 -0.336483
0.831543 -0.335523
0.832031 -0.334563
0.83252 -0.333603
0.833008 -0.332643
0.833496 -0.331683
0.833984 -0.330723
0.834473 -0.329763
0.834961 -0.328802
0.835449 -0.327841
0.835938 -0.326881
0.836426 -0.32592
0.836914 -0.324959
0.837402 -0.323998
0.837891 -0.323037
0.838379 -0.322076
0.838867 -0.321114
0.839355 -0.320153
0.839844 -0.319191
0.840332 -0.318229
0.84082 -0.317267
0.841309 -0.316306
0.841797 -0.315344
0.842285 -0.314381
0.842773 -0.313419
0.843262 -0.312457
0.84375 -0.311494
0.844238 -0.310532
0.844727 -0.309569
0.845215 -0.308606
0.845703 -0.307643
0.846191 -0.30668
0.84668 -0.305717
0.847168 -0.304754
0.847656 -0.303791
0.848145 -0.302827
0.848633 -0.301864
0.849121 -0.3009
0.849609 -0.299937
0.850098 -0.298973
0.850586 -0.298009
0.851074 -0.297045
0.851562 -0.296081
0.852051 -0.295116
0.852539 -0.294152
0.853027 -0.293188
0.853516 -0.292223
0.854004 -0.291259
0.854492 -0.290294
0.85498 -0.289329
0.855469 -0.288364
0.855957 -0.287399
0.856445 -0.286434
0.856934 -0.285469
0.857422 -0.284503
0.85791 -0.283538
0.858398 -0.282573
0.858887 -0.281607
0.859375 -0.280641
0.859863 -0.279676
0.860352 -0.27871
0.86084 -0.277744
0.861328 -0.276778
0.861816 -0.275812
0.862305 -0.274845
0.862793 -0.273879
0.863281 -0.272913
0.86377 -0.271946
0.864258 -0.27098
0.864746 -0.270013
0.865234 -0.269046
0.865723 -0.268079
0.866211 -0.267112
0.866699 -0.266145
0.867188 -0.265178
0.867676 -0.264211
0.868164 -0.263244
0.868652 -0.262276
0.869141 -0.261309
0.869629 -0.260341
0.870117 -0.259373
0.870605 -0.258406
0.871094 -0.257438
0.871582 -0.25647
0.87207 -0.255502
0.872559 -0.254534
0.873047 -0.253566
0.873535 -0.252597
0.874023 -0.251629
0.874512 -0.250661
0.875 -0.249692
0.875488 -0.248724
0.875977 -0.247755
0.876465 -0.246786
0.876953 -0.245817
0.877441 -0.244849
0.87793 -0.24388
0.878418 -0.242911
0.878906 -0.241941
0.879395 -0.240972
0.879883 -0.240003
0.880371 -0.239033
0.880859 -0.238064
0.881348 -0.237095
0.881836 -0.236125
0.882324 -0.235155
0.882812 -0.234185
0.883301 -0.233216
0.883789 -0.232246
0.884277 -0.231276
0.884766 -0.230306
0.885254 -0.229335
0.885742 -0.228365
0.88623 -0.227395
0.886719 -0.226425
0.887207 -0.225454
0.887695 -0.224484
0.888184 -0.223513
0.888672 -0.222542
0.88916 -0.221572
0.889648 -0.220601
0.890137 -0.21963
0.890625 -0.218659
0.891113 -0.217688
0.891602 -0.216717
0.89209 -0.215746
0.892578 -0.214775
0.893066 -0.213803
0.893555 -0.212832
0.894043 -0.211861
0.894531 -0.210889
0.89502 -0.209918
0.895508 -0.208946
0.895996 -0.207974
0.896484 -0.207002
0.896973 -0.206031
0.897461 -0.205059
0.897949 -0.204087
0.898438 -0.203115
0.898926 -0.202143
0.899414 -0.20117
0.899902 -0.200198
0.900391 -0.199226
0.900879 -0.198254
0.901367 -0.197281
0.901855 -0.196309
0.902344 -0.195336
0.902832 -0.194364
0.90332 -0.193391
0.903809 -0.192418
0.904297 -0.191445
0.904785 -0.190473
0.905273 -0.1895
0.905762 -0.188527
0.90625 -0.187554
0.906738 -0.186581
0.907227 -0.185607
0.907715 -0.184634
0.908203 -0.183661
0.908691 -0.182688
0.90918 -0.181714
0.909668 -0.180741
0.910156 -0.179767
0.910645 -0.178794
0.911133 -0.17782
0.911621 -0.176846
0.912109 -0.175873
0.912598 -0.174899
0.913086 -0.173925
0.913574 -0.172951
0.914062 -0.171977
0.914551 -0.171003
0.915039 -0.170029
0.915527 -0.169055
0.916016 -0.168081
0.916504 -0.167107
0.916992 -0.166133
0.91748 -0.165158
0.917969 -0.164184
0.918457 -0.16321
0.918945 -0.162235
0.919434 -0.161261
0.919922 -0.160286
0.92041 -0.159312
0.920898 -0.158337
0.921387 -0.157362
0.921875 -0.156387
0.922363 -0.155413
0.922852 -0.154438
0.92334 -0.153463
0.923828 -0.152488
0.924316 -0.151513
0.924805 -0.150538
0.925293 -0.149563
0.925781 -0.148588
0.92627 -0.147613
0.926758 -0.146638
0.927246 -0.145663
0.927734 -0.144687
0.928223 -0.143712
0.928711 -0.142737
0.929199 -0.141761
0.929688 -0.140786
0.930176 -0.139811
0.930664 -0.138835
0.931152 -0.13786
0.931641 -0.136884
0.932129 -0.135908
0.932617 -0.134933
0.933105 -0.133957
0.933594 -0.132982
0.934082 -0.132006
0.93457 -0.13103
0.935059 -0.130054
0.935547 -0.129079
0.936035 -0.128103
0.936523 -0.127127
0.937012 -0.126151
0.9375 -0.125175
0.937988 -0.124199
0.938477 -0.123223
0.938965 -0.122247
0.939453 -0.121271
0.939941 -0.120295
0.94043 -0.119319
0.940918 -0.118343
0.941406 -0.117367
0.941895 -0.116391
0.942383 -0.115415
0.942871 -0.114439
0.943359 -0.113463
0.943848 -0.112487
0.944336 -0.111511
0.944824 -0.110535
0.945312 -0.109559
0.945801 -0.108583
0.946289 -0.107606
0.946777 -0.10663
0.947266 -0.105654
0.947754 -0.104678
0.948242 -0.103702
0.94873 -0.102726
0.949219 -0.10175
0.949707 -0.100774
0.950195 -0.0997974
0.950684 -0.0988213
0.951172 -0.0978452
0.95166 -0.0968692
0.952148 -0.0958931
0.952637 -0.0949171
0.953125 -0.093941
0.953613 -0.092965
0.954102 -0.091989
0.95459 -0.091013
0.955078 -0.0900371
0.955566 -0.0890612
0.956055 -0.0880853
0.956543 -0.0871094
0.957031 -0.0861336
0.95752 -0.0851578
0.958008 -0.084182
0.958496 -0.0832062
0.958984 -0.0822305
0.959473 -0.0812549
0.959961 -0.0802792
0.960449 -0.0793036
0.960938 -0.0783281
0.961426 -0.0773526
0.961914 -0.0763771
0.962402 -0.0754017
0.962891 -0.0744263
0.963379 -0.073451
0.963867 -0.0724758
0.964355 -0.0715006
0.964844 -0.0705254
0.965332 -0.0695503
0.96582 -0.0685753
0.966309 -0.0676003
0.966797 -0.0666253
0.967285 -0.0656505
0.967773 -0.0646757
0.968262 -0.0637009
0.96875 -0.0627262
0.969238 -0.0617516
0.969727 -0.0607771
0.970215 -0.0598026
0.970703 -0.0588282
0.971191 -0.0578538
0.97168 -0.0568796
0.972168 -0.0559054
0.972656 -0.0549312
0.973145 -0.0539572
0.973633 -0.0529832
0.974121 -0.0520093
0.974609 -0.0510355
0.975098 -0.0500617
0.975586 -0.049088
0.976074 -0.0481144
0.976562 -0.0471409
0.977051 -0.0461674
0.977539 -0.045194
0.978027 -0.0442207
0.978516 -0.0432475
0.979004 -0.0422743
0.979492 -0.0413012
0.97998 -0.0403282
0.980469 -0.0393553
0.980957 -0.0383824
0.981445 -0.0374096
0.981934 -0.0364369
0.982422 -0.0354643
0.98291 -0.0344917
0.983398 -0.0335192
0.983887 -0.0325468
0.984375 -0.0315744
0.984863 -0.0306021
0.985352 -0.0296299
0.98584 -0.0286577
0.986328 -0.0276856
0.986816 -0.0267136
0.987305 -0.0257416
0.987793 -0.0247697
0.988281 -0.0237979
0.98877 -0.0228261
0.989258 -0.0218543
0.989746 -0.0208826
0.990234 -0.019911
0.990723 -0.0189394
0.991211 -0.0179679
0.991699 -0.0169964
0.992188 -0.0160249
0.992676 -0.0150535
0.993164 -0.0140821
0.993652 -0.0131108
0.994141 -0.0121395
0.994629 -0.0111682
0.995117 -0.0101969
0.995605 -0.00922572
0.996094 -0.00825453
0.996582 -0.00728335
0.99707 -0.0063122
0.997559 -0.00534106
0.998047 -0.00436994
0.998535 -0.00339883
0.999023 -0.00242773
0.999512 -0.00145664
1 -0.000485545
