0 0.000492175
0.000488281 0.00147653
0.000976562 0.00246088
0.00146484 0.00344524
0.00195312 0.00442961
0.00244141 0.005414
0.00292969 0.0063984
0.00341797 0.00738282
0.00390625 0.00836725
0.00439453 0.00935172
0.00488281 0.0103362
0.00537109 0.0113207
0.00585938 0.0123053
0.00634766 0.0132899
0.00683594 0.0142745
0.00732422 0.0152591
0.0078125 0.0162438
0.00830078 0.0172286
0.00878906 0.0182134
0.00927734 0.0191982
0.00976562 0.0201831
0.0102539 0.021168
0.0107422 0.022153
0.0112305 0.023138
0.0117188 0.0241232
0.012207 0.0251083
0.0126953 0.0260935
0.0131836 0.0270788
0.0136719 0.0280642
0.0141602 0.0290496
0.0146484 0.0300351
0.0151367 0.0310207
0.015625 0.0320063
0.0161133 0.032992
0.0166016 0.0339778
0.0170898 0.0349636
0.0175781 0.0359495
0.0180664 0.0369355
0.0185547 0.0379216
0.019043 0.0389078
0.0195312 0.039894
0.0200195 0.0408803
0.0205078 0.0418667
0.0209961 0.0428532
0.0214844 0.0438397
0.0219727 0.0448263
0.0224609 0.045813
0.0229492 0.0467998
0.0234375 0.0477867
0.0239258 0.0487736
0.0244141 0.0497606
0.0249023 0.0507477
0.0253906 0.0517349
0.0258789 0.0527222
0.0263672 0.0537095
0.0268555 0.0546969
0.0273438 0.0556844
0.027832 0.056672
0.0283203 0.0576596
0.0288086 0.0586473
0.0292969 0.0596351
0.0297852 0.0606229
0.0302734 0.0616109
0.0307617 0.0625989
0.03125 0.0635869
0.0317383 0.0645751
0.0322266 0.0655632
0.0327148 0.0665515
0.0332031 0.0675398
0.0336914 0.0685282
0.0341797 0.0695167
0.034668 0.0705052
0.0351562 0.0714937
0.0356445 0.0724824
0.0361328 0.073471
0.0366211 0.0744598
0.0371094 0.0754486
0.0375977 0.0764374
0.0380859 0.0774263
0.0385742 0.0784152
0.0390625 0.0794042
0.0395508 0.0803932
0.0400391 0.0813822
0.0405273 0.0823713
0.0410156 0.0833605
0.0415039 0.0843497
0.0419922 0.0853389
0.0424805 0.0863281
0.0429688 0.0873174
0.043457 0.0883067
0.0439453 0.089296
0.0444336 0.0902854
0.0449219 0.0912748
0.0454102 0.0922642
0.0458984 0.0932536
0.0463867 0.0942431
0.046875 0.0952325
0.0473633 0.096222
0.0478516 0.0972115
0.0483398 0.098201
0.0488281 0.0991906
0.0493164 0.10018
0.0498047 0.10117
0.050293 0.102159
0.0507812 0.103149
0.0512695 0.104138
0.0517578 0.105128
0.0522461 0.106117
0.0527344 0.107107
0.0532227 0.108097
0.0537109 0.109086
0.0541992 0.110076
0.0546875 0.111065
0.0551758 0.112055
0.0556641 0.113044
0.0561523 0.114034
0.0566406 0.115023
0.0571289 0.116013
0.0576172 0.117002
0.0581055 0.117992
0.0585938 0.118981
0.059082 0.119971
0.0595703 0.12096
0.0600586 0.12195
0.0605469 0.122939
0.0610352 0.123928
0.0615234 0.124918
0.0620117 0.125907
0.0625 0.126896
0.0629883 0.127886
0.0634766 0.128875
0.0639648 0.129864
0.0644531 0.130853
0.0649414 0.131842
0.0654297 0.132831
0.065918 0.133821
0.0664062 0.13481
0.0668945 0.135799
0.0673828 0.136788
0.0678711 0.137777
0.0683594 0.138765
0.0688477 0.139754
0.0693359 0.140743
0.0698242 0.141732
0.0703125 0.142721
0.0708008 0.143709
0.0712891 0.144698
0.0717773 0.145687
0.0722656 0.146675
0.0727539 0.147664
0.0732422 0.148652
0.0737305 0.149641
0.0742188 0.150629
0.074707 0.151618
0.0751953 0.152606
0.0756836 0.153594
0.0761719 0.154583
0.0766602 0.155571
0.0771484 0.156559
0.0776367 0.157547
0.078125 0.158535
0.0786133 0.159523
0.0791016 0.160511
0.0795898 0.161499
0.0800781 0.162487
0.0805664 0.163475
0.0810547 0.164463
0.081543 0.16545
0.0820312 0.166438
0.0825195 0.167425
0.0830078 0.168413
0.0834961 0.169401
0.0839844 0.170388
0.0844727 0.171375
0.0849609 0.172363
0.0854492 0.17335
0.0859375 0.174337
0.0864258 0.175324
0.0869141 0.176311
0.0874023 0.177299
0.0878906 0.178286
0.0883789 0.179272
0.0888672 0.180259
0.0893555 0.181246
0.0898438 0.182233
0.090332 0.18322
0.0908203 0.184206
0.0913086 0.185193
0.0917969 0.186179
0.0922852 0.187166
0.0927734 0.188152
0.0932617 0.189138
0.09375 0.190125
0.0942383 0.191111
0.0947266 0.192097
0.0952148 0.193083
0.0957031 0.194069
0.0961914 0.195055
0.0966797 0.196041
0.097168 0.197027
0.0976562 0.198013
0.0981445 0.198998
0.0986328 0.199984
0.0991211 0.200969
0.0996094 0.201955
0.100098 0.20294
0.100586 0.203926
0.101074 0.204911
0.101562 0.205896
0.102051 0.206881
0.102539 0.207866
0.103027 0.208851
0.103516 0.209836
0.104004 0.210821
0.104492 0.211806
0.10498 0.212791
0.105469 0.213775
0.105957 0.21476
0.106445 0.215745
0.106934 0.216729
0.107422 0.217713
0.10791 0.218698
0.108398 0.219682
0.108887 0.220666
0.109375 0.22165
0.109863 0.222634
0.110352 0.223618
0.11084 0.224602
0.111328 0.225586
0.111816 0.226569
0.112305 0.227553
0.112793 0.228536
0.113281 0.22952
0.11377 0.230503
0.114258 0.231487
0.114746 0.23247
0.115234 0.233453
0.115723 0.234436
0.116211 0.235419
0.116699 0.236402
0.117188 0.237385
0.117676 0.238368
0.118164 0.23935
0.118652 0.240333
0.119141 0.241315
0.119629 0.242298
0.120117 0.24328
0.120605 0.244262
0.121094 0.245245
0.121582 0.246227
0.12207 0.247209
0.122559 0.248191
0.123047 0.249172
0.123535 0.250154
0.124023 0.251136
0.124512 0.252117
0.125 0.253099
0.125488 0.25408
0.125977 0.255062
0.126465 0.256043
0.126953 0.257024
0.127441 0.258005
0.12793 0.258986
0.128418 0.259967
0.128906 0.260948
0.129395 0.261928
0.129883 0.262909
0.130371 0.26389
0.130859 0.26487
0.131348 0.26585
0.131836 0.266831
0.132324 0.267811
0.132812 0.268791
0.133301 0.269771
0.133789 0.270751
0.134277 0.27173
0.134766 0.27271
0.135254 0.27369
0.135742 0.274669
0.13623 0.275649
0.136719 0.276628
0.137207 0.277607
0.137695 0.278586
0.138184 0.279565
0.138672 0.280544
0.13916 0.281523
0.139648 0.282502
0.140137 0.28348
0.140625 0.284459
0.141113 0.285437
0.141602 0.286416
0.14209 0.287394
0.142578 0.288372
0.143066 0.28935
0.143555 0.290328
0.144043 0.291306
0.144531 0.292283
0.14502 0.293261
0.145508 0.294239
0.145996 0.295216
0.146484 0.296193
0.146973 0.297171
0.147461 0.298148
0.147949 0.299125
0.148438 0.300101
0.148926 0.301078
0.149414 0.302055
0.149902 0.303032
0.150391 0.304008
0.150879 0.304984
0.151367 0.305961
0.151855 0.306937
0.152344 0.307913
0.152832 0.308889
0.15332 0.309864
0.153809 0.31084
0.154297 0.311816
0.154785 0.312791
0.155273 0.313767
0.155762 0.314742
0.15625 0.315717
0.156738 0.316692
0.157227 0.317667
0.157715 0.318642
0.158203 0.319617
0.158691 0.320591
0.15918 0.321566
0.159668 0.32254
0.160156 0.323514
0.160645 0.324488
0.161133 0.325462
0.161621 0.326436
0.162109 0.32741
0.162598 0.328384
0.163086 0.329357
0.163574 0.330331
0.164062 0.331304
0.164551 0.332277
0.165039 0.33325
0.165527 0.334223
0.166016 0.335196
0.166504 0.336168
0.166992 0.337141
0.16748 0.338113
0.167969 0.339086
0.168457 0.340058
0.168945 0.34103
0.169434 0.342002
0.169922 0.342974
0.17041 0.343946
0.170898 0.344917
0.171387 0.345889
0.171875 0.34686
0.172363 0.347831
0.172852 0.348802
0.17334 0.349773
0.173828 0.350744
0.174316 0.351715
0.174805 0.352685
0.175293 0.353656
0.175781 0.354626
0.17627 0.355596
0.176758 0.356566
0.177246 0.357536
0.177734 0.358506
0.178223 0.359476
0.178711 0.360445
0.179199 0.361414
0.179688 0.362384
0.180176 0.363353
0.180664 0.364322
0.181152 0.365291
0.181641 0.366259
0.182129 0.367228
0.182617 0.368196
0.183105 0.369165
0.183594 0.370133
0.184082 0.371101
0.18457 0.372069
0.185059 0.373037
0.185547 0.374004
0.186035 0.374972
0.186523 0.375939
0.187012 0.376906
0.1875 0.377873
0.187988 0.37884
0.188477 0.379807
0.188965 0.380774
0.189453 0.38174
0.189941 0.382706
0.19043 0.383673
0.190918 0.384639
0.191406 0.385605
0.191895 0.38657
0.192383 0.387536
0.192871 0.388501
0.193359 0.389467
0.193848 0.390432
0.194336 0.391397
0.194824 0.392362
0.195312 0.393327
0.195801 0.394291
0.196289 0.395256
0.196777 0.39622
0.197266 0.397184
0.197754 0.398148
0.198242 0.399112
0.19873 0.400075
0.199219 0.401039
0.199707 0.402002
0.200195 0.402966
0.200684 0.403929
0.201172 0.404892
0.20166 0.405854
0.202148 0.406817
0.202637 0.407779
0.203125 0.408742
0.203613 0.409704
0.204102 0.410666
0.20459 0.411627
0.205078 0.412589
0.205566 0.413551
0.206055 0.414512
0.206543 0.415473
0.207031 0.416434
0.20752 0.417395
0.208008 0.418356
0.208496 0.419316
0.208984 0.420277
0.209473 0.421237
0.209961 0.422197
0.210449 0.423157
0.210938 0.424116
0.211426 0.425076
0.211914 0.426035
0.212402 0.426994
0.212891 0.427953
0.213379 0.428912
0.213867 0.429871
0.214355 0.43083
0.214844 0.431788
0.215332 0.432746
0.21582 0.433704
0.216309 0.434662
0.216797 0.43562
0.217285 0.436577
0.217773 0.437534
0.218262 0.438492
0.21875 0.439449
0.219238 0.440405
0.219727 0.441362
0.220215 0.442318
0.220703 0.443275
0.221191 0.444231
0.22168 0.445187
0.222168 0.446143
0.222656 0.447098
0.223145 0.448054
0.223633 0.449009
0.224121 0.449964
0.224609 0.450919
0.225098 0.451873
0.225586 0.452828
0.226074 0.453782
0.226562 0.454736
0.227051 0.45569
0.227539 0.456644
0.228027 0.457597
0.228516 0.458551
0.229004 0.459504
0.229492 0.460457
0.22998 0.46141
0.230469 0.462362
0.230957 0.463315
0.231445 0.464267
0.231934 0.465219
0.232422 0.466171
0.23291 0.467123
0.233398 0.468074
0.233887 0.469026
0.234375 0.469977
0.234863 0.470928
0.235352 0.471878
0.23584 0.472829
0.236328 0.473779
0.236816 0.474729
0.237305 0.475679
0.237793 0.476629
0.238281 0.477578
0.23877 0.478528
0.239258 0.479477
0.239746 0.480426
0.240234 0.481375
0.240723 0.482323
0.241211 0.483272
0.241699 0.48422
0.242188 0.485168
0.242676 0.486115
0.243164 0.487063
0.243652 0.48801
0.244141 0.488957
0.244629 0.489904
0.245117 0.490851
0.245605 0.491797
0.246094 0.492744
0.246582 0.49369
0.24707 0.494636
0.247559 0.495581
0.248047 0.496527
0.248535 0.497472
0.249023 0.498417
0.249512 0.499362
0.25 0.500307
0.250488 0.501251
0.250977 0.502195
0.251465 0.503139
0.251953 0.504083
0.252441 0.505026
0.25293 0.50597
0.253418 0.506913
0.253906 0.507856
0.254395 0.508798
0.254883 0.509741
0.255371 0.510683
0.255859 0.511625
0.256348 0.512567
0.256836 0.513508
0.257324 0.51445
0.257812 0.515391
0.258301 0.516332
0.258789 0.517272
0.259277 0.518213
0.259766 0.519153
0.260254 0.520093
0.260742 0.521033
0.26123 0.521972
0.261719 0.522911
0.262207 0.523851
0.262695 0.524789
0.263184 0.525728
0.263672 0.526666
0.26416 0.527604
0.264648 0.528542
0.265137 0.52948
0.265625 0.530417
0.266113 0.531355
0.266602 0.532292
0.26709 0.533228
0.267578 0.534165
0.268066 0.535101
0.268555 0.536037
0.269043 0.536973
0.269531 0.537908
0.27002 0.538844
0.270508 0.539779
0.270996 0.540713
0.271484 0.541648
0.271973 0.542582
0.272461 0.543516
0.272949 0.54445
0.273438 0.545384
0.273926 0.546317
0.274414 0.54725
0.274902 0.548183
0.275391 0.549115
0.275879 0.550048
0.276367 0.55098
0.276855 0.551912
0.277344 0.552843
0.277832 0.553774
0.27832 0.554705
0.278809 0.555636
0.279297 0.556567
0.279785 0.557497
0.280273 0.558427
0.280762 0.559357
0.28125 0.560286
0.281738 0.561216
0.282227 0.562145
0.282715 0.563073
0.283203 0.564002
0.283691 0.56493
0.28418 0.565858
0.284668 0.566785
0.285156 0.567713
0.285645 0.56864
0.286133 0.569567
0.286621 0.570493
0.287109 0.57142
0.287598 0.572346
0.288086 0.573272
0.288574 0.574197
0.289062 0.575122
0.289551 0.576047
0.290039 0.576972
0.290527 0.577896
0.291016 0.57882
0.291504 0.579744
0.291992 0.580668
0.29248 0.581591
0.292969 0.582514
0.293457 0.583437
0.293945 0.584359
0.294434 0.585281
0.294922 0.586203
0.29541 0.587125
0.295898 0.588046
0.296387 0.588967
0.296875 0.589888
0.297363 0.590808
0.297852 0.591729
0.29834 0.592648
0.298828 0.593568
0.299316 0.594487
0.299805 0.595406
0.300293 0.596325
0.300781 0.597243
0.30127 0.598162
0.301758 0.599079
0.302246 0.599997
0.302734 0.600914
0.303223 0.601831
0.303711 0.602748
0.304199 0.603664
0.304688 0.60458
0.305176 0.605496
0.305664 0.606411
0.306152 0.607326
0.306641 0.608241
0.307129 0.609155
0.307617 0.61007
0.308105 0.610983
0.308594 0.611897
0.309082 0.61281
0.30957 0.613723
0.310059 0.614636
0.310547 0.615548
0.311035 0.61646
0.311523 0.617372
0.312012 0.618283
0.3125 0.619194
0.312988 0.620105
0.313477 0.621015
0.313965 0.621925
0.314453 0.622835
0.314941 0.623745
0.31543 0.624654
0.315918 0.625563
0.316406 0.626471
0.316895 0.627379
0.317383 0.628287
0.317871 0.629194
0.318359 0.630102
0.318848 0.631008
0.319336 0.631915
0.319824 0.632821
0.320312 0.633727
0.320801 0.634632
0.321289 0.635537
0.321777 0.636442
0.322266 0.637347
0.322754 0.638251
0.323242 0.639155
0.32373 0.640058
0.324219 0.640961
0.324707 0.641864
0.325195 0.642766
0.325684 0.643668
0.326172 0.64457
0.32666 0.645471
0.327148 0.646372
0.327637 0.647273
0.328125 0.648173
0.328613 0.649073
0.329102 0.649973
0.32959 0.650872
0.330078 0.651771
0.330566 0.65267
0.331055 0.653568
0.331543 0.654466
0.332031 0.655363
0.33252 0.65626
0.333008 0.657157
0.333496 0.658053
0.333984 0.658949
0.334473 0.659845
0.334961 0.66074
0.335449 0.661635
0.335938 0.662529
0.336426 0.663424
0.336914 0.664317
0.337402 0.665211
0.337891 0.666104
0.338379 0.666996
0.338867 0.667889
0.339355 0.66878
0.339844 0.669672
0.340332 0.670563
0.34082 0.671454
0.341309 0.672344
0.341797 0.673234
0.342285 0.674124
0.342773 0.675013
0.343262 0.675902
0.34375 0.67679
0.344238 0.677678
0.344727 0.678566
0.345215 0.679453
0.345703 0.68034
0.346191 0.681226
0.34668 0.682112
0.347168 0.682998
0.347656 0.683883
0.348145 0.684768
0.348633 0.685652
0.349121 0.686536
0.349609 0.68742
0.350098 0.688303
0.350586 0.689186
0.351074 0.690068
0.351562 0.69095
0.352051 0.691831
0.352539 0.692712
0.353027 0.693593
0.353516 0.694473
0.354004 0.695353
0.354492 0.696233
0.35498 0.697112
0.355469 0.69799
0.355957 0.698868
0.356445 0.699746
0.356934 0.700623
0.357422 0.7015
0.35791 0.702377
0.358398 0.703253
0.358887 0.704128
0.359375 0.705003
0.359863 0.705878
0.360352 0.706752
0.36084 0.707626
0.361328 0.7085
0.361816 0.709372
0.362305 0.710245
0.362793 0.711117
0.363281 0.711989
0.36377 0.71286
0.364258 0.71373
0.364746 0.714601
0.365234 0.71547
0.365723 0.71634
0.366211 0.717208
0.366699 0.718077
0.367188 0.718945
0.367676 0.719812
0.368164 0.720679
0.368652 0.721546
0.369141 0.722412
0.369629 0.723277
0.370117 0.724142
0.370605 0.725007
0.371094 0.725871
0.371582 0.726735
0.37207 0.727598
0.372559 0.728461
0.373047 0.729323
0.373535 0.730185
0.374023 0.731046
0.374512 0.731907
0.375 0.732767
0.375488 0.733627
0.375977 0.734486
0.376465 0.735345
0.376953 0.736203
0.377441 0.737061
0.37793 0.737919
0.378418 0.738775
0.378906 0.739632
0.379395 0.740488
0.379883 0.741343
0.380371 0.742198
0.380859 0.743052
0.381348 0.743906
0.381836 0.744759
0.382324 0.745612
0.382812 0.746464
0.383301 0.747316
0.383789 0.748167
0.384277 0.749017
0.384766 0.749868
0.385254 0.750717
0.385742 0.751566
0.38623 0.752415
0.386719 0.753263
0.387207 0.75411
0.387695 0.754957
0.388184 0.755804
0.388672 0.756649
0.38916 0.757495
0.389648 0.75834
0.390137 0.759184
0.390625 0.760027
0.391113 0.76087
0.391602 0.761713
0.39209 0.762555
0.392578 0.763396
0.393066 0.764237
0.393555 0.765078
0.394043 0.765917
0.394531 0.766757
0.39502 0.767595
0.395508 0.768433
0.395996 0.769271
0.396484 0.770108
0.396973 0.770944
0.397461 0.77178
0.397949 0.772615
0.398438 0.773449
0.398926 0.774283
0.399414 0.775117
0.399902 0.775949
0.400391 0.776782
0.400879 0.777613
0.401367 0.778444
0.401855 0.779275
0.402344 0.780104
0.402832 0.780934
0.40332 0.781762
0.403809 0.78259
0.404297 0.783418
0.404785 0.784244
0.405273 0.78507
0.405762 0.785896
0.40625 0.786721
0.406738 0.787545
0.407227 0.788369
0.407715 0.789192
0.408203 0.790014
0.408691 0.790836
0.40918 0.791657
0.409668 0.792477
0.410156 0.793297
0.410645 0.794116
0.411133 0.794935
0.411621 0.795753
0.412109 0.79657
0.412598 0.797386
0.413086 0.798202
0.413574 0.799017
0.414062 0.799832
0.414551 0.800646
0.415039 0.801459
0.415527 0.802272
0.416016 0.803084
0.416504 0.803895
0.416992 0.804705
0.41748 0.805515
0.417969 0.806324
0.418457 0.807133
0.418945 0.807941
0.419434 0.808748
0.419922 0.809554
0.42041 0.81036
0.420898 0.811165
0.421387 0.811969
0.421875 0.812772
0.422363 0.813575
0.422852 0.814377
0.42334 0.815179
0.423828 0.815979
0.424316 0.816779
0.424805 0.817579
0.425293 0.818377
0.425781 0.819175
0.42627 0.819972
0.426758 0.820768
0.427246 0.821564
0.427734 0.822359
0.428223 0.823153
0.428711 0.823946
0.429199 0.824738
0.429688 0.82553
0.430176 0.826321
0.430664 0.827111
0.431152 0.827901
0.431641 0.82869
0.432129 0.829478
0.432617 0.830265
0.433105 0.831051
0.433594 0.831837
0.434082 0.832621
0.43457 0.833405
0.435059 0.834189
0.435547 0.834971
0.436035 0.835752
0.436523 0.836533
0.437012 0.837313
0.4375 0.838092
0.437988 0.838871
0.438477 0.839648
0.438965 0.840425
0.439453 0.841201
0.439941 0.841976
0.44043 0.84275
0.440918 0.843523
0.441406 0.844296
0.441895 0.845067
0.442383 0.845838
0.442871 0.846608
0.443359 0.847377
0.443848 0.848145
0.444336 0.848912
0.444824 0.849679
0.445312 0.850444
0.445801 0.851209
0.446289 0.851973
0.446777 0.852736
0.447266 0.853498
0.447754 0.854259
0.448242 0.855019
0.44873 0.855778
0.449219 0.856537
0.449707 0.857294
0.450195 0.858051
0.450684 0.858806
0.451172 0.859561
0.45166 0.860315
0.452148 0.861068
0.452637 0.86182
0.453125 0.86257
0.453613 0.86332
0.454102 0.864069
0.45459 0.864818
0.455078 0.865565
0.455566 0.866311
0.456055 0.867056
0.456543 0.8678
0.457031 0.868543
0.45752 0.869285
0.458008 0.870027
0.458496 0.870767
0.458984 0.871506
0.459473 0.872244
0.459961 0.872981
0.460449 0.873717
0.460938 0.874452
0.461426 0.875187
0.461914 0.87592
0.462402 0.876652
0.462891 0.877383
0.463379 0.878112
0.463867 0.878841
0.464355 0.879569
0.464844 0.880296
0.465332 0.881021
0.46582 0.881746
0.466309 0.882469
0.466797 0.883192
0.467285 0.883913
0.467773 0.884633
0.468262 0.885352
0.46875 0.88607
0.469238 0.886787
0.469727 0.887503
0.470215 0.888217
0.470703 0.888931
0.471191 0.889643
0.47168 0.890354
0.472168 0.891064
0.472656 0.891773
0.473145 0.892481
0.473633 0.893187
0.474121 0.893892
0.474609 0.894596
0.475098 0.895299
0.475586 0.896001
0.476074 0.896701
0.476562 0.897401
0.477051 0.898099
0.477539 0.898796
0.478027 0.899491
0.478516 0.900185
0.479004 0.900878
0.479492 0.90157
0.47998 0.902261
0.480469 0.90295
0.480957 0.903638
0.481445 0.904325
0.481934 0.90501
0.482422 0.905694
0.48291 0.906377
0.483398 0.907059
0.483887 0.907739
0.484375 0.908418
0.484863 0.909095
0.485352 0.909771
0.48584 0.910446
0.486328 0.91112
0.486816 0.911792
0.487305 0.912462
0.487793 0.913132
0.488281 0.913799
0.48877 0.914466
0.489258 0.915131
0.489746 0.915795
0.490234 0.916457
0.490723 0.917118
0.491211 0.917777
0.491699 0.918435
0.492188 0.919091
0.492676 0.919746
0.493164 0.9204
0.493652 0.921052
0.494141 0.921702
0.494629 0.922351
0.495117 0.922997
0.495605 0.923638
0.496094 0.924265
0.496582 0.924839
0.49707 0.925213
0.497559 0.924811
0.498047 0.921395
0.498535 0.906255
0.499023 0.846447
0.499512 0.618643
0.5 4.13464e-14
0.500488 -0.618643
0.500977 -0.846447
0.501465 -0.906255
0.501953 -0.921395
0.502441 -0.924811
0.50293 -0.925213
0.503418 -0.924839
0.503906 -0.924265
0.504395 -0.923638
0.504883 -0.922997
0.505371 -0.922351
0.505859 -0.921702
0.506348 -0.921052
0.506836 -0.9204
0.507324 -0.919746
0.507812 -0.919091
0.508301 -0.918435
0.508789 -0.917777
0.509277 -0.917118
0.509766 -0.916457
0.510254 -0.915795
0.510742 -0.915131
0.51123 -0.914466
0.511719 -0.913799
0.512207 -0.913132
0.512695 -0.912462
0.513184 -0.911792
0.513672 -0.91112
0.51416 -0.910446
0.514648 -0.909771
0.515137 -0.909095
0.515625 -0.908418
0.516113 -0.907739
0.516602 -0.907059
0.51709 -0.906377
0.517578 -0.905694
0.518066 -0.90501
0.518555 -0.904325
0.519043 -0.903638
0.519531 -0.90295
0.52002 -0.902261
0.520508 -0.90157
0.520996 -0.900878
0.521484 -0.900185
0.521973 -0.899491
0.522461 -0.898796
0.522949 -0.898099
0.523438 -0.897401
0.523926 -0.896701
0.524414 -0.896001
0.524902 -0.895299
0.525391 -0.894596
0.525879 -0.893892
0.526367 -0.893187
0.526855 -0.892481
0.527344 -0.891773
0.527832 -0.891064
0.52832 -0.890354
0.528809 -0.889643
0.529297 -0.888931
0.529785 -0.888217
0.530273 -0.887503
0.530762 -0.886787
0.53125 -0.88607
0.531738 -0.885352
0.532227 -0.884633
0.532715 -0.883913
0.533203 -0.883192
0.533691 -0.882469
0.53418 -0.881746
0.534668 -0.881021
0.535156 -0.880296
0.535645 -0.879569
0.536133 -0.878841
0.536621 -0.878112
0.537109 -0.877383
0.537598 -0.876652
0.538086 -0.87592
0.538574 -0.875187
0.539062 -0.874452
0.539551 -0.873717
0.540039 -0.872981
0.540527 -0.872244
0.541016 -0.871506
0.541504 -0.870767
0.541992 -0.870027
0.54248 -0.869285
0.542969 -0.868543
0.543457 -0.8678
0.543945 -0.867056
0.544434 -0.866311
0.544922 -0.865565
0.54541 -0.864818
0.545898 -0.864069
0.546387 -0.86332
0.546875 -0.86257
0.547363 -0.86182
0.547852 -0.861068
0.54834 -0.860315
0.548828 -0.859561
0.549316 -0.858806
0.549805 -0.858051
0.550293 -0.857294
0.550781 -0.856537
0.55127 -0.855778
0.551758 -0.855019
0.552246 -0.854259
0.552734 -0.853498
0.553223 -0.852736
0.553711 -0.851973
0.554199 -0.851209
0.554688 -0.850444
0.555176 -0.849679
0.555664 -0.848912
0.556152 -0.848145
0.556641 -0.847377
0.557129 -0.846608
0.557617 -0.845838
0.558105 -0.845067
0.558594 -0.844296
0.559082 -0.843523
0.55957 -0.84275
0.560059 -0.841976
0.560547 -0.841201
0.561035 -0.840425
0.561523 -0.839648
0.562012 -0.838871
0.5625 -0.838092
0.562988 -0.837313
0.563477 -0.836533
0.563965 -0.835752
0.564453 -0.834971
0.564941 -0.834189
0.56543 -0.833405
0.565918 -0.832621
0.566406 -0.831837
0.566895 -0.831051
0.567383 -0.830265
0.567871 -0.829478
0.568359 -0.82869
0.568848 -0.827901
0.569336 -0.827111
0.569824 -0.826321
0.570312 -0.82553
0.570801 -0.824738
0.571289 -0.823946
0.571777 -0.823153
0.572266 -0.822359
0.572754 -0.821564
0.573242 -0.820768
0.57373 -0.819972
0.574219 -0.819175
0.574707 -0.818377
0.575195 -0.817579
0.575684 -0.816779
0.576172 -0.815979
0.57666 -0.815179
0.577148 -0.814377
0.577637 -0.813575
0.578125 -0.812772
0.578613 -0.811969
0.579102 -0.811165
0.57959 -0.81036
0.580078 -0.809554
0.580566 -0.808748
0.581055 -0.807941
0.581543 -0.807133
0.582031 -0.806324
0.58252 -0.805515
0.583008 -0.804705
0.583496 -0.803895
0.583984 -0.803084
0.584473 -0.802272
0.584961 -0.801459
0.585449 -0.800646
0.585938 -0.799832
0.586426 -0.799017
0.586914 -0.798202
0.587402 -0.797386
0.587891 -0.79657
0.588379 -0.795753
0.588867 -0.794935
0.589355 -0.794116
0.589844 -0.793297
0.590332 -0.792477
0.59082 -0.791657
0.591309 -0.790836
0.591797 -0.790014
0.592285 -0.789192
0.592773 -0.788369
0.593262 -0.787545
0.59375 -0.786721
0.594238 -0.785896
0.594727 -0.78507
0.595215 -0.784244
0.595703 -0.783418
0.596191 -0.78259
0.59668 -0.781762
0.597168 -0.780934
0.597656 -0.780104
0.598145 -0.779275
0.598633 -0.778444
0.599121 -0.777613
0.599609 -0.776782
0.600098 -0.775949
0.600586 -0.775117
0.601074 -0.774283
0.601562 -0.773449
0.602051 -0.772615
0.602539 -0.77178
0.603027 -0.770944
0.603516 -0.770108
0.604004 -0.769271
0.604492 -0.768433
0.60498 -0.767595
0.605469 -0.766757
0.605957 -0.765917
0.606445 -0.765078
0.606934 -0.764237
0.607422 -0.763396
0.60791 -0.762555
0.608398 -0.761713
0.608887 -0.76087
0.609375 -0.760027
0.609863 -0.759184
0.610352 -0.75834
0.61084 -0.757495
0.611328 -0.756649
0.611816 -0.755804
0.612305 -0.754957
0.612793 -0.75411
0.613281 -0.753263
0.61377 -0.752415
0.614258 -0.751566
0.614746 -0.750717
0.615234 -0.749868
0.615723 -0.749017
0.616211 -0.748167
0.616699 -0.747316
0.617188 -0.746464
0.617676 -0.745612
0.618164 -0.744759
0.618652 -0.743906
0.619141 -0.743052
0.619629 -0.742198
0.620117 -0.741343
0.620605 -0.740488
0.621094 -0.739632
0.621582 -0.738775
0.62207 -0.737919
0.622559 -0.737061
0.623047 -0.736203
0.623535 -0.735345
0.624023 -0.734486
0.624512 -0.733627
0.625 -0.732767
0.625488 -0.731907
0.625977 -0.731046
0.626465 -0.730185
0.626953 -0.729323
0.627441 -0.728461
0.62793 -0.727598
0.628418 -0.726735
0.628906 -0.725871
0.629395 -0.725007
0.629883 -0.724142
0.630371 -0.723277
0.630859 -0.722412
0.631348 -0.721546
0.631836 -0.720679
0.632324 -0.719812
0.632812 -0.718945
0.633301 -0.718077
0.633789 -0.717208
0.634277 -0.71634
0.634766 -0.71547
0.635254 -0.714601
0.635742 -0.71373
0.63623 -0.71286
0.636719 -0.711989
0.637207 -0.711117
0.637695 -0.710245
0.638184 -0.709372
0.638672 -0.7085
0.63916 -0.707626
0.639648 -0.706752
0.640137 -0.705878
0.640625 -0.705003
0.641113 -0.704128
0.641602 -0.703253
0.64209 -0.702377
0.642578 -0.7015
0.643066 -0.700623
0.643555 -0.699746
0.644043 -0.698868
0.644531 -0.69799
0.64502 -0.697112
0.645508 -0.696233
0.645996 -0.695353
0.646484 -0.694473
0.646973 -0.693593
0.647461 -0.692712
0.647949 -0.691831
0.648438 -0.69095
0.648926 -0.690068
0.649414 -0.689186
0.649902 -0.688303
0.650391 -0.68742
0.650879 -0.686536
0.651367 -0.685652
0.651855 -0.684768
0.652344 -0.683883
0.652832 -0.682998
0.65332 -0.682112
0.653809 -0.681226
0.654297 -0.68034
0.654785 -0.679453
0.655273 -0.678566
0.655762 -0.677678
0.65625 -0.67679
0.656738 -0.675902
0.657227 -0.675013
0.657715 -0.674124
0.658203 -0.673234
0.658691 -0.672344
0.65918 -0.671454
0.659668 -0.670563
0.660156 -0.669672
0.660645 -0.66878
0.661133 -0.667889
0.661621 -0.666996
0.662109 -0.666104
0.662598 -0.665211
0.663086 -0.664317
0.663574 -0.663424
0.664062 -0.662529
0.664551 -0.661635
0.665039 -0.66074
0.665527 -0.659845
0.666016 -0.658949
0.666504 -0.658053
0.666992 -0.657157
0.66748 -0.65626
0.667969 -0.655363
0.668457 -0.654466
0.668945 -0.653568
0.669434 -0.65267
0.669922 -0.651771
0.67041 -0.650872
0.670898 -0.649973
0.671387 -0.649073
0.671875 -0.648173
0.672363 -0.647273
0.672852 -0.646372
0.67334 -0.645471
0.673828 -0.64457
0.674316 -0.643668
0.674805 -0.642766
0.675293 -0.641864
0.675781 -0.640961
0.67627 -0.640058
0.676758 -0.639155
0.677246 -0.638251
0.677734 -0.637347
0.678223 -0.636442
0.678711 -0.635537
0.679199 -0.634632
0.679688 -0.633727
0.680176 -0.632821
0.680664 -0.631915
0.681152 -0.631008
0.681641 -0.630102
0.682129 -0.629194
0.682617 -0.628287
0.683105 -0.627379
0.683594 -0.626471
0.684082 -0.625563
0.68457 -0.624654
0.685059 -0.623745
0.685547 -0.622835
0.686035 -0.621925
0.686523 -0.621015
0.687012 -0.620105
0.6875 -0.619194
0.687988 -0.618283
0.688477 -0.617372
0.688965 -0.61646
0.689453 -0.615548
0.689941 -0.614636
0.69043 -0.613723
0.690918 -0.61281
0.691406 -0.611897
0.691895 -0.610983
0.692383 -0.61007
0.692871 -0.609155
0.693359 -0.608241
0.693848 -0.607326
0.694336 -0.606411
0.694824 -0.605496
0.695312 -0.60458
0.695801 -0.603664
0.696289 -0.602748
0.696777 -0.601831
0.697266 -0.600914
0.697754 -0.599997
0.698242 -0.599079
0.69873 -0.598162
0.699219 -0.597243
0.699707 -0.596325
0.700195 -0.595406
0.700684 -0.594487
0.701172 -0.593568
0.70166 -0.592648
0.702148 -0.591729
0.702637 -0.590808
0.703125 -0.589888
0.703613 -0.588967
0.704102 -0.588046
0.70459 -0.587125
0.705078 -0.586203
0.705566 -0.585281
0.706055 -0.584359
0.706543 -0.583437
0.707031 -0.582514
0.70752 -0.581591
0.708008 -0.580668
0.708496 -0.579744
0.708984 -0.57882
0.709473 -0.577896
0.709961 -0.576972
0.710449 -0.576047
0.710938 -0.575122
0.711426 -0.574197
0.711914 -0.573272
0.712402 -0.572346
0.712891 -0.57142
0.713379 -0.570493
0.713867 -0.569567
0.714355 -0.56864
0.714844 -0.567713
0.715332 -0.566785
0.71582 -0.565858
0.716309 -0.56493
0.716797 -0.564002
0.717285 -0.563073
0.717773 -0.562145
0.718262 -0.561216
0.71875 -0.560286
0.719238 -0.559357
0.719727 -0.558427
0.720215 -0.557497
0.720703 -0.556567
0.721191 -0.555636
0.72168 -0.554705
0.722168 -0.553774
0.722656 -0.552843
0.723145 -0.551912
0.723633 -0.55098
0.724121 -0.550048
0.724609 -0.549115
0.725098 -0.548183
0.725586 -0.54725
0.726074 -0.546317
0.726562 -0.545384
0.727051 -0.54445
0.727539 -0.543516
0.728027 -0.542582
0.728516 -0.541648
0.729004 -0.540713
0.729492 -0.539779
0.72998 -0.538844
0.730469 -0.537908
0.730957 -0.536973
0.731445 -0.536037
0.731934 -0.535101
0.732422 -0.534165
0.73291 -0.533228
0.733398 -0.532292
0.733887 -0.531355
0.734375 -0.530417
0.734863 -0.52948
0.735352 -0.528542
0.73584 -0.527604
0.736328 -0.526666
0.736816 -0.525728
0.737305 -0.524789
0.737793 -0.523851
0.738281 -0.522911
0.73877 -0.521972
0.739258 -0.521033
0.739746 -0.520093
0.740234 -0.519153
0.740723 -0.518213
0.741211 -0.517272
0.741699 -0.516332
0.742188 -0.515391
0.742676 -0.51445
0.743164 -0.513508
0.743652 -0.512567
0.744141 -0.511625
0.744629 -0.510683
0.745117 -0.509741
0.745605 -0.508798
0.746094 -0.507856
0.746582 -0.506913
0.74707 -0.50597
0.747559 -0.505026
0.748047 -0.504083
0.748535 -0.503139
0.749023 -0.502195
0.749512 -0.501251
0.75 -0.500307
0.750488 -0.499362
0.750977 -0.498417
0.751465 -0.497472
0.751953 -0.496527
0.752441 -0.495581
0.75293 -0.494636
0.753418 -0.49369
0.753906 -0.492744
0.754395 -0.491797
0.754883 -0.490851
0.755371 -0.489904
0.755859 -0.488957
0.756348 -0.48801
0.756836 -0.487063
0.757324 -0.486115
0.757812 -0.485168
0.758301 -0.48422
0.758789 -0.483272
0.759277 -0.482323
0.759766 -0.481375
0.760254 -0.480426
0.760742 -0.479477
0.76123 -0.478528
0.761719 -0.477578
0.762207 -0.476629
0.762695 -0.475679
0.763184 -0.474729
0.763672 -0.473779
0.76416 -0.472829
0.764648 -0.471878
0.765137 -0.470928
0.765625 -0.469977
0.766113 -0.469026
0.766602 -0.468074
0.76709 -0.467123
0.767578 -0.466171
0.768066 -0.465219
0.768555 -0.464267
0.769043 -0.463315
0.769531 -0.462362
0.77002 -0.46141
0.770508 -0.460457
0.770996 -0.459504
0.771484 -0.458551
0.771973 -0.457597
0.772461 -0.456644
0.772949 -0.45569
0.773438 -0.454736
0.773926 -0.453782
0.774414 -0.452828
0.774902 -0.451873
0.775391 -0.450919
0.775879 -0.449964
0.776367 -0.449009
0.776855 -0.448054
0.777344 -0.447098
0.777832 -0.446143
0.77832 -0.445187
0.778809 -0.444231
0.779297 -0.443275
0.779785 -0.442318
0.780273 -0.441362
0.780762 -0.440405
0.78125 -0.439449
0.781738 -0.438492
0.782227 -0.437534
0.782715 -0.436577
0.783203 -0.43562
0.783691 -0.434662
0.78418 -0.433704
0.784668 -0.432746
0.785156 -0.431788
0.785645 -0.43083
0.786133 -0.429871
0.786621 -0.428912
0.787109 -0.427953
0.787598 -0.426994
0.788086 -0.426035
0.788574 -0.425076
0.789062 -0.424116
0.789551 -0.423157
0.790039 -0.422197
0.790527 -0.421237
0.791016 -0.420277
0.791504 -0.419316
0.791992 -0.418356
0.79248 -0.417395
0.792969 -0.416434
0.793457 -0.415473
0.793945 -0.414512
0.794434 -0.413551
0.794922 -0.412589
0.79541 -0.411627
0.795898 -0.410666
0.796387 -0.409704
0.796875 -0.408742
0.797363 -0.407779
0.797852 -0.406817
0.79834 -0.405854
0.798828 -0.404892
0.799316 -0.403929
0.799805 -0.402966
0.800293 -0.402002
0.800781 -0.401039
0.80127 -0.400075
0.801758 -0.399112
0.802246 -0.398148
0.802734 -0.397184
0.803223 -0.39622
0.803711 -0.395256
0.804199 -0.394291
0.804688 -0.393327
0.805176 -0.392362
0.805664 -0.391397
0.806152 -0.390432
0.806641 -0.389467
0.807129 -0.388501
0.807617 -0.387536
0.808105 -0.38657
0.808594 -0.385605
0.809082 -0.384639
0.80957 -0.383673
0.810059 -0.382706
0.810547 -0.38174
0.811035 -0.380774
0.811523 -0.379807
0.812012 -0.37884
0.8125 -0.377873
0.812988 -0.376906
0.813477 -0.375939
0.813965 -0.374972
0.814453 -0.374004
0.814941 -0.373037
0.81543 -0.372069
0.815918 -0.371101
0.816406 -0.370133
0.816895 -0.369165
0.817383 -0.368196
0.817871 -0.367228
0.818359 -0.366259
0.818848 -0.365291
0.819336 -0.364322
0.819824 -0.363353
0.820312 -0.362384
0.820801 -0.361414
0.821289 -0.360445
0.821777 -0.359476
0.822266 -0.358506
0.822754 -0.357536
0.823242 -0.356566
0.82373 -0.355596
0.824219 -0.354626
0.824707 -0.353656
0.825195 -0.352685
0.825684 -0.351715
0.826172 -0.350744
0.82666 -0.349773
0.827148 -0.348802
0.827637 -0.347831
0.828125 -0.34686
0.828613 -0.345889
0.829102 -0.344917
0.82959 -0.343946
0.830078 -0.342974
0.830566 -0.342002
0.831055 -0.34103
0.831543 -0.340058
0.832031 -0.339086
0.83252 -0.338113
0.833008 -0.337141
0.833496 -0.336168
0.833984 -0.335196
0.834473 -0.334223
0.834961 -0.33325
0.835449 -0.332277
0.835938 -0.331304
0.836426 -0.330331
0.836914 -0.329357
0.837402 -0.328384
0.837891 -0.32741
0.838379 -0.326436
0.838867 -0.325462
0.839355 -0.324488
0.839844 -0.323514
0.840332 -0.32254
0.84082 -0.321566
0.841309 -0.320591
0.841797 -0.319617
0.842285 -0.318642
0.842773 -0.317667
0.843262 -0.316692
0.84375 -0.315717
0.844238 -0.314742
0.844727 -0.313767
0.845215 -0.312791
0.845703 -0.311816
0.846191 -0.31084
0.84668 -0.309864
0.847168 -0.308889
0.847656 -0.307913
0.848145 -0.306937
0.848633 -0.305961
0.849121 -0.304984
0.849609 -0.304008
0.850098 -0.303032
0.850586 -0.302055
0.851074 -0.301078
0.851562 -0.300101
0.852051 -0.299125
0.852539 -0.298148
0.853027 -0.297171
0.853516 -0.296193
0.854004 -0.295216
0.854492 -0.294239
0.85498 -0.293261
0.855469 -0.292283
0.855957 -0.291306
0.856445 -0.290328
0.856934 -0.28935
0.857422 -0.288372
0.85791 -0.287394
0.858398 -0.286416
0.858887 -0.285437
0.859375 -0.284459
0.859863 -0.28348
0.860352 -0.282502
0.86084 -0.281523
0.861328 -0.280544
0.861816 -0.279565
0.862305 -0.278586
0.862793 -0.277607
0.863281 -0.276628
0.86377 -0.275649
0.864258 -0.274669
0.864746 -0.27369
0.865234 -0.27271
0.865723 -0.27173
0.866211 -0.270751
0.866699 -0.269771
0.867188 -0.268791
0.867676 -0.267811
0.868164 -0.266831
0.868652 -0.26585
0.869141 -0.26487
0.869629 -0.26389
0.870117 -0.262909
0.870605 -0.261928
0.871094 -0.260948
0.871582 -0.259967
0.87207 -0.258986
0.872559 -0.258005
0.873047 -0.257024
0.873535 -0.256043
0.874023 -0.255062
0.874512 -0.25408
0.875 -0.253099
0.875488 -0.252117
0.875977 -0.251136
0.876465 -0.250154
0.876953 -0.249172
0.877441 -0.248191
0.87793 -0.247209
0.878418 -0.246227
0.878906 -0.245245
0.879395 -0.244262
0.879883 -0.24328
0.880371 -0.242298
0.880859 -0.241315
0.881348 -0.240333
0.881836 -0.23935
0.882324 -0.238368
0.882812 -0.237385
0.883301 -0.236402
0.883789 -0.235419
0.884277 -0.234436
0.884766 -0.233453
0.885254 -0.23247
0.885742 -0.231487
0.88623 -0.230503
0.886719 -0.22952
0.887207 -0.228536
0.887695 -0.227553
0.888184 -0.226569
0.888672 -0.225586
0.88916 -0.224602
0.889648 -0.223618
0.890137 -0.222634
0.890625 -0.22165
0.891113 -0.220666
0.891602 -0.219682
0.89209 -0.218698
0.892578 -0.217713
0.893066 -0.216729
0.893555 -0.215745
0.894043 -0.21476
0.894531 -0.213775
0.89502 -0.212791
0.895508 -0.211806
0.895996 -0.210821
0.896484 -0.209836
0.896973 -0.208851
0.897461 -0.207866
0.897949 -0.206881
0.898438 -0.205896
0.898926 -0.204911
0.899414 -0.203926
0.899902 -0.20294
0.900391 -0.201955
0.900879 -0.200969
0.901367 -0.199984
0.901855 -0.198998
0.902344 -0.198013
0.902832 -0.197027
0.90332 -0.196041
0.903809 -0.195055
0.904297 -0.194069
0.904785 -0.193083
0.905273 -0.192097
0.905762 -0.191111
0.90625 -0.190125
0.906738 -0.189138
0.907227 -0.188152
0.907715 -0.187166
0.908203 -0.186179
0.908691 -0.185193
0.90918 -0.184206
0.909668 -0.18322
0.910156 -0.182233
0.910645 -0.181246
0.911133 -0.180259
0.911621 -0.179272
0.912109 -0.178286
0.912598 -0.177299
0.913086 -0.176311
0.913574 -0.175324
0.914062 -0.174337
0.914551 -0.17335
0.915039 -0.172363
0.915527 -0.171375
0.916016 -0.170388
0.916504 -0.169401
0.916992 -0.168413
0.91748 -0.167425
0.917969 -0.166438
0.918457 -0.16545
0.918945 -0.164463
0.919434 -0.163475
0.919922 -0.162487
0.92041 -0.161499
0.920898 -0.160511
0.921387 -0.159523
0.921875 -0.158535
0.922363 -0.157547
0.922852 -0.156559
0.92334 -0.155571
0.923828 -0.154583
0.924316 -0.153594
0.924805 -0.152606
0.925293 -0.151618
0.925781 -0.150629
0.92627 -0.149641
0.926758 -0.148652
0.927246 -0.147664
0.927734 -0.146675
0.928223 -0.145687
0.928711 -0.144698
0.929199 -0.143709
0.929688 -0.142721
0.930176 -0.141732
0.930664 -0.140743
0.931152 -0.139754
0.931641 -0.138765
0.932129 -0.137777
0.932617 -0.136788
0.933105 -0.135799
0.933594 -0.13481
0.934082 -0.133821
0.93457 -0.132831
0.935059 -0.131842
0.935547 -0.130853
0.936035 -0.129864
0.936523 -0.128875
0.937012 -0.127886
0.9375 -0.126896
0.937988 -0.125907
0.938477 -0.124918
0.938965 -0.123928
0.939453 -0.122939
0.939941 -0.12195
0.94043 -0.12096
0.940918 -0.119971
0.941406 -0.118981
0.941895 -0.117992
0.942383 -0.117002
0.942871 -0.116013
0.943359 -0.115023
0.943848 -0.114034
0.944336 -0.113044
0.944824 -0.112055
0.945312 -0.111065
0.945801 -0.110076
0.946289 -0.109086
0.946777 -0.108097
0.947266 -0.107107
0.947754 -0.106117
0.948242 -0.105128
0.94873 -0.104138
0.949219 -0.103149
0.949707 -0.102159
0.950195 -0.10117
0.950684 -0.10018
0.951172 -0.0991906
0.95166 -0.098201
0.952148 -0.0972115
0.952637 -0.096222
0.953125 -0.0952325
0.953613 -0.0942431
0.954102 -0.0932536
0.95459 -0.0922642
0.955078 -0.0912748
0.955566 -0.0902854
0.956055 -0.089296
0.956543 -0.0883067
0.957031 -0.0873174
0.95752 -0.0863281
0.958008 -0.0853389
0.958496 -0.0843497
0.958984 -0.0833605
0.959473 -0.0823713
0.959961 -0.0813822
0.960449 -0.0803932
0.960938 -0.0794042
0.961426 -0.0784152
0.961914 -0.0774263
0.962402 -0.0764374
0.962891 -0.0754486
0.963379 -0.0744598
0.963867 -0.073471
0.964355 -0.0724824
0.964844 -0.0714937
0.965332 -0.0705052
0.96582 -0.0695167
0.966309 -0.0685282
0.966797 -0.0675398
0.967285 -0.0665515
0.967773 -0.0655632
0.968262 -0.0645751
0.96875 -0.0635869
0.969238 -0.0625989
0.969727 -0.0616109
0.970215 -0.0606229
0.970703 -0.0596351
0.971191 -0.0586473
0.97168 -0.0576596
0.972168 -0.056672
0.972656 -0.0556844
0.973145 -0.0546969
0.973633 -0.0537095
0.974121 -0.0527222
0.974609 -0.0517349
0.975098 -0.0507477
0.975586 -0.0497606
0.976074 -0.0487736
0.976562 -0.0477867
0.977051 -0.0467998
0.977539 -0.045813
0.978027 -0.0448263
0.978516 -0.0438397
0.979004 -0.0428532
0.979492 -0.0418667
0.97998 -0.0408803
0.980469 -0.039894
0.980957 -0.0389078
0.981445 -0.0379216
0.981934 -0.0369355
0.982422 -0.0359495
0.98291 -0.0349636
0.983398 -0.0339778
0.983887 -0.032992
0.984375 -0.0320063
0.984863 -0.0310207
0.985352 -0.0300351
0.98584 -0.0290496
0.986328 -0.0280642
0.986816 -0.0270788
0.987305 -0.0260935
0.987793 -0.0251083
0.988281 -0.0241232
0.98877 -0.023138
0.989258 -0.022153
0.989746 -0.021168
0.990234 -0.0201831
0.990723 -0.0191982
0.991211 -0.0182134
0.991699 -0.0172286
0.992188 -0.0162438
0.992676 -0.0152591
0.993164 -0.0142745
0.993652 -0.0132899
0.994141 -0.0123053
0.994629 -0.0113207
0.995117 -0.0103362
0.995605 -0.00935172
0.996094 -0.00836725
0.996582 -0.00738282
0.99707 -0.0063984
0.997559 -0.005414
0.998047 -0.00442961
0.998535 -0.00344524
0.999023 -0.00246088
0.999512 -0.00147653
1 -0.000492175
