0 0.000259459
0.000488281 0.000778377
0.000976562 0.0012973
0.00146484 0.00181621
0.00195312 0.00233513
0.00244141 0.00285405
0.00292969 0.00337298
0.00341797 0.0038919
0.00390625 0.00441082
0.00439453 0.00492974
0.00488281 0.00544867
0.00537109 0.0059676
0.00585938 0.00648653
0.00634766 0.00700546
0.00683594 0.00752439
0.00732422 0.00804333
0.0078125 0.00856226
0.00830078 0.0090812
0.00878906 0.00960015
0.00927734 0.0101191
0.00976562 0.010638
0.0102539 0.011157
0.0107422 0.0116759
0.0112305 0.0121949
0.0117188 0.0127139
0.012207 0.0132328
0.0126953 0.0137518
0.0131836 0.0142708
0.0136719 0.0147897
0.0141602 0.0153087
0.0146484 0.0158277
0.0151367 0.0163467
0.015625 0.0168657
0.0161133 0.0173847
0.0166016 0.0179037
0.0170898 0.0184227
0.0175781 0.0189417
0.0180664 0.0194607
0.0185547 0.0199797
0.019043 0.0204988
0.0195312 0.0210178
0.0200195 0.0215369
0.0205078 0.0220559
0.0209961 0.0225749
0.0214844 0.023094
0.0219727 0.0236131
0.0224609 0.0241321
0.0229492 0.0246512
0.0234375 0.0251703
0.0239258 0.0256894
0.0244141 0.0262085
0.0249023 0.0267276
0.0253906 0.0272467
0.0258789 0.0277658
0.0263672 0.0282849
0.0268555 0.028804
0.0273438 0.0293232
0.027832 0.0298423
0.0283203 0.0303615
0.0288086 0.0308806
0.0292969 0.0313998
0.0297852 0.031919
0.0302734 0.0324381
0.0307617 0.0329573
0.03125 0.0334765
0.0317383 0.0339957
0.0322266 0.0345149
0.0327148 0.0350342
0.0332031 0.0355534
0.0336914 0.0360726
0.0341797 0.0365919
0.034668 0.0371111
0.0351562 0.0376304
0.0356445 0.0381496
0.0361328 0.0386689
0.0366211 0.0391882
0.0371094 0.0397075
0.0375977 0.0402268
0.0380859 0.0407461
0.0385742 0.0412654
0.0390625 0.0417848
0.0395508 0.0423041
0.0400391 0.0428234
0.0405273 0.0433428
0.0410156 0.0438621
0.0415039 0.0443815
0.0419922 0.0449009
0.0424805 0.0454203
0.0429688 0.0459397
0.043457 0.0464591
0.0439453 0.0469785
0.0444336 0.0474979
0.0449219 0.0480173
0.0454102 0.0485368
0.0458984 0.0490562
0.0463867 0.0495757
0.046875 0.0500952
0.0473633 0.0506146
0.0478516 0.0511341
0.0483398 0.0516536
0.0488281 0.0521731
0.0493164 0.0526926
0.0498047 0.0532121
0.050293 0.0537317
0.0507812 0.0542512
0.0512695 0.0547707
0.0517578 0.0552903
0.0522461 0.0558098
0.0527344 0.0563294
0.0532227 0.056849
0.0537109 0.0573686
0.0541992 0.0578882
0.0546875 0.0584078
0.0551758 0.0589274
0.0556641 0.059447
0.0561523 0.0599666
0.0566406 0.0604863
0.0571289 0.0610059
0.0576172 0.0615256
0.0581055 0.0620452
0.0585938 0.0625649
0.059082 0.0630846
0.0595703 0.0636043
0.0600586 0.064124
0.0605469 0.0646437
0.0610352 0.0651634
0.0615234 0.0656831
0.0620117 0.0662028
0.0625 0.0667225
0.0629883 0.0672423
0.0634766 0.067762
0.0639648 0.0682818
0.0644531 0.0688016
0.0649414 0.0693213
0.0654297 0.0698411
0.065918 0.0703609
0.0664062 0.0708807
0.0668945 0.0714005
0.0673828 0.0719203
0.0678711 0.0724401
0.0683594 0.0729599
0.0688477 0.0734797
0.0693359 0.0739996
0.0698242 0.0745194
0.0703125 0.0750393
0.0708008 0.0755591
0.0712891 0.076079
0.0717773 0.0765988
0.0722656 0.0771187
0.0727539 0.0776386
0.0732422 0.0781585
0.0737305 0.0786783
0.0742188 0.0791982
0.074707 0.0797181
0.0751953 0.080238
0.0756836 0.080758
0.0761719 0.0812779
0.0766602 0.0817978
0.0771484 0.0823177
0.0776367 0.0828377
0.078125 0.0833576
0.0786133 0.0838775
0.0791016 0.0843975
0.0795898 0.0849174
0.0800781 0.0854374
0.0805664 0.0859573
0.0810547 0.0864773
0.081543 0.0869973
0.0820312 0.0875173
0.0825195 0.0880372
0.0830078 0.0885572
0.0834961 0.0890772
0.0839844 0.0895972
0.0844727 0.0901172
0.0849609 0.0906372
0.0854492 0.0911572
0.0859375 0.0916772
0.0864258 0.0921972
0.0869141 0.0927172
0.0874023 0.0932372
0.0878906 0.0937572
0.0883789 0.0942773
0.0888672 0.0947973
0.0893555 0.0953173
0.0898438 0.0958373
0.090332 0.0963574
0.0908203 0.0968774
0.0913086 0.0973974
0.0917969 0.0979175
0.0922852 0.0984375
0.0927734 0.0989576
0.0932617 0.0994776
0.09375 0.0999977
0.0942383 0.100518
0.0947266 0.101038
0.0952148 0.101558
0.0957031 0.102078
0.0961914 0.102598
0.0966797 0.103118
0.097168 0.103638
0.0976562 0.104158
0.0981445 0.104678
0.0986328 0.105198
0.0991211 0.105718
0.0996094 0.106238
0.100098 0.106758
0.100586 0.107278
0.101074 0.107799
0.101562 0.108319
0.102051 0.108839
0.102539 0.109359
0.103027 0.109879
0.103516 0.110399
0.104004 0.110919
0.104492 0.111439
0.10498 0.111959
0.105469 0.112479
0.105957 0.112999
0.106445 0.113519
0.106934 0.114039
0.107422 0.114559
0.10791 0.115079
0.108398 0.115599
0.108887 0.116119
0.109375 0.11664
0.109863 0.11716
0.110352 0.11768
0.11084 0.1182
0.111328 0.11872
0.111816 0.11924
0.112305 0.11976
0.112793 0.12028
0.113281 0.1208
0.11377 0.12132
0.114258 0.12184
0.114746 0.12236
0.115234 0.12288
0.115723 0.1234
0.116211 0.12392
0.116699 0.12444
0.117188 0.12496
0.117676 0.12548
0.118164 0.126
0.118652 0.12652
0.119141 0.12704
0.119629 0.12756
0.120117 0.12808
0.120605 0.1286
0.121094 0.12912
0.121582 0.12964
0.12207 0.13016
0.122559 0.13068
0.123047 0.1312
0.123535 0.13172
0.124023 0.13224
0.124512 0.13276
0.125 0.13328
0.125488 0.1338
0.125977 0.13432
0.126465 0.13484
0.126953 0.13536
0.127441 0.13588
0.12793 0.1364
0.128418 0.13692
0.128906 0.13744
0.129395 0.13796
0.129883 0.138479
0.130371 0.138999
0.130859 0.139519
0.131348 0.140039
0.131836 0.140559
0.132324 0.141079
0.132812 0.141599
0.133301 0.142119
0.133789 0.142639
0.134277 0.143159
0.134766 0.143678
0.135254 0.144198
0.135742 0.144718
0.13623 0.145238
0.136719 0.145758
0.137207 0.146278
0.137695 0.146798
0.138184 0.147317
0.138672 0.147837
0.13916 0.148357
0.139648 0.148877
0.140137 0.149397
0.140625 0.149917
0.141113 0.150436
0.141602 0.150956
0.14209 0.151476
0.142578 0.151996
0.143066 0.152516
0.143555 0.153035
0.144043 0.153555
0.144531 0.154075
0.14502 0.154595
0.145508 0.155114
0.145996 0.155634
0.146484 0.156154
0.146973 0.156674
0.147461 0.157193
0.147949 0.157713
0.148438 0.158233
0.148926 0.158752
0.149414 0.159272
0.149902 0.159792
0.150391 0.160311
0.150879 0.160831
0.151367 0.161351
0.151855 0.16187
0.152344 0.16239
0.152832 0.16291
0.15332 0.163429
0.153809 0.163949
0.154297 0.164469
0.154785 0.164988
0.155273 0.165508
0.155762 0.166028
0.15625 0.166547
0.156738 0.167067
0.157227 0.167586
0.157715 0.168106
0.158203 0.168625
0.158691 0.169145
0.15918 0.169665
0.159668 0.170184
0.160156 0.170704
0.160645 0.171223
0.161133 0.171743
0.161621 0.172262
0.162109 0.172782
0.162598 0.173301
0.163086 0.173821
0.163574 0.17434
0.164062 0.17486
0.164551 0.175379
0.165039 0.175899
0.165527 0.176418
0.166016 0.176937
0.166504 0.177457
0.166992 0.177976
0.16748 0.178496
0.167969 0.179015
0.168457 0.179535
0.168945 0.180054
0.169434 0.180573
0.169922 0.181093
0.17041 0.181612
0.170898 0.182131
0.171387 0.182651
0.171875 0.18317
0.172363 0.183689
0.172852 0.184209
0.17334 0.184728
0.173828 0.185247
0.174316 0.185767
0.174805 0.186286
0.175293 0.186805
0.175781 0.187325
0.17627 0.187844
0.176758 0.188363
0.177246 0.188882
0.177734 0.189402
0.178223 0.189921
0.178711 0.19044
0.179199 0.190959
0.179688 0.191478
0.180176 0.191998
0.180664 0.192517
0.181152 0.193036
0.181641 0.193555
0.182129 0.194074
0.182617 0.194593
0.183105 0.195112
0.183594 0.195632
0.184082 0.196151
0.18457 0.19667
0.185059 0.197189
0.185547 0.197708
0.186035 0.198227
0.186523 0.198746
0.187012 0.199265
0.1875 0.199784
0.187988 0.200303
0.188477 0.200822
0.188965 0.201341
0.189453 0.20186
0.189941 0.202379
0.19043 0.202898
0.190918 0.203417
0.191406 0.203936
0.191895 0.204455
0.192383 0.204974
0.192871 0.205493
0.193359 0.206012
0.193848 0.206531
0.194336 0.20705
0.194824 0.207569
0.195312 0.208088
0.195801 0.208607
0.196289 0.209125
0.196777 0.209644
0.197266 0.210163
0.197754 0.210682
0.198242 0.211201
0.19873 0.21172
0.199219 0.212238
0.199707 0.212757
0.200195 0.213276
0.200684 0.213795
0.201172 0.214314
0.20166 0.214832
0.202148 0.215351
0.202637 0.21587
0.203125 0.216388
0.203613 0.216907
0.204102 0.217426
0.20459 0.217945
0.205078 0.218463
0.205566 0.218982
0.206055 0.219501
0.206543 0.220019
0.207031 0.220538
0.20752 0.221057
0.208008 0.221575
0.208496 0.222094
0.208984 0.222612
0.209473 0.223131
0.209961 0.223649
0.210449 0.224168
0.210938 0.224687
0.211426 0.225205
0.211914 0.225724
0.212402 0.226242
0.212891 0.226761
0.213379 0.227279
0.213867 0.227798
0.214355 0.228316
0.214844 0.228835
0.215332 0.229353
0.21582 0.229871
0.216309 0.23039
0.216797 0.230908
0.217285 0.231427
0.217773 0.231945
0.218262 0.232463
0.21875 0.232982
0.219238 0.2335
0.219727 0.234019
0.220215 0.234537
0.220703 0.235055
0.221191 0.235574
0.22168 0.236092
0.222168 0.23661
0.222656 0.237128
0.223145 0.237647
0.223633 0.238165
0.224121 0.238683
0.224609 0.239201
0.225098 0.23972
0.225586 0.240238
0.226074 0.240756
0.226562 0.241274
0.227051 0.241792
0.227539 0.24231
0.228027 0.242829
0.228516 0.243347
0.229004 0.243865
0.229492 0.244383
0.22998 0.244901
0.230469 0.245419
0.230957 0.245937
0.231445 0.246455
0.231934 0.246973
0.232422 0.247491
0.23291 0.248009
0.233398 0.248527
0.233887 0.249045
0.234375 0.249563
0.234863 0.250081
0.235352 0.250599
0.23584 0.251117
0.236328 0.251635
0.236816 0.252153
0.237305 0.252671
0.237793 0.253189
0.238281 0.253707
0.23877 0.254225
0.239258 0.254742
0.239746 0.25526
0.240234 0.255778
0.240723 0.256296
0.241211 0.256814
0.241699 0.257332
0.242188 0.257849
0.242676 0.258367
0.243164 0.258885
0.243652 0.259403
0.244141 0.25992
0.244629 0.260438
0.245117 0.260956
0.245605 0.261473
0.246094 0.261991
0.246582 0.262509
0.24707 0.263026
0.247559 0.263544
0.248047 0.264062
0.248535 0.264579
0.249023 0.265097
0.249512 0.265614
0.25 0.266132
0.250488 0.266649
0.250977 0.267167
0.251465 0.267685
0.251953 0.268202
0.252441 0.26872
0.25293 0.269237
0.253418 0.269754
0.253906 0.270272
0.254395 0.270789
0.254883 0.271307
0.255371 0.271824
0.255859 0.272342
0.256348 0.272859
0.256836 0.273376
0.257324 0.273894
0.257812 0.274411
0.258301 0.274928
0.258789 0.275446
0.259277 0.275963
0.259766 0.27648
0.260254 0.276998
0.260742 0.277515
0.26123 0.278032
0.261719 0.278549
0.262207 0.279067
0.262695 0.279584
0.263184 0.280101
0.263672 0.280618
0.26416 0.281135
0.264648 0.281652
0.265137 0.28217
0.265625 0.282687
0.266113 0.283204
0.266602 0.283721
0.26709 0.284238
0.267578 0.284755
0.268066 0.285272
0.268555 0.285789
0.269043 0.286306
0.269531 0.286823
0.27002 0.28734
0.270508 0.287857
0.270996 0.288374
0.271484 0.288891
0.271973 0.289408
0.272461 0.289925
0.272949 0.290442
0.273438 0.290958
0.273926 0.291475
0.274414 0.291992
0.274902 0.292509
0.275391 0.293026
0.275879 0.293543
0.276367 0.294059
0.276855 0.294576
0.277344 0.295093
0.277832 0.29561
0.27832 0.296126
0.278809 0.296643
0.279297 0.29716
0.279785 0.297676
0.280273 0.298193
0.280762 0.29871
0.28125 0.299226
0.281738 0.299743
0.282227 0.30026
0.282715 0.300776
0.283203 0.301293
0.283691 0.301809
0.28418 0.302326
0.284668 0.302842
0.285156 0.303359
0.285645 0.303875
0.286133 0.304392
0.286621 0.304908
0.287109 0.305425
0.287598 0.305941
0.288086 0.306458
0.288574 0.306974
0.289062 0.30749
0.289551 0.308007
0.290039 0.308523
0.290527 0.309039
0.291016 0.309556
0.291504 0.310072
0.291992 0.310588
0.29248 0.311105
0.292969 0.311621
0.293457 0.312137
0.293945 0.312653
0.294434 0.313169
0.294922 0.313686
0.29541 0.314202
0.295898 0.314718
0.296387 0.315234
0.296875 0.31575
0.297363 0.316266
0.297852 0.316782
0.29834 0.317298
0.298828 0.317814
0.299316 0.318331
0.299805 0.318847
0.300293 0.319363
0.300781 0.319879
0.30127 0.320394
0.301758 0.32091
0.302246 0.321426
0.302734 0.321942
0.303223 0.322458
0.303711 0.322974
0.304199 0.32349
0.304688 0.324006
0.305176 0.324522
0.305664 0.325037
0.306152 0.325553
0.306641 0.326069
0.307129 0.326585
0.307617 0.3271
0.308105 0.327616
0.308594 0.328132
0.309082 0.328648
0.30957 0.329163
0.310059 0.329679
0.310547 0.330194
0.311035 0.33071
0.311523 0.331226
0.312012 0.331741
0.3125 0.332257
0.312988 0.332772
0.313477 0.333288
0.313965 0.333803
0.314453 0.334319
0.314941 0.334834
0.31543 0.33535
0.315918 0.335865
0.316406 0.336381
0.316895 0.336896
0.317383 0.337411
0.317871 0.337927
0.318359 0.338442
0.318848 0.338957
0.319336 0.339473
0.319824 0.339988
0.320312 0.340503
0.320801 0.341019
0.321289 0.341534
0.321777 0.342049
0.322266 0.342564
0.322754 0.343079
0.323242 0.343595
0.32373 0.34411
0.324219 0.344625
0.324707 0.34514
0.325195 0.345655
0.325684 0.34617
0.326172 0.346685
0.32666 0.3472
0.327148 0.347715
0.327637 0.34823
0.328125 0.348745
0.328613 0.34926
0.329102 0.349775
0.32959 0.35029
0.330078 0.350805
0.330566 0.35132
0.331055 0.351835
0.331543 0.352349
0.332031 0.352864
0.33252 0.353379
0.333008 0.353894
0.333496 0.354409
0.333984 0.354923
0.334473 0.355438
0.334961 0.355953
0.335449 0.356467
0.335938 0.356982
0.336426 0.357497
0.336914 0.358011
0.337402 0.358526
0.337891 0.359041
0.338379 0.359555
0.338867 0.36007
0.339355 0.360584
0.339844 0.361099
0.340332 0.361613
0.34082 0.362128
0.341309 0.362642
0.341797 0.363156
0.342285 0.363671
0.342773 0.364185
0.343262 0.3647
0.34375 0.365214
0.344238 0.365728
0.344727 0.366243
0.345215 0.366757
0.345703 0.367271
0.346191 0.367785
0.34668 0.3683
0.347168 0.368814
0.347656 0.369328
0.348145 0.369842
0.348633 0.370356
0.349121 0.37087
0.349609 0.371384
0.350098 0.371899
0.350586 0.372413
0.351074 0.372927
0.351562 0.373441
0.352051 0.373955
0.352539 0.374469
0.353027 0.374983
0.353516 0.375497
0.354004 0.37601
0.354492 0.376524
0.35498 0.377038
0.355469 0.377552
0.355957 0.378066
0.356445 0.37858
0.356934 0.379093
0.357422 0.379607
0.35791 0.380121
0.358398 0.380635
0.358887 0.381148
0.359375 0.381662
0.359863 0.382176
0.360352 0.382689
0.36084 0.383203
0.361328 0.383716
0.361816 0.38423
0.362305 0.384744
0.362793 0.385257
0.363281 0.385771
0.36377 0.386284
0.364258 0.386798
0.364746 0.387311
0.365234 0.387824
0.365723 0.388338
0.366211 0.388851
0.366699 0.389364
0.367188 0.389878
0.367676 0.390391
0.368164 0.390904
0.368652 0.391418
0.369141 0.391931
0.369629 0.392444
0.370117 0.392957
0.370605 0.39347
0.371094 0.393984
0.371582 0.394497
0.37207 0.39501
0.372559 0.395523
0.373047 0.396036
0.373535 0.396549
0.374023 0.397062
0.374512 0.397575
0.375 0.398088
0.375488 0.398601
0.375977 0.399114
0.376465 0.399627
0.376953 0.40014
0.377441 0.400652
0.37793 0.401165
0.378418 0.401678
0.378906 0.402191
0.379395 0.402704
0.379883 0.403216
0.380371 0.403729
0.380859 0.404242
0.381348 0.404754
0.381836 0.405267
0.382324 0.40578
0.382812 0.406292
0.383301 0.406805
0.383789 0.407317
0.384277 0.40783
0.384766 0.408342
0.385254 0.408855
0.385742 0.409367
0.38623 0.40988
0.386719 0.410392
0.387207 0.410904
0.387695 0.411417
0.388184 0.411929
0.388672 0.412441
0.38916 0.412954
0.389648 0.413466
0.390137 0.413978
0.390625 0.41449
0.391113 0.415003
0.391602 0.415515
0.39209 0.416027
0.392578 0.416539
0.393066 0.417051
0.393555 0.417563
0.394043 0.418075
0.394531 0.418587
0.39502 0.419099
0.395508 0.419611
0.395996 0.420123
0.396484 0.420635
0.396973 0.421147
0.397461 0.421659
0.397949 0.42217
0.398438 0.422682
0.398926 0.423194
0.399414 0.423706
0.399902 0.424218
0.400391 0.424729
0.400879 0.425241
0.401367 0.425753
0.401855 0.426264
0.402344 0.426776
0.402832 0.427287
0.40332 0.427799
0.403809 0.428311
0.404297 0.428822
0.404785 0.429333
0.405273 0.429845
0.405762 0.430356
0.40625 0.430868
0.406738 0.431379
0.407227 0.431891
0.407715 0.432402
0.408203 0.432913
0.408691 0.433424
0.40918 0.433936
0.409668 0.434447
0.410156 0.434958
0.410645 0.435469
0.411133 0.43598
0.411621 0.436491
0.412109 0.437003
0.412598 0.437514
0.413086 0.438025
0.413574 0.438536
0.414062 0.439047
0.414551 0.439558
0.415039 0.440069
0.415527 0.440579
0.416016 0.44109
0.416504 0.441601
0.416992 0.442112
0.41748 0.442623
0.417969 0.443134
0.418457 0.443644
0.418945 0.444155
0.419434 0.444666
0.419922 0.445176
0.42041 0.445687
0.420898 0.446198
0.421387 0.446708
0.421875 0.447219
0.422363 0.447729
0.422852 0.44824
0.42334 0.44875
0.423828 0.449261
0.424316 0.449771
0.424805 0.450281
0.425293 0.450792
0.425781 0.451302
0.42627 0.451812
0.426758 0.452323
0.427246 0.452833
0.427734 0.453343
0.428223 0.453853
0.428711 0.454364
0.429199 0.454874
0.429688 0.455384
0.430176 0.455894
0.430664 0.456404
0.431152 0.456914
0.431641 0.457424
0.432129 0.457934
0.432617 0.458444
0.433105 0.458954
0.433594 0.459464
0.434082 0.459973
0.43457 0.460483
0.435059 0.460993
0.435547 0.461503
0.436035 0.462013
0.436523 0.462522
0.437012 0.463032
0.4375 0.463542
0.437988 0.464051
0.438477 0.464561
0.438965 0.46507
0.439453 0.46558
0.439941 0.466089
0.44043 0.466599
0.440918 0.467108
0.441406 0.467618
0.441895 0.468127
0.442383 0.468636
0.442871 0.469146
0.443359 0.469655
0.443848 0.470164
0.444336 0.470674
0.444824 0.471183
0.445312 0.471692
0.445801 0.472201
0.446289 0.47271
0.446777 0.473219
0.447266 0.473728
0.447754 0.474237
0.448242 0.474746
0.44873 0.475255
0.449219 0.475764
0.449707 0.476273
0.450195 0.476782
0.450684 0.477291
0.451172 0.4778
0.45166 0.478308
0.452148 0.478817
0.452637 0.479326
0.453125 0.479835
0.453613 0.480343
0.454102 0.480852
0.45459 0.48136
0.455078 0.481869
0.455566 0.482378
0.456055 0.482886
0.456543 0.483395
0.457031 0.483903
0.45752 0.484411
0.458008 0.48492
0.458496 0.485428
0.458984 0.485936
0.459473 0.486445
0.459961 0.486953
0.460449 0.487461
0.460938 0.487969
0.461426 0.488478
0.461914 0.488986
0.462402 0.489494
0.462891 0.490002
0.463379 0.49051
0.463867 0.491018
0.464355 0.491526
0.464844 0.492034
0.465332 0.492542
0.46582 0.493049
0.466309 0.493557
0.466797 0.494065
0.467285 0.494573
0.467773 0.495081
0.468262 0.495588
0.46875 0.496096
0.469238 0.496604
0.469727 0.497111
0.470215 0.497619
0.470703 0.498126
0.471191 0.498634
0.47168 0.499141
0.472168 0.499649
0.472656 0.500156
0.473145 0.500664
0.473633 0.501171
0.474121 0.501678
0.474609 0.502185
0.475098 0.502693
0.475586 0.5032
0.476074 0.503707
0.476562 0.504214
0.477051 0.504721
0.477539 0.505228
0.478027 0.505735
0.478516 0.506242
0.479004 0.506749
0.479492 0.507256
0.47998 0.507763
0.480469 0.50827
0.480957 0.508777
0.481445 0.509284
0.481934 0.509791
0.482422 0.510297
0.48291 0.510804
0.483398 0.511311
0.483887 0.511817
0.484375 0.512324
0.484863 0.51283
0.485352 0.513337
0.48584 0.513843
0.486328 0.51435
0.486816 0.514856
0.487305 0.515363
0.487793 0.515869
0.488281 0.516375
0.48877 0.516882
0.489258 0.517388
0.489746 0.517894
0.490234 0.5184
0.490723 0.518906
0.491211 0.519412
0.491699 0.519918
0.492188 0.520423
0.492676 0.520928
0.493164 0.52143
0.493652 0.521926
0.494141 0.522411
0.494629 0.522867
0.495117 0.523256
0.495605 0.523488
0.496094 0.523355
0.496582 0.522367
0.49707 0.519393
0.497559 0.511832
0.498047 0.493878
0.498535 0.453381
0.499023 0.36873
0.499512 0.215577
0.5 3.17802e-14
0.500488 -0.215577
0.500977 -0.36873
0.501465 -0.453381
0.501953 -0.493878
0.502441 -0.511832
0.50293 -0.519393
0.503418 -0.522367
0.503906 -0.523355
0.504395 -0.523488
0.504883 -0.523256
0.505371 -0.522867
0.505859 -0.522411
0.506348 -0.521926
0.506836 -0.52143
0.507324 -0.520928
0.507812 -0.520423
0.508301 -0.519918
0.508789 -0.519412
0.509277 -0.518906
0.509766 -0.5184
0.510254 -0.517894
0.510742 -0.517388
0.51123 -0.516882
0.511719 -0.516375
0.512207 -0.515869
0.512695 -0.515363
0.513184 -0.514856
0.513672 -0.51435
0.51416 -0.513843
0.514648 -0.513337
0.515137 -0.51283
0.515625 -0.512324
0.516113 -0.511817
0.516602 -0.511311
0.51709 -0.510804
0.517578 -0.510297
0.518066 -0.509791
0.518555 -0.509284
0.519043 -0.508777
0.519531 -0.50827
0.52002 -0.507763
0.520508 -0.507256
0.520996 -0.506749
0.521484 -0.506242
0.521973 -0.505735
0.522461 -0.505228
0.522949 -0.504721
0.523438 -0.504214
0.523926 -0.503707
0.524414 -0.5032
0.524902 -0.502693
0.525391 -0.502185
0.525879 -0.501678
0.526367 -0.501171
0.526855 -0.500664
0.527344 -0.500156
0.527832 -0.499649
0.52832 -0.499141
0.528809 -0.498634
0.529297 -0.498126
0.529785 -0.497619
0.530273 -0.497111
0.530762 -0.496604
0.53125 -0.496096
0.531738 -0.495588
0.532227 -0.495081
0.532715 -0.494573
0.533203 -0.494065
0.533691 -0.493557
0.53418 -0.493049
0.534668 -0.492542
0.535156 -0.492034
0.535645 -0.491526
0.536133 -0.491018
0.536621 -0.49051
0.537109 -0.490002
0.537598 -0.489494
0.538086 -0.488986
0.538574 -0.488478
0.539062 -0.487969
0.539551 -0.487461
0.540039 -0.486953
0.540527 -0.486445
0.541016 -0.485936
0.541504 -0.485428
0.541992 -0.48492
0.54248 -0.484411
0.542969 -0.483903
0.543457 -0.483395
0.543945 -0.482886
0.544434 -0.482378
0.544922 -0.481869
0.54541 -0.48136
0.545898 -0.480852
0.546387 -0.480343
0.546875 -0.479835
0.547363 -0.479326
0.547852 -0.478817
0.54834 -0.478308
0.548828 -0.4778
0.549316 -0.477291
0.549805 -0.476782
0.550293 -0.476273
0.550781 -0.475764
0.55127 -0.475255
0.551758 -0.474746
0.552246 -0.474237
0.552734 -0.473728
0.553223 -0.473219
0.553711 -0.47271
0.554199 -0.472201
0.554688 -0.471692
0.555176 -0.471183
0.555664 -0.470674
0.556152 -0.470164
0.556641 -0.469655
0.557129 -0.469146
0.557617 -0.468636
0.558105 -0.468127
0.558594 -0.467618
0.559082 -0.467108
0.55957 -0.466599
0.560059 -0.466089
0.560547 -0.46558
0.561035 -0.46507
0.561523 -0.464561
0.562012 -0.464051
0.5625 -0.463542
0.562988 -0.463032
0.563477 -0.462522
0.563965 -0.462013
0.564453 -0.461503
0.564941 -0.460993
0.56543 -0.460483
0.565918 -0.459973
0.566406 -0.459464
0.566895 -0.458954
0.567383 -0.458444
0.567871 -0.457934
0.568359 -0.457424
0.568848 -0.456914
0.569336 -0.456404
0.569824 -0.455894
0.570312 -0.455384
0.570801 -0.454874
0.571289 -0.454364
0.571777 -0.453853
0.572266 -0.453343
0.572754 -0.452833
0.573242 -0.452323
0.57373 -0.451812
0.574219 -0.451302
0.574707 -0.450792
0.575195 -0.450281
0.575684 -0.449771
0.576172 -0.449261
0.57666 -0.44875
0.577148 -0.44824
0.577637 -0.447729
0.578125 -0.447219
0.578613 -0.446708
0.579102 -0.446198
0.57959 -0.445687
0.580078 -0.445176
0.580566 -0.444666
0.581055 -0.444155
0.581543 -0.443644
0.582031 -0.443134
0.58252 -0.442623
0.583008 -0.442112
0.583496 -0.441601
0.583984 -0.44109
0.584473 -0.440579
0.584961 -0.440069
0.585449 -0.439558
0.585938 -0.439047
0.586426 -0.438536
0.586914 -0.438025
0.587402 -0.437514
0.587891 -0.437003
0.588379 -0.436491
0.588867 -0.43598
0.589355 -0.435469
0.589844 -0.434958
0.590332 -0.434447
0.59082 -0.433936
0.591309 -0.433424
0.591797 -0.432913
0.592285 -0.432402
0.592773 -0.431891
0.593262 -0.431379
0.59375 -0.430868
0.594238 -0.430356
0.594727 -0.429845
0.595215 -0.429333
0.595703 -0.428822
0.596191 -0.428311
0.59668 -0.427799
0.597168 -0.427287
0.597656 -0.426776
0.598145 -0.426264
0.598633 -0.425753
0.599121 -0.425241
0.599609 -0.424729
0.600098 -0.424218
0.600586 -0.423706
0.601074 -0.423194
0.601562 -0.422682
0.602051 -0.42217
0.602539 -0.421659
0.603027 -0.421147
0.603516 -0.420635
0.604004 -0.420123
0.604492 -0.419611
0.60498 -0.419099
0.605469 -0.418587
0.605957 -0.418075
0.606445 -0.417563
0.606934 -0.417051
0.607422 -0.416539
0.60791 -0.416027
0.608398 -0.415515
0.608887 -0.415003
0.609375 -0.41449
0.609863 -0.413978
0.610352 -0.413466
0.61084 -0.412954
0.611328 -0.412441
0.611816 -0.411929
0.612305 -0.411417
0.612793 -0.410904
0.613281 -0.410392
0.61377 -0.40988
0.614258 -0.409367
0.614746 -0.408855
0.615234 -0.408342
0.615723 -0.40783
0.616211 -0.407317
0.616699 -0.406805
0.617188 -0.406292
0.617676 -0.40578
0.618164 -0.405267
0.618652 -0.404754
0.619141 -0.404242
0.619629 -0.403729
0.620117 -0.403216
0.620605 -0.402704
0.621094 -0.402191
0.621582 -0.401678
0.62207 -0.401165
0.622559 -0.400652
0.623047 -0.40014
0.623535 -0.399627
0.624023 -0.399114
0.624512 -0.398601
0.625 -0.398088
0.625488 -0.397575
0.625977 -0.397062
0.626465 -0.396549
0.626953 -0.396036
0.627441 -0.395523
0.62793 -0.39501
0.628418 -0.394497
0.628906 -0.393984
0.629395 -0.39347
0.629883 -0.392957
0.630371 -0.392444
0.630859 -0.391931
0.631348 -0.391418
0.631836 -0.390904
0.632324 -0.390391
0.632812 -0.389878
0.633301 -0.389364
0.633789 -0.388851
0.634277 -0.388338
0.634766 -0.387824
0.635254 -0.387311
0.635742 -0.386798
0.63623 -0.386284
0.636719 -0.385771
0.637207 -0.385257
0.637695 -0.384744
0.638184 -0.38423
0.638672 -0.383716
0.63916 -0.383203
0.639648 -0.382689
0.640137 -0.382176
0.640625 -0.381662
0.641113 -0.381148
0.641602 -0.380635
0.64209 -0.380121
0.642578 -0.379607
0.643066 -0.379093
0.643555 -0.37858
0.644043 -0.378066
0.644531 -0.377552
0.64502 -0.377038
0.645508 -0.376524
0.645996 -0.37601
0.646484 -0.375497
0.646973 -0.374983
0.647461 -0.374469
0.647949 -0.373955
0.648438 -0.373441
0.648926 -0.372927
0.649414 -0.372413
0.649902 -0.371899
0.650391 -0.371384
0.650879 -0.37087
0.651367 -0.370356
0.651855 -0.369842
0.652344 -0.369328
0.652832 -0.368814
0.65332 -0.3683
0.653809 -0.367785
0.654297 -0.367271
0.654785 -0.366757
0.655273 -0.366243
0.655762 -0.365728
0.65625 -0.365214
0.656738 -0.3647
0.657227 -0.364185
0.657715 -0.363671
0.658203 -0.363156
0.658691 -0.362642
0.65918 -0.362128
0.659668 -0.361613
0.660156 -0.361099
0.660645 -0.360584
0.661133 -0.36007
0.661621 -0.359555
0.662109 -0.359041
0.662598 -0.358526
0.663086 -0.358011
0.663574 -0.357497
0.664062 -0.356982
0.664551 -0.356467
0.665039 -0.355953
0.665527 -0.355438
0.666016 -0.354923
0.666504 -0.354409
0.666992 -0.353894
0.66748 -0.353379
0.667969 -0.352864
0.668457 -0.352349
0.668945 -0.351835
0.669434 -0.35132
0.669922 -0.350805
0.67041 -0.35029
0.670898 -0.349775
0.671387 -0.34926
0.671875 -0.348745
0.672363 -0.34823
0.672852 -0.347715
0.67334 -0.3472
0.673828 -0.346685
0.674316 -0.34617
0.674805 -0.345655
0.675293 -0.34514
0.675781 -0.344625
0.67627 -0.34411
0.676758 -0.343595
0.677246 -0.343079
0.677734 -0.342564
0.678223 -0.342049
0.678711 -0.341534
0.679199 -0.341019
0.679688 -0.340503
0.680176 -0.339988
0.680664 -0.339473
0.681152 -0.338957
0.681641 -0.338442
0.682129 -0.337927
0.682617 -0.337411
0.683105 -0.336896
0.683594 -0.336381
0.684082 -0.335865
0.68457 -0.33535
0.685059 -0.334834
0.685547 -0.334319
0.686035 -0.333803
0.686523 -0.333288
0.687012 -0.332772
0.6875 -0.332257
0.687988 -0.331741
0.688477 -0.331226
0.688965 -0.33071
0.689453 -0.330194
0.689941 -0.329679
0.69043 -0.329163
0.690918 -0.328648
0.691406 -0.328132
0.691895 -0.327616
0.692383 -0.3271
0.692871 -0.326585
0.693359 -0.326069
0.693848 -0.325553
0.694336 -0.325037
0.694824 -0.324522
0.695312 -0.324006
0.695801 -0.32349
0.696289 -0.322974
0.696777 -0.322458
0.697266 -0.321942
0.697754 -0.321426
0.698242 -0.32091
0.69873 -0.320394
0.699219 -0.319879
0.699707 -0.319363
0.700195 -0.318847
0.700684 -0.318331
0.701172 -0.317814
0.70166 -0.317298
0.702148 -0.316782
0.702637 -0.316266
0.703125 -0.31575
0.703613 -0.315234
0.704102 -0.314718
0.70459 -0.314202
0.705078 -0.313686
0.705566 -0.313169
0.706055 -0.312653
0.706543 -0.312137
0.707031 -0.311621
0.70752 -0.311105
0.708008 -0.310588
0.708496 -0.310072
0.708984 -0.309556
0.709473 -0.309039
0.709961 -0.308523
0.710449 -0.308007
0.710938 -0.30749
0.711426 -0.306974
0.711914 -0.306458
0.712402 -0.305941
0.712891 -0.305425
0.713379 -0.304908
0.713867 -0.304392
0.714355 -0.303875
0.714844 -0.303359
0.715332 -0.302842
0.71582 -0.302326
0.716309 -0.301809
0.716797 -0.301293
0.717285 -0.300776
0.717773 -0.30026
0.718262 -0.299743
0.71875 -0.299226
0.719238 -0.29871
0.719727 -0.298193
0.720215 -0.297676
0.720703 -0.29716
0.721191 -0.296643
0.72168 -0.296126
0.722168 -0.29561
0.722656 -0.295093
0.723145 -0.294576
0.723633 -0.294059
0.724121 -0.293543
0.724609 -0.293026
0.725098 -0.292509
0.725586 -0.291992
0.726074 -0.291475
0.726562 -0.290958
0.727051 -0.290442
0.727539 -0.289925
0.728027 -0.289408
0.728516 -0.288891
0.729004 -0.288374
0.729492 -0.287857
0.72998 -0.28734
0.730469 -0.286823
0.730957 -0.286306
0.731445 -0.285789
0.731934 -0.285272
0.732422 -0.284755
0.73291 -0.284238
0.733398 -0.283721
0.733887 -0.283204
0.734375 -0.282687
0.734863 -0.28217
0.735352 -0.281652
0.73584 -0.281135
0.736328 -0.280618
0.736816 -0.280101
0.737305 -0.279584
0.737793 -0.279067
0.738281 -0.278549
0.73877 -0.278032
0.739258 -0.277515
0.739746 -0.276998
0.740234 -0.27648
0.740723 -0.275963
0.741211 -0.275446
0.741699 -0.274928
0.742188 -0.274411
0.742676 -0.273894
0.743164 -0.273376
0.743652 -0.272859
0.744141 -0.272342
0.744629 -0.271824
0.745117 -0.271307
0.745605 -0.270789
0.746094 -0.270272
0.746582 -0.269754
0.74707 -0.269237
0.747559 -0.26872
0.748047 -0.268202
0.748535 -0.267685
0.749023 -0.267167
0.749512 -0.266649
0.75 -0.266132
0.750488 -0.265614
0.750977 -0.265097
0.751465 -0.264579
0.751953 -0.264062
0.752441 -0.263544
0.75293 -0.263026
0.753418 -0.262509
0.753906 -0.261991
0.754395 -0.261473
0.754883 -0.260956
0.755371 -0.260438
0.755859 -0.25992
0.756348 -0.259403
0.756836 -0.258885
0.757324 -0.258367
0.757812 -0.257849
0.758301 -0.257332
0.758789 -0.256814
0.759277 -0.256296
0.759766 -0.255778
0.760254 -0.25526
0.760742 -0.254742
0.76123 -0.254225
0.761719 -0.253707
0.762207 -0.253189
0.762695 -0.252671
0.763184 -0.252153
0.763672 -0.251635
0.76416 -0.251117
0.764648 -0.250599
0.765137 -0.250081
0.765625 -0.249563
0.766113 -0.249045
0.766602 -0.248527
0.76709 -0.248009
0.767578 -0.247491
0.768066 -0.246973
0.768555 -0.246455
0.769043 -0.245937
0.769531 -0.245419
0.77002 -0.244901
0.770508 -0.244383
0.770996 -0.243865
0.771484 -0.243347
0.771973 -0.242829
0.772461 -0.24231
0.772949 -0.241792
0.773438 -0.241274
0.773926 -0.240756
0.774414 -0.240238
0.774902 -0.23972
0.775391 -0.239201
0.775879 -0.238683
0.776367 -0.238165
0.776855 -0.237647
0.777344 -0.237128
0.777832 -0.23661
0.77832 -0.236092
0.778809 -0.235574
0.779297 -0.235055
0.779785 -0.234537
0.780273 -0.234019
0.780762 -0.2335
0.78125 -0.232982
0.781738 -0.232463
0.782227 -0.231945
0.782715 -0.231427
0.783203 -0.230908
0.783691 -0.23039
0.78418 -0.229871
0.784668 -0.229353
0.785156 -0.228835
0.785645 -0.228316
0.786133 -0.227798
0.786621 -0.227279
0.787109 -0.226761
0.787598 -0.226242
0.788086 -0.225724
0.788574 -0.225205
0.789062 -0.224687
0.789551 -0.224168
0.790039 -0.223649
0.790527 -0.223131
0.791016 -0.222612
0.791504 -0.222094
0.791992 -0.221575
0.79248 -0.221057
0.792969 -0.220538
0.793457 -0.220019
0.793945 -0.219501
0.794434 -0.218982
0.794922 -0.218463
0.79541 -0.217945
0.795898 -0.217426
0.796387 -0.216907
0.796875 -0.216388
0.797363 -0.21587
0.797852 -0.215351
0.79834 -0.214832
0.798828 -0.214314
0.799316 -0.213795
0.799805 -0.213276
0.800293 -0.212757
0.800781 -0.212238
0.80127 -0.21172
0.801758 -0.211201
0.802246 -0.210682
0.802734 -0.210163
0.803223 -0.209644
0.803711 -0.209125
0.804199 -0.208607
0.804688 -0.208088
0.805176 -0.207569
0.805664 -0.20705
0.806152 -0.206531
0.806641 -0.206012
0.807129 -0.205493
0.807617 -0.204974
0.808105 -0.204455
0.808594 -0.203936
0.809082 -0.203417
0.80957 -0.202898
0.810059 -0.202379
0.810547 -0.20186
0.811035 -0.201341
0.811523 -0.200822
0.812012 -0.200303
0.8125 -0.199784
0.812988 -0.199265
0.813477 -0.198746
0.813965 -0.198227
0.814453 -0.197708
0.814941 -0.197189
0.81543 -0.19667
0.815918 -0.196151
0.816406 -0.195632
0.816895 -0.195112
0.817383 -0.194593
0.817871 -0.194074
0.818359 -0.193555
0.818848 -0.193036
0.819336 -0.192517
0.819824 -0.191998
0.820312 -0.191478
0.820801 -0.190959
0.821289 -0.19044
0.821777 -0.189921
0.822266 -0.189402
0.822754 -0.188882
0.823242 -0.188363
0.82373 -0.187844
0.824219 -0.187325
0.824707 -0.186805
0.825195 -0.186286
0.825684 -0.185767
0.826172 -0.185247
0.82666 -0.184728
0.827148 -0.184209
0.827637 -0.183689
0.828125 -0.18317
0.828613 -0.182651
0.829102 -0.182131
0.82959 -0.181612
0.830078 -0.181093
0.830566 -0.180573
0.831055 -0.180054
0.831543 -0.179535
0.832031 -0.179015
0.83252 -0.178496
0.833008 -0.177976
0.833496 -0.177457
0.833984 -0.176937
0.834473 -0.176418
0.834961 -0.175899
0.835449 -0.175379
0.835938 -0.17486
0.836426 -0.17434
0.836914 -0.173821
0.837402 -0.173301
0.837891 -0.172782
0.838379 -0.172262
0.838867 -0.171743
0.839355 -0.171223
0.839844 -0.170704
0.840332 -0.170184
0.84082 -0.169665
0.841309 -0.169145
0.841797 -0.168625
0.842285 -0.168106
0.842773 -0.167586
0.843262 -0.167067
0.84375 -0.166547
0.844238 -0.166028
0.844727 -0.165508
0.845215 -0.164988
0.845703 -0.164469
0.846191 -0.163949
0.84668 -0.163429
0.847168 -0.16291
0.847656 -0.16239
0.848145 -0.16187
0.848633 -0.161351
0.849121 -0.160831
0.849609 -0.160311
0.850098 -0.159792
0.850586 -0.159272
0.851074 -0.158752
0.851562 -0.158233
0.852051 -0.157713
0.852539 -0.157193
0.853027 -0.156674
0.853516 -0.156154
0.854004 -0.155634
0.854492 -0.155114
0.85498 -0.154595
0.855469 -0.154075
0.855957 -0.153555
0.856445 -0.153035
0.856934 -0.152516
0.857422 -0.151996
0.85791 -0.151476
0.858398 -0.150956
0.858887 -0.150436
0.859375 -0.149917
0.859863 -0.149397
0.860352 -0.148877
0.86084 -0.148357
0.861328 -0.147837
0.861816 -0.147317
0.862305 -0.146798
0.862793 -0.146278
0.863281 -0.145758
0.86377 -0.145238
0.864258 -0.144718
0.864746 -0.144198
0.865234 -0.143678
0.865723 -0.143159
0.866211 -0.142639
0.866699 -0.142119
0.867188 -0.141599
0.867676 -0.141079
0.868164 -0.140559
0.868652 -0.140039
0.869141 -0.139519
0.869629 -0.138999
0.870117 -0.138479
0.870605 -0.13796
0.871094 -0.13744
0.871582 -0.13692
0.87207 -0.1364
0.872559 -0.13588
0.873047 -0.13536
0.873535 -0.13484
0.874023 -0.13432
0.874512 -0.1338
0.875 -0.13328
0.875488 -0.13276
0.875977 -0.13224
0.876465 -0.13172
0.876953 -0.1312
0.877441 -0.13068
0.87793 -0.13016
0.878418 -0.12964
0.878906 -0.12912
0.879395 -0.1286
0.879883 -0.12808
0.880371 -0.12756
0.880859 -0.12704
0.881348 -0.12652
0.881836 -0.126
0.882324 -0.12548
0.882812 -0.12496
0.883301 -0.12444
0.883789 -0.12392
0.884277 -0.1234
0.884766 -0.12288
0.885254 -0.12236
0.885742 -0.12184
0.88623 -0.12132
0.886719 -0.1208
0.887207 -0.12028
0.887695 -0.11976
0.888184 -0.11924
0.888672 -0.11872
0.88916 -0.1182
0.889648 -0.11768
0.890137 -0.11716
0.890625 -0.11664
0.891113 -0.116119
0.891602 -0.115599
0.89209 -0.115079
0.892578 -0.114559
0.893066 -0.114039
0.893555 -0.113519
0.894043 -0.112999
0.894531 -0.112479
0.89502 -0.111959
0.895508 -0.111439
0.895996 -0.110919
0.896484 -0.110399
0.896973 -0.109879
0.897461 -0.109359
0.897949 -0.108839
0.898438 -0.108319
0.898926 -0.107799
0.899414 -0.107278
0.899902 -0.106758
0.900391 -0.106238
0.900879 -0.105718
0.901367 -0.105198
0.901855 -0.104678
0.902344 -0.104158
0.902832 -0.103638
0.90332 -0.103118
0.903809 -0.102598
0.904297 -0.102078
0.904785 -0.101558
0.905273 -0.101038
0.905762 -0.100518
0.90625 -0.0999977
0.906738 -0.0994776
0.907227 -0.0989576
0.907715 -0.0984375
0.908203 -0.0979175
0.908691 -0.0973974
0.90918 -0.0968774
0.909668 -0.0963574
0.910156 -0.0958373
0.910645 -0.0953173
0.911133 -0.0947973
0.911621 -0.0942773
0.912109 -0.0937572
0.912598 -0.0932372
0.913086 -0.0927172
0.913574 -0.0921972
0.914062 -0.0916772
0.914551 -0.0911572
0.915039 -0.0906372
0.915527 -0.0901172
0.916016 -0.0895972
0.916504 -0.0890772
0.916992 -0.0885572
0.91748 -0.0880372
0.917969 -0.0875173
0.918457 -0.0869973
0.918945 -0.0864773
0.919434 -0.0859573
0.919922 -0.0854374
0.92041 -0.0849174
0.920898 -0.0843975
0.921387 -0.0838775
0.921875 -0.0833576
0.922363 -0.0828377
0.922852 -0.0823177
0.92334 -0.0817978
0.923828 -0.0812779
0.924316 -0.080758
0.924805 -0.080238
0.925293 -0.0797181
0.925781 -0.0791982
0.92627 -0.0786783
0.926758 -0.0781585
0.927246 -0.0776386
0.927734 -0.0771187
0.928223 -0.0765988
0.928711 -0.076079
0.929199 -0.0755591
0.929688 -0.0750393
0.930176 -0.0745194
0.930664 -0.0739996
0.931152 -0.0734797
0.931641 -0.0729599
0.932129 -0.0724401
0.932617 -0.0719203
0.933105 -0.0714005
0.933594 -0.0708807
0.934082 -0.0703609
0.93457 -0.0698411
0.935059 -0.0693213
0.935547 -0.0688016
0.936035 -0.0682818
0.936523 -0.067762
0.937012 -0.0672423
0.9375 -0.0667225
0.937988 -0.0662028
0.938477 -0.0656831
0.938965 -0.0651634
0.939453 -0.0646437
0.939941 -0.064124
0.94043 -0.0636043
0.940918 -0.0630846
0.941406 -0.0625649
0.941895 -0.0620452
0.942383 -0.0615256
0.942871 -0.0610059
0.943359 -0.0604863
0.943848 -0.0599666
0.944336 -0.059447
0.944824 -0.0589274
0.945312 -0.0584078
0.945801 -0.0578882
0.946289 -0.0573686
0.946777 -0.056849
0.947266 -0.0563294
0.947754 -0.0558098
0.948242 -0.0552903
0.94873 -0.0547707
0.949219 -0.0542512
0.949707 -0.0537317
0.950195 -0.0532121
0.950684 -0.0526926
0.951172 -0.0521731
0.95166 -0.0516536
0.952148 -0.0511341
0.952637 -0.0506146
0.953125 -0.0500952
0.953613 -0.0495757
0.954102 -0.0490562
0.95459 -0.0485368
0.955078 -0.0480173
0.955566 -0.0474979
0.956055 -0.0469785
0.956543 -0.0464591
0.957031 -0.0459397
0.95752 -0.0454203
0.958008 -0.0449009
0.958496 -0.0443815
0.958984 -0.0438621
0.959473 -0.0433428
0.959961 -0.0428234
0.960449 -0.0423041
0.960938 -0.0417848
0.961426 -0.0412654
0.961914 -0.0407461
0.962402 -0.0402268
0.962891 -0.0397075
0.963379 -0.0391882
0.963867 -0.0386689
0.964355 -0.0381496
0.964844 -0.0376304
0.965332 -0.0371111
0.96582 -0.0365919
0.966309 -0.0360726
0.966797 -0.0355534
0.967285 -0.0350342
0.967773 -0.0345149
0.968262 -0.0339957
0.96875 -0.0334765
0.969238 -0.0329573
0.969727 -0.0324381
0.970215 -0.031919
0.970703 -0.0313998
0.971191 -0.0308806
0.97168 -0.0303615
0.972168 -0.0298423
0.972656 -0.0293232
0.973145 -0.028804
0.973633 -0.0282849
0.974121 -0.0277658
0.974609 -0.0272467
0.975098 -0.0267276
0.975586 -0.0262085
0.976074 -0.0256894
0.976562 -0.0251703
0.977051 -0.0246512
0.977539 -0.0241321
0.978027 -0.0236131
0.978516 -0.023094
0.979004 -0.0225749
0.979492 -0.0220559
0.97998 -0.0215369
0.980469 -0.0210178
0.980957 -0.0204988
0.981445 -0.0199797
0.981934 -0.0194607
0.982422 -0.0189417
0.98291 -0.0184227
0.983398 -0.0179037
0.983887 -0.0173847
0.984375 -0.0168657
0.984863 -0.0163467
0.985352 -0.0158277
0.98584 -0.0153087
0.986328 -0.0147897
0.986816 -0.0142708
0.987305 -0.0137518
0.987793 -0.0132328
0.988281 -0.0127139
0.98877 -0.0121949
0.989258 -0.0116759
0.989746 -0.011157
0.990234 -0.010638
0.990723 -0.0101191
0.991211 -0.00960015
0.991699 -0.0090812
0.992188 -0.00856226
0.992676 -0.00804333
0.993164 -0.00752439
0.993652 -0.00700546
0.994141 -0.00648653
0.994629 -0.0059676
0.995117 -0.00544867
0.995605 -0.00492974
0.996094 -0.00441082
0.996582 -0.0038919
0.99707 -0.00337298
0.997559 -0.00285405
0.998047 -0.00233513
0.998535 -0.00181621
0.999023 -0.0012973
0.999512 -0.000778377
1 -0.000259459
