0 0.000552085
0.000488281 0.00165626
0.000976562 0.00276044
0.00146484 0.00386463
0.00195312 0.00496884
0.00244141 0.00607307
0.00292969 0.00717733
0.00341797 0.00828162
0.00390625 0.00938595
0.00439453 0.0104903
0.00488281 0.0115947
0.00537109 0.0126992
0.00585938 0.0138037
0.00634766 0.0149083
0.00683594 0.0160129
0.00732422 0.0171176
0.0078125 0.0182224
0.00830078 0.0193273
0.00878906 0.0204322
0.00927734 0.0215372
0.00976562 0.0226423
0.0102539 0.0237475
0.0107422 0.0248528
0.0112305 0.0259582
0.0117188 0.0270636
0.012207 0.0281692
0.0126953 0.0292749
0.0131836 0.0303807
0.0136719 0.0314866
0.0141602 0.0325926
0.0146484 0.0336987
0.0151367 0.0348049
0.015625 0.0359112
0.0161133 0.0370177
0.0166016 0.0381243
0.0170898 0.039231
0.0175781 0.0403378
0.0180664 0.0414447
0.0185547 0.0425518
0.019043 0.043659
0.0195312 0.0447663
0.0200195 0.0458737
0.0205078 0.0469812
0.0209961 0.0480889
0.0214844 0.0491967
0.0219727 0.0503046
0.0224609 0.0514126
0.0229492 0.0525208
0.0234375 0.053629
0.0239258 0.0547374
0.0244141 0.0558459
0.0249023 0.0569545
0.0253906 0.0580632
0.0258789 0.059172
0.0263672 0.060281
0.0268555 0.06139
0.0273438 0.0624991
0.027832 0.0636084
0.0283203 0.0647177
0.0288086 0.0658272
0.0292969 0.0669367
0.0297852 0.0680464
0.0302734 0.0691561
0.0307617 0.0702659
0.03125 0.0713758
0.0317383 0.0724858
0.0322266 0.0735959
0.0327148 0.074706
0.0332031 0.0758162
0.0336914 0.0769265
0.0341797 0.0780369
0.034668 0.0791473
0.0351562 0.0802578
0.0356445 0.0813683
0.0361328 0.0824789
0.0366211 0.0835896
0.0371094 0.0847003
0.0375977 0.0858111
0.0380859 0.0869219
0.0385742 0.0880327
0.0390625 0.0891436
0.0395508 0.0902546
0.0400391 0.0913655
0.0405273 0.0924765
0.0410156 0.0935876
0.0415039 0.0946986
0.0419922 0.0958097
0.0424805 0.0969208
0.0429688 0.0980319
0.043457 0.099143
0.0439453 0.100254
0.0444336 0.101365
0.0449219 0.102476
0.0454102 0.103588
0.0458984 0.104699
0.0463867 0.10581
0.046875 0.106921
0.0473633 0.108032
0.0478516 0.109143
0.0483398 0.110255
0.0488281 0.111366
0.0493164 0.112477
0.0498047 0.113588
0.050293 0.114699
0.0507812 0.11581
0.0512695 0.116921
0.0517578 0.118032
0.0522461 0.119143
0.0527344 0.120254
0.0532227 0.121365
0.0537109 0.122476
0.0541992 0.123587
0.0546875 0.124698
0.0551758 0.125809
0.0556641 0.126919
0.0561523 0.12803
0.0566406 0.129141
0.0571289 0.130251
0.0576172 0.131362
0.0581055 0.132473
0.0585938 0.133583
0.059082 0.134694
0.0595703 0.135804
0.0600586 0.136914
0.0605469 0.138025
0.0610352 0.139135
0.0615234 0.140245
0.0620117 0.141355
0.0625 0.142465
0.0629883 0.143575
0.0634766 0.144685
0.0639648 0.145795
0.0644531 0.146905
0.0649414 0.148015
0.0654297 0.149125
0.065918 0.150234
0.0664062 0.151344
0.0668945 0.152454
0.0673828 0.153563
0.0678711 0.154672
0.0683594 0.155782
0.0688477 0.156891
0.0693359 0.158
0.0698242 0.159109
0.0703125 0.160219
0.0708008 0.161328
0.0712891 0.162436
0.0717773 0.163545
0.0722656 0.164654
0.0727539 0.165763
0.0732422 0.166871
0.0737305 0.16798
0.0742188 0.169089
0.074707 0.170197
0.0751953 0.171305
0.0756836 0.172414
0.0761719 0.173522
0.0766602 0.17463
0.0771484 0.175738
0.0776367 0.176846
0.078125 0.177954
0.0786133 0.179061
0.0791016 0.180169
0.0795898 0.181277
0.0800781 0.182384
0.0805664 0.183492
0.0810547 0.184599
0.081543 0.185706
0.0820312 0.186813
0.0825195 0.18792
0.0830078 0.189027
0.0834961 0.190134
0.0839844 0.191241
0.0844727 0.192348
0.0849609 0.193455
0.0854492 0.194561
0.0859375 0.195668
0.0864258 0.196774
0.0869141 0.19788
0.0874023 0.198986
0.0878906 0.200092
0.0883789 0.201198
0.0888672 0.202304
0.0893555 0.20341
0.0898438 0.204516
0.090332 0.205621
0.0908203 0.206727
0.0913086 0.207832
0.0917969 0.208938
0.0922852 0.210043
0.0927734 0.211148
0.0932617 0.212253
0.09375 0.213358
0.0942383 0.214463
0.0947266 0.215567
0.0952148 0.216672
0.0957031 0.217777
0.0961914 0.218881
0.0966797 0.219985
0.097168 0.22109
0.0976562 0.222194
0.0981445 0.223298
0.0986328 0.224401
0.0991211 0.225505
0.0996094 0.226609
0.100098 0.227712
0.100586 0.228816
0.101074 0.229919
0.101562 0.231023
0.102051 0.232126
0.102539 0.233229
0.103027 0.234332
0.103516 0.235434
0.104004 0.236537
0.104492 0.23764
0.10498 0.238742
0.105469 0.239844
0.105957 0.240947
0.106445 0.242049
0.106934 0.243151
0.107422 0.244252
0.10791 0.245354
0.108398 0.246456
0.108887 0.247557
0.109375 0.248659
0.109863 0.24976
0.110352 0.250861
0.11084 0.251962
0.111328 0.253063
0.111816 0.254164
0.112305 0.255265
0.112793 0.256365
0.113281 0.257466
0.11377 0.258566
0.114258 0.259666
0.114746 0.260766
0.115234 0.261866
0.115723 0.262966
0.116211 0.264065
0.116699 0.265165
0.117188 0.266264
0.117676 0.267364
0.118164 0.268463
0.118652 0.269562
0.119141 0.270661
0.119629 0.271759
0.120117 0.272858
0.120605 0.273956
0.121094 0.275055
0.121582 0.276153
0.12207 0.277251
0.122559 0.278349
0.123047 0.279447
0.123535 0.280545
0.124023 0.281642
0.124512 0.282739
0.125 0.283837
0.125488 0.284934
0.125977 0.286031
0.126465 0.287128
0.126953 0.288224
0.127441 0.289321
0.12793 0.290417
0.128418 0.291514
0.128906 0.29261
0.129395 0.293706
0.129883 0.294801
0.130371 0.295897
0.130859 0.296993
0.131348 0.298088
0.131836 0.299183
0.132324 0.300278
0.132812 0.301373
0.133301 0.302468
0.133789 0.303563
0.134277 0.304657
0.134766 0.305752
0.135254 0.306846
0.135742 0.30794
0.13623 0.309034
0.136719 0.310127
0.137207 0.311221
0.137695 0.312314
0.138184 0.313408
0.138672 0.314501
0.13916 0.315594
0.139648 0.316687
0.140137 0.317779
0.140625 0.318872
0.141113 0.319964
0.141602 0.321056
0.14209 0.322148
0.142578 0.32324
0.143066 0.324332
0.143555 0.325423
0.144043 0.326514
0.144531 0.327606
0.14502 0.328697
0.145508 0.329787
0.145996 0.330878
0.146484 0.331969
0.146973 0.333059
0.147461 0.334149
0.147949 0.335239
0.148438 0.336329
0.148926 0.337419
0.149414 0.338508
0.149902 0.339597
0.150391 0.340687
0.150879 0.341776
0.151367 0.342864
0.151855 0.343953
0.152344 0.345041
0.152832 0.34613
0.15332 0.347218
0.153809 0.348306
0.154297 0.349393
0.154785 0.350481
0.155273 0.351568
0.155762 0.352655
0.15625 0.353742
0.156738 0.354829
0.157227 0.355916
0.157715 0.357002
0.158203 0.358089
0.158691 0.359175
0.15918 0.360261
0.159668 0.361346
0.160156 0.362432
0.160645 0.363517
0.161133 0.364602
0.161621 0.365687
0.162109 0.366772
0.162598 0.367857
0.163086 0.368941
0.163574 0.370025
0.164062 0.371109
0.164551 0.372193
0.165039 0.373277
0.165527 0.37436
0.166016 0.375443
0.166504 0.376526
0.166992 0.377609
0.16748 0.378692
0.167969 0.379774
0.168457 0.380857
0.168945 0.381939
0.169434 0.38302
0.169922 0.384102
0.17041 0.385183
0.170898 0.386265
0.171387 0.387346
0.171875 0.388427
0.172363 0.389507
0.172852 0.390588
0.17334 0.391668
0.173828 0.392748
0.174316 0.393828
0.174805 0.394907
0.175293 0.395986
0.175781 0.397066
0.17627 0.398145
0.176758 0.399223
0.177246 0.400302
0.177734 0.40138
0.178223 0.402458
0.178711 0.403536
0.179199 0.404614
0.179688 0.405691
0.180176 0.406768
0.180664 0.407845
0.181152 0.408922
0.181641 0.409999
0.182129 0.411075
0.182617 0.412151
0.183105 0.413227
0.183594 0.414303
0.184082 0.415378
0.18457 0.416453
0.185059 0.417528
0.185547 0.418603
0.186035 0.419678
0.186523 0.420752
0.187012 0.421826
0.1875 0.4229
0.187988 0.423973
0.188477 0.425047
0.188965 0.42612
0.189453 0.427193
0.189941 0.428265
0.19043 0.429338
0.190918 0.43041
0.191406 0.431482
0.191895 0.432554
0.192383 0.433625
0.192871 0.434697
0.193359 0.435768
0.193848 0.436838
0.194336 0.437909
0.194824 0.438979
0.195312 0.440049
0.195801 0.441119
0.196289 0.442189
0.196777 0.443258
0.197266 0.444327
0.197754 0.445396
0.198242 0.446464
0.19873 0.447533
0.199219 0.448601
0.199707 0.449669
0.200195 0.450736
0.200684 0.451803
0.201172 0.45287
0.20166 0.453937
0.202148 0.455004
0.202637 0.45607
0.203125 0.457136
0.203613 0.458202
0.204102 0.459267
0.20459 0.460333
0.205078 0.461398
0.205566 0.462462
0.206055 0.463527
0.206543 0.464591
0.207031 0.465655
0.20752 0.466719
0.208008 0.467782
0.208496 0.468845
0.208984 0.469908
0.209473 0.470971
0.209961 0.472033
0.210449 0.473095
0.210938 0.474157
0.211426 0.475218
0.211914 0.47628
0.212402 0.477341
0.212891 0.478401
0.213379 0.479462
0.213867 0.480522
0.214355 0.481582
0.214844 0.482641
0.215332 0.4837
0.21582 0.484759
0.216309 0.485818
0.216797 0.486877
0.217285 0.487935
0.217773 0.488993
0.218262 0.49005
0.21875 0.491108
0.219238 0.492165
0.219727 0.493221
0.220215 0.494278
0.220703 0.495334
0.221191 0.49639
0.22168 0.497445
0.222168 0.4985
0.222656 0.499555
0.223145 0.50061
0.223633 0.501664
0.224121 0.502719
0.224609 0.503772
0.225098 0.504826
0.225586 0.505879
0.226074 0.506932
0.226562 0.507984
0.227051 0.509037
0.227539 0.510089
0.228027 0.51114
0.228516 0.512192
0.229004 0.513243
0.229492 0.514293
0.22998 0.515344
0.230469 0.516394
0.230957 0.517444
0.231445 0.518493
0.231934 0.519542
0.232422 0.520591
0.23291 0.52164
0.233398 0.522688
0.233887 0.523736
0.234375 0.524783
0.234863 0.52583
0.235352 0.526877
0.23584 0.527924
0.236328 0.52897
0.236816 0.530016
0.237305 0.531062
0.237793 0.532107
0.238281 0.533152
0.23877 0.534197
0.239258 0.535241
0.239746 0.536285
0.240234 0.537328
0.240723 0.538372
0.241211 0.539415
0.241699 0.540457
0.242188 0.5415
0.242676 0.542542
0.243164 0.543583
0.243652 0.544624
0.244141 0.545665
0.244629 0.546706
0.245117 0.547746
0.245605 0.548786
0.246094 0.549826
0.246582 0.550865
0.24707 0.551904
0.247559 0.552942
0.248047 0.55398
0.248535 0.555018
0.249023 0.556055
0.249512 0.557092
0.25 0.558129
0.250488 0.559166
0.250977 0.560202
0.251465 0.561237
0.251953 0.562272
0.252441 0.563307
0.25293 0.564342
0.253418 0.565376
0.253906 0.56641
0.254395 0.567443
0.254883 0.568476
0.255371 0.569509
0.255859 0.570541
0.256348 0.571573
0.256836 0.572605
0.257324 0.573636
0.257812 0.574667
0.258301 0.575698
0.258789 0.576728
0.259277 0.577757
0.259766 0.578787
0.260254 0.579816
0.260742 0.580844
0.26123 0.581872
0.261719 0.5829
0.262207 0.583927
0.262695 0.584954
0.263184 0.585981
0.263672 0.587007
0.26416 0.588033
0.264648 0.589058
0.265137 0.590084
0.265625 0.591108
0.266113 0.592132
0.266602 0.593156
0.26709 0.59418
0.267578 0.595203
0.268066 0.596225
0.268555 0.597248
0.269043 0.598269
0.269531 0.599291
0.27002 0.600312
0.270508 0.601332
0.270996 0.602352
0.271484 0.603372
0.271973 0.604392
0.272461 0.60541
0.272949 0.606429
0.273438 0.607447
0.273926 0.608465
0.274414 0.609482
0.274902 0.610499
0.275391 0.611515
0.275879 0.612531
0.276367 0.613547
0.276855 0.614562
0.277344 0.615576
0.277832 0.616591
0.27832 0.617605
0.278809 0.618618
0.279297 0.619631
0.279785 0.620643
0.280273 0.621655
0.280762 0.622667
0.28125 0.623678
0.281738 0.624689
0.282227 0.625699
0.282715 0.626709
0.283203 0.627718
0.283691 0.628727
0.28418 0.629736
0.284668 0.630744
0.285156 0.631751
0.285645 0.632759
0.286133 0.633765
0.286621 0.634771
0.287109 0.635777
0.287598 0.636782
0.288086 0.637787
0.288574 0.638791
0.289062 0.639795
0.289551 0.640799
0.290039 0.641802
0.290527 0.642804
0.291016 0.643806
0.291504 0.644808
0.291992 0.645809
0.29248 0.646809
0.292969 0.647809
0.293457 0.648809
0.293945 0.649808
0.294434 0.650807
0.294922 0.651805
0.29541 0.652802
0.295898 0.653799
0.296387 0.654796
0.296875 0.655792
0.297363 0.656788
0.297852 0.657783
0.29834 0.658778
0.298828 0.659772
0.299316 0.660765
0.299805 0.661759
0.300293 0.662751
0.300781 0.663743
0.30127 0.664735
0.301758 0.665726
0.302246 0.666717
0.302734 0.667707
0.303223 0.668696
0.303711 0.669685
0.304199 0.670674
0.304688 0.671662
0.305176 0.672649
0.305664 0.673636
0.306152 0.674623
0.306641 0.675608
0.307129 0.676594
0.307617 0.677579
0.308105 0.678563
0.308594 0.679547
0.309082 0.68053
0.30957 0.681512
0.310059 0.682494
0.310547 0.683476
0.311035 0.684457
0.311523 0.685438
0.312012 0.686417
0.3125 0.687397
0.312988 0.688376
0.313477 0.689354
0.313965 0.690331
0.314453 0.691309
0.314941 0.692285
0.31543 0.693261
0.315918 0.694236
0.316406 0.695211
0.316895 0.696186
0.317383 0.697159
0.317871 0.698132
0.318359 0.699105
0.318848 0.700077
0.319336 0.701048
0.319824 0.702019
0.320312 0.702989
0.320801 0.703959
0.321289 0.704928
0.321777 0.705896
0.322266 0.706864
0.322754 0.707831
0.323242 0.708798
0.32373 0.709764
0.324219 0.710729
0.324707 0.711694
0.325195 0.712658
0.325684 0.713622
0.326172 0.714585
0.32666 0.715547
0.327148 0.716509
0.327637 0.71747
0.328125 0.718431
0.328613 0.719391
0.329102 0.72035
0.32959 0.721308
0.330078 0.722266
0.330566 0.723224
0.331055 0.72418
0.331543 0.725137
0.332031 0.726092
0.33252 0.727047
0.333008 0.728001
0.333496 0.728954
0.333984 0.729907
0.334473 0.730859
0.334961 0.731811
0.335449 0.732762
0.335938 0.733712
0.336426 0.734662
0.336914 0.73561
0.337402 0.736559
0.337891 0.737506
0.338379 0.738453
0.338867 0.739399
0.339355 0.740345
0.339844 0.741289
0.340332 0.742234
0.34082 0.743177
0.341309 0.74412
0.341797 0.745062
0.342285 0.746003
0.342773 0.746944
0.343262 0.747884
0.34375 0.748823
0.344238 0.749762
0.344727 0.7507
0.345215 0.751637
0.345703 0.752573
0.346191 0.753509
0.34668 0.754444
0.347168 0.755378
0.347656 0.756312
0.348145 0.757244
0.348633 0.758177
0.349121 0.759108
0.349609 0.760039
0.350098 0.760968
0.350586 0.761898
0.351074 0.762826
0.351562 0.763754
0.352051 0.76468
0.352539 0.765607
0.353027 0.766532
0.353516 0.767457
0.354004 0.76838
0.354492 0.769303
0.35498 0.770226
0.355469 0.771147
0.355957 0.772068
0.356445 0.772988
0.356934 0.773907
0.357422 0.774826
0.35791 0.775743
0.358398 0.77666
0.358887 0.777576
0.359375 0.778491
0.359863 0.779406
0.360352 0.78032
0.36084 0.781232
0.361328 0.782144
0.361816 0.783056
0.362305 0.783966
0.362793 0.784876
0.363281 0.785784
0.36377 0.786692
0.364258 0.787599
0.364746 0.788505
0.365234 0.789411
0.365723 0.790315
0.366211 0.791219
0.366699 0.792122
0.367188 0.793024
0.367676 0.793925
0.368164 0.794826
0.368652 0.795725
0.369141 0.796624
0.369629 0.797521
0.370117 0.798418
0.370605 0.799314
0.371094 0.800209
0.371582 0.801103
0.37207 0.801997
0.372559 0.802889
0.373047 0.803781
0.373535 0.804671
0.374023 0.805561
0.374512 0.80645
0.375 0.807337
0.375488 0.808224
0.375977 0.809111
0.376465 0.809996
0.376953 0.81088
0.377441 0.811763
0.37793 0.812645
0.378418 0.813527
0.378906 0.814407
0.379395 0.815287
0.379883 0.816165
0.380371 0.817043
0.380859 0.81792
0.381348 0.818795
0.381836 0.81967
0.382324 0.820544
0.382812 0.821416
0.383301 0.822288
0.383789 0.823159
0.384277 0.824029
0.384766 0.824897
0.385254 0.825765
0.385742 0.826632
0.38623 0.827498
0.386719 0.828363
0.387207 0.829226
0.387695 0.830089
0.388184 0.830951
0.388672 0.831811
0.38916 0.832671
0.389648 0.83353
0.390137 0.834387
0.390625 0.835244
0.391113 0.836099
0.391602 0.836954
0.39209 0.837807
0.392578 0.838659
0.393066 0.83951
0.393555 0.84036
0.394043 0.841209
0.394531 0.842057
0.39502 0.842904
0.395508 0.84375
0.395996 0.844594
0.396484 0.845438
0.396973 0.84628
0.397461 0.847122
0.397949 0.847962
0.398438 0.848801
0.398926 0.849639
0.399414 0.850475
0.399902 0.851311
0.400391 0.852145
0.400879 0.852979
0.401367 0.853811
0.401855 0.854642
0.402344 0.855472
0.402832 0.8563
0.40332 0.857128
0.403809 0.857954
0.404297 0.858779
0.404785 0.859603
0.405273 0.860425
0.405762 0.861247
0.40625 0.862067
0.406738 0.862886
0.407227 0.863703
0.407715 0.86452
0.408203 0.865335
0.408691 0.866149
0.40918 0.866962
0.409668 0.867773
0.410156 0.868583
0.410645 0.869392
0.411133 0.8702
0.411621 0.871006
0.412109 0.871811
0.412598 0.872615
0.413086 0.873417
0.413574 0.874218
0.414062 0.875018
0.414551 0.875817
0.415039 0.876614
0.415527 0.877409
0.416016 0.878204
0.416504 0.878997
0.416992 0.879789
0.41748 0.880579
0.417969 0.881368
0.418457 0.882155
0.418945 0.882941
0.419434 0.883726
0.419922 0.88451
0.42041 0.885291
0.420898 0.886072
0.421387 0.886851
0.421875 0.887629
0.422363 0.888405
0.422852 0.88918
0.42334 0.889953
0.423828 0.890725
0.424316 0.891495
0.424805 0.892264
0.425293 0.893031
0.425781 0.893797
0.42627 0.894561
0.426758 0.895324
0.427246 0.896085
0.427734 0.896845
0.428223 0.897603
0.428711 0.89836
0.429199 0.899115
0.429688 0.899869
0.430176 0.90062
0.430664 0.901371
0.431152 0.90212
0.431641 0.902867
0.432129 0.903612
0.432617 0.904356
0.433105 0.905098
0.433594 0.905839
0.434082 0.906578
0.43457 0.907315
0.435059 0.908051
0.435547 0.908785
0.436035 0.909517
0.436523 0.910248
0.437012 0.910977
0.4375 0.911704
0.437988 0.912429
0.438477 0.913153
0.438965 0.913875
0.439453 0.914595
0.439941 0.915313
0.44043 0.91603
0.440918 0.916745
0.441406 0.917458
0.441895 0.918169
0.442383 0.918878
0.442871 0.919586
0.443359 0.920292
0.443848 0.920995
0.444336 0.921697
0.444824 0.922398
0.445312 0.923096
0.445801 0.923792
0.446289 0.924486
0.446777 0.925179
0.447266 0.925869
0.447754 0.926558
0.448242 0.927244
0.44873 0.927929
0.449219 0.928611
0.449707 0.929292
0.450195 0.929971
0.450684 0.930647
0.451172 0.931322
0.45166 0.931994
0.452148 0.932664
0.452637 0.933333
0.453125 0.933999
0.453613 0.934663
0.454102 0.935325
0.45459 0.935985
0.455078 0.936642
0.455566 0.937298
0.456055 0.937951
0.456543 0.938602
0.457031 0.939251
0.45752 0.939898
0.458008 0.940542
0.458496 0.941184
0.458984 0.941824
0.459473 0.942462
0.459961 0.943097
0.460449 0.94373
0.460938 0.944361
0.461426 0.944989
0.461914 0.945615
0.462402 0.946239
0.462891 0.94686
0.463379 0.947478
0.463867 0.948095
0.464355 0.948709
0.464844 0.94932
0.465332 0.949929
0.46582 0.950535
0.466309 0.951139
0.466797 0.95174
0.467285 0.952339
0.467773 0.952935
0.468262 0.953529
0.46875 0.954119
0.469238 0.954708
0.469727 0.955293
0.470215 0.955876
0.470703 0.956456
0.471191 0.957034
0.47168 0.957609
0.472168 0.958181
0.472656 0.95875
0.473145 0.959316
0.473633 0.95988
0.474121 0.960441
0.474609 0.960998
0.475098 0.961553
0.475586 0.962105
0.476074 0.962654
0.476562 0.963201
0.477051 0.963744
0.477539 0.964284
0.478027 0.964821
0.478516 0.965355
0.479004 0.965886
0.479492 0.966414
0.47998 0.966938
0.480469 0.96746
0.480957 0.967978
0.481445 0.968493
0.481934 0.969005
0.482422 0.969513
0.48291 0.970019
0.483398 0.970521
0.483887 0.971019
0.484375 0.971514
0.484863 0.972006
0.485352 0.972494
0.48584 0.972979
0.486328 0.973461
0.486816 0.973938
0.487305 0.974413
0.487793 0.974883
0.488281 0.97535
0.48877 0.975813
0.489258 0.976273
0.489746 0.976729
0.490234 0.977181
0.490723 0.977629
0.491211 0.978073
0.491699 0.978514
0.492188 0.978951
0.492676 0.979383
0.493164 0.979812
0.493652 0.980236
0.494141 0.980657
0.494629 0.981073
0.495117 0.981485
0.495605 0.98189
0.496094 0.982282
0.496582 0.982633
0.49707 0.98283
0.497559 0.982408
0.498047 0.979469
0.498535 0.966184
0.499023 0.911543
0.499512 0.687875
0.5 4.57468e-14
0.500488 -0.687875
0.500977 -0.911543
0.501465 -0.966184
0.501953 -0.979469
0.502441 -0.982408
0.50293 -0.98283
0.503418 -0.982633
0.503906 -0.982282
0.504395 -0.98189
0.504883 -0.981485
0.505371 -0.981073
0.505859 -0.980657
0.506348 -0.980236
0.506836 -0.979812
0.507324 -0.979383
0.507812 -0.978951
0.508301 -0.978514
0.508789 -0.978073
0.509277 -0.977629
0.509766 -0.977181
0.510254 -0.976729
0.510742 -0.976273
0.51123 -0.975813
0.511719 -0.97535
0.512207 -0.974883
0.512695 -0.974413
0.513184 -0.973938
0.513672 -0.973461
0.51416 -0.972979
0.514648 -0.972494
0.515137 -0.972006
0.515625 -0.971514
0.516113 -0.971019
0.516602 -0.970521
0.51709 -0.970019
0.517578 -0.969513
0.518066 -0.969005
0.518555 -0.968493
0.519043 -0.967978
0.519531 -0.96746
0.52002 -0.966938
0.520508 -0.966414
0.520996 -0.965886
0.521484 -0.965355
0.521973 -0.964821
0.522461 -0.964284
0.522949 -0.963744
0.523438 -0.963201
0.523926 -0.962654
0.524414 -0.962105
0.524902 -0.961553
0.525391 -0.960998
0.525879 -0.960441
0.526367 -0.95988
0.526855 -0.959316
0.527344 -0.95875
0.527832 -0.958181
0.52832 -0.957609
0.528809 -0.957034
0.529297 -0.956456
0.529785 -0.955876
0.530273 -0.955293
0.530762 -0.954708
0.53125 -0.954119
0.531738 -0.953529
0.532227 -0.952935
0.532715 -0.952339
0.533203 -0.95174
0.533691 -0.951139
0.53418 -0.950535
0.534668 -0.949929
0.535156 -0.94932
0.535645 -0.948709
0.536133 -0.948095
0.536621 -0.947478
0.537109 -0.94686
0.537598 -0.946239
0.538086 -0.945615
0.538574 -0.944989
0.539062 -0.944361
0.539551 -0.94373
0.540039 -0.943097
0.540527 -0.942462
0.541016 -0.941824
0.541504 -0.941184
0.541992 -0.940542
0.54248 -0.939898
0.542969 -0.939251
0.543457 -0.938602
0.543945 -0.937951
0.544434 -0.937298
0.544922 -0.936642
0.54541 -0.935985
0.545898 -0.935325
0.546387 -0.934663
0.546875 -0.933999
0.547363 -0.933333
0.547852 -0.932664
0.54834 -0.931994
0.548828 -0.931322
0.549316 -0.930647
0.549805 -0.929971
0.550293 -0.929292
0.550781 -0.928611
0.55127 -0.927929
0.551758 -0.927244
0.552246 -0.926558
0.552734 -0.925869
0.553223 -0.925179
0.553711 -0.924486
0.554199 -0.923792
0.554688 -0.923096
0.555176 -0.922398
0.555664 -0.921697
0.556152 -0.920995
0.556641 -0.920292
0.557129 -0.919586
0.557617 -0.918878
0.558105 -0.918169
0.558594 -0.917458
0.559082 -0.916745
0.55957 -0.91603
0.560059 -0.915313
0.560547 -0.914595
0.561035 -0.913875
0.561523 -0.913153
0.562012 -0.912429
0.5625 -0.911704
0.562988 -0.910977
0.563477 -0.910248
0.563965 -0.909517
0.564453 -0.908785
0.564941 -0.908051
0.56543 -0.907315
0.565918 -0.906578
0.566406 -0.905839
0.566895 -0.905098
0.567383 -0.904356
0.567871 -0.903612
0.568359 -0.902867
0.568848 -0.90212
0.569336 -0.901371
0.569824 -0.90062
0.570312 -0.899869
0.570801 -0.899115
0.571289 -0.89836
0.571777 -0.897603
0.572266 -0.896845
0.572754 -0.896085
0.573242 -0.895324
0.57373 -0.894561
0.574219 -0.893797
0.574707 -0.893031
0.575195 -0.892264
0.575684 -0.891495
0.576172 -0.890725
0.57666 -0.889953
0.577148 -0.88918
0.577637 -0.888405
0.578125 -0.887629
0.578613 -0.886851
0.579102 -0.886072
0.57959 -0.885291
0.580078 -0.88451
0.580566 -0.883726
0.581055 -0.882941
0.581543 -0.882155
0.582031 -0.881368
0.58252 -0.880579
0.583008 -0.879789
0.583496 -0.878997
0.583984 -0.878204
0.584473 -0.877409
0.584961 -0.876614
0.585449 -0.875817
0.585938 -0.875018
0.586426 -0.874218
0.586914 -0.873417
0.587402 -0.872615
0.587891 -0.871811
0.588379 -0.871006
0.588867 -0.8702
0.589355 -0.869392
0.589844 -0.868583
0.590332 -0.867773
0.59082 -0.866962
0.591309 -0.866149
0.591797 -0.865335
0.592285 -0.86452
0.592773 -0.863703
0.593262 -0.862886
0.59375 -0.862067
0.594238 -0.861247
0.594727 -0.860425
0.595215 -0.859603
0.595703 -0.858779
0.596191 -0.857954
0.59668 -0.857128
0.597168 -0.8563
0.597656 -0.855472
0.598145 -0.854642
0.598633 -0.853811
0.599121 -0.852979
0.599609 -0.852145
0.600098 -0.851311
0.600586 -0.850475
0.601074 -0.849639
0.601562 -0.848801
0.602051 -0.847962
0.602539 -0.847122
0.603027 -0.84628
0.603516 -0.845438
0.604004 -0.844594
0.604492 -0.84375
0.60498 -0.842904
0.605469 -0.842057
0.605957 -0.841209
0.606445 -0.84036
0.606934 -0.83951
0.607422 -0.838659
0.60791 -0.837807
0.608398 -0.836954
0.608887 -0.836099
0.609375 -0.835244
0.609863 -0.834387
0.610352 -0.83353
0.61084 -0.832671
0.611328 -0.831811
0.611816 -0.830951
0.612305 -0.830089
0.612793 -0.829226
0.613281 -0.828363
0.61377 -0.827498
0.614258 -0.826632
0.614746 -0.825765
0.615234 -0.824897
0.615723 -0.824029
0.616211 -0.823159
0.616699 -0.822288
0.617188 -0.821416
0.617676 -0.820544
0.618164 -0.81967
0.618652 -0.818795
0.619141 -0.81792
0.619629 -0.817043
0.620117 -0.816165
0.620605 -0.815287
0.621094 -0.814407
0.621582 -0.813527
0.62207 -0.812645
0.622559 -0.811763
0.623047 -0.81088
0.623535 -0.809996
0.624023 -0.809111
0.624512 -0.808224
0.625 -0.807337
0.625488 -0.80645
0.625977 -0.805561
0.626465 -0.804671
0.626953 -0.803781
0.627441 -0.802889
0.62793 -0.801997
0.628418 -0.801103
0.628906 -0.800209
0.629395 -0.799314
0.629883 -0.798418
0.630371 -0.797521
0.630859 -0.796624
0.631348 -0.795725
0.631836 -0.794826
0.632324 -0.793925
0.632812 -0.793024
0.633301 -0.792122
0.633789 -0.791219
0.634277 -0.790315
0.634766 -0.789411
0.635254 -0.788505
0.635742 -0.787599
0.63623 -0.786692
0.636719 -0.785784
0.637207 -0.784876
0.637695 -0.783966
0.638184 -0.783056
0.638672 -0.782144
0.63916 -0.781232
0.639648 -0.78032
0.640137 -0.779406
0.640625 -0.778491
0.641113 -0.777576
0.641602 -0.77666
0.64209 -0.775743
0.642578 -0.774826
0.643066 -0.773907
0.643555 -0.772988
0.644043 -0.772068
0.644531 -0.771147
0.64502 -0.770226
0.645508 -0.769303
0.645996 -0.76838
0.646484 -0.767457
0.646973 -0.766532
0.647461 -0.765607
0.647949 -0.76468
0.648438 -0.763754
0.648926 -0.762826
0.649414 -0.761898
0.649902 -0.760968
0.650391 -0.760039
0.650879 -0.759108
0.651367 -0.758177
0.651855 -0.757244
0.652344 -0.756312
0.652832 -0.755378
0.65332 -0.754444
0.653809 -0.753509
0.654297 -0.752573
0.654785 -0.751637
0.655273 -0.7507
0.655762 -0.749762
0.65625 -0.748823
0.656738 -0.747884
0.657227 -0.746944
0.657715 -0.746003
0.658203 -0.745062
0.658691 -0.74412
0.65918 -0.743177
0.659668 -0.742234
0.660156 -0.741289
0.660645 -0.740345
0.661133 -0.739399
0.661621 -0.738453
0.662109 -0.737506
0.662598 -0.736559
0.663086 -0.73561
0.663574 -0.734662
0.664062 -0.733712
0.664551 -0.732762
0.665039 -0.731811
0.665527 -0.730859
0.666016 -0.729907
0.666504 -0.728954
0.666992 -0.728001
0.66748 -0.727047
0.667969 -0.726092
0.668457 -0.725137
0.668945 -0.72418
0.669434 -0.723224
0.669922 -0.722266
0.67041 -0.721308
0.670898 -0.72035
0.671387 -0.719391
0.671875 -0.718431
0.672363 -0.71747
0.672852 -0.716509
0.67334 -0.715547
0.673828 -0.714585
0.674316 -0.713622
0.674805 -0.712658
0.675293 -0.711694
0.675781 -0.710729
0.67627 -0.709764
0.676758 -0.708798
0.677246 -0.707831
0.677734 -0.706864
0.678223 -0.705896
0.678711 -0.704928
0.679199 -0.703959
0.679688 -0.702989
0.680176 -0.702019
0.680664 -0.701048
0.681152 -0.700077
0.681641 -0.699105
0.682129 -0.698132
0.682617 -0.697159
0.683105 -0.696186
0.683594 -0.695211
0.684082 -0.694236
0.68457 -0.693261
0.685059 -0.692285
0.685547 -0.691309
0.686035 -0.690331
0.686523 -0.689354
0.687012 -0.688376
0.6875 -0.687397
0.687988 -0.686417
0.688477 -0.685438
0.688965 -0.684457
0.689453 -0.683476
0.689941 -0.682494
0.69043 -0.681512
0.690918 -0.68053
0.691406 -0.679547
0.691895 -0.678563
0.692383 -0.677579
0.692871 -0.676594
0.693359 -0.675608
0.693848 -0.674623
0.694336 -0.673636
0.694824 -0.672649
0.695312 -0.671662
0.695801 -0.670674
0.696289 -0.669685
0.696777 -0.668696
0.697266 -0.667707
0.697754 -0.666717
0.698242 -0.665726
0.69873 -0.664735
0.699219 -0.663743
0.699707 -0.662751
0.700195 -0.661759
0.700684 -0.660765
0.701172 -0.659772
0.70166 -0.658778
0.702148 -0.657783
0.702637 -0.656788
0.703125 -0.655792
0.703613 -0.654796
0.704102 -0.653799
0.70459 -0.652802
0.705078 -0.651805
0.705566 -0.650807
0.706055 -0.649808
0.706543 -0.648809
0.707031 -0.647809
0.70752 -0.646809
0.708008 -0.645809
0.708496 -0.644808
0.708984 -0.643806
0.709473 -0.642804
0.709961 -0.641802
0.710449 -0.640799
0.710938 -0.639795
0.711426 -0.638791
0.711914 -0.637787
0.712402 -0.636782
0.712891 -0.635777
0.713379 -0.634771
0.713867 -0.633765
0.714355 -0.632759
0.714844 -0.631751
0.715332 -0.630744
0.71582 -0.629736
0.716309 -0.628727
0.716797 -0.627718
0.717285 -0.626709
0.717773 -0.625699
0.718262 -0.624689
0.71875 -0.623678
0.719238 -0.622667
0.719727 -0.621655
0.720215 -0.620643
0.720703 -0.619631
0.721191 -0.618618
0.72168 -0.617605
0.722168 -0.616591
0.722656 -0.615576
0.723145 -0.614562
0.723633 -0.613547
0.724121 -0.612531
0.724609 -0.611515
0.725098 -0.610499
0.725586 -0.609482
0.726074 -0.608465
0.726562 -0.607447
0.727051 -0.606429
0.727539 -0.60541
0.728027 -0.604392
0.728516 -0.603372
0.729004 -0.602352
0.729492 -0.601332
0.72998 -0.600312
0.730469 -0.599291
0.730957 -0.598269
0.731445 -0.597248
0.731934 -0.596225
0.732422 -0.595203
0.73291 -0.59418
0.733398 -0.593156
0.733887 -0.592132
0.734375 -0.591108
0.734863 -0.590084
0.735352 -0.589058
0.73584 -0.588033
0.736328 -0.587007
0.736816 -0.585981
0.737305 -0.584954
0.737793 -0.583927
0.738281 -0.5829
0.73877 -0.581872
0.739258 -0.580844
0.739746 -0.579816
0.740234 -0.578787
0.740723 -0.577757
0.741211 -0.576728
0.741699 -0.575698
0.742188 -0.574667
0.742676 -0.573636
0.743164 -0.572605
0.743652 -0.571573
0.744141 -0.570541
0.744629 -0.569509
0.745117 -0.568476
0.745605 -0.567443
0.746094 -0.56641
0.746582 -0.565376
0.74707 -0.564342
0.747559 -0.563307
0.748047 -0.562272
0.748535 -0.561237
0.749023 -0.560202
0.749512 -0.559166
0.75 -0.558129
0.750488 -0.557092
0.750977 -0.556055
0.751465 -0.555018
0.751953 -0.55398
0.752441 -0.552942
0.75293 -0.551904
0.753418 -0.550865
0.753906 -0.549826
0.754395 -0.548786
0.754883 -0.547746
0.755371 -0.546706
0.755859 -0.545665
0.756348 -0.544624
0.756836 -0.543583
0.757324 -0.542542
0.757812 -0.5415
0.758301 -0.540457
0.758789 -0.539415
0.759277 -0.538372
0.759766 -0.537328
0.760254 -0.536285
0.760742 -0.535241
0.76123 -0.534197
0.761719 -0.533152
0.762207 -0.532107
0.762695 -0.531062
0.763184 -0.530016
0.763672 -0.52897
0.76416 -0.527924
0.764648 -0.526877
0.765137 -0.52583
0.765625 -0.524783
0.766113 -0.523736
0.766602 -0.522688
0.76709 -0.52164
0.767578 -0.520591
0.768066 -0.519542
0.768555 -0.518493
0.769043 -0.517444
0.769531 -0.516394
0.77002 -0.515344
0.770508 -0.514293
0.770996 -0.513243
0.771484 -0.512192
0.771973 -0.51114
0.772461 -0.510089
0.772949 -0.509037
0.773438 -0.507984
0.773926 -0.506932
0.774414 -0.505879
0.774902 -0.504826
0.775391 -0.503772
0.775879 -0.502719
0.776367 -0.501664
0.776855 -0.50061
0.777344 -0.499555
0.777832 -0.4985
0.77832 -0.497445
0.778809 -0.49639
0.779297 -0.495334
0.779785 -0.494278
0.780273 -0.493221
0.780762 -0.492165
0.78125 -0.491108
0.781738 -0.49005
0.782227 -0.488993
0.782715 -0.487935
0.783203 -0.486877
0.783691 -0.485818
0.78418 -0.484759
0.784668 -0.4837
0.785156 -0.482641
0.785645 -0.481582
0.786133 -0.480522
0.786621 -0.479462
0.787109 -0.478401
0.787598 -0.477341
0.788086 -0.47628
0.788574 -0.475218
0.789062 -0.474157
0.789551 -0.473095
0.790039 -0.472033
0.790527 -0.470971
0.791016 -0.469908
0.791504 -0.468845
0.791992 -0.467782
0.79248 -0.466719
0.792969 -0.465655
0.793457 -0.464591
0.793945 -0.463527
0.794434 -0.462462
0.794922 -0.461398
0.79541 -0.460333
0.795898 -0.459267
0.796387 -0.458202
0.796875 -0.457136
0.797363 -0.45607
0.797852 -0.455004
0.79834 -0.453937
0.798828 -0.45287
0.799316 -0.451803
0.799805 -0.450736
0.800293 -0.449669
0.800781 -0.448601
0.80127 -0.447533
0.801758 -0.446464
0.802246 -0.445396
0.802734 -0.444327
0.803223 -0.443258
0.803711 -0.442189
0.804199 -0.441119
0.804688 -0.440049
0.805176 -0.438979
0.805664 -0.437909
0.806152 -0.436838
0.806641 -0.435768
0.807129 -0.434697
0.807617 -0.433625
0.808105 -0.432554
0.808594 -0.431482
0.809082 -0.43041
0.80957 -0.429338
0.810059 -0.428265
0.810547 -0.427193
0.811035 -0.42612
0.811523 -0.425047
0.812012 -0.423973
0.8125 -0.4229
0.812988 -0.421826
0.813477 -0.420752
0.813965 -0.419678
0.814453 -0.418603
0.814941 -0.417528
0.81543 -0.416453
0.815918 -0.415378
0.816406 -0.414303
0.816895 -0.413227
0.817383 -0.412151
0.817871 -0.411075
0.818359 -0.409999
0.818848 -0.408922
0.819336 -0.407845
0.819824 -0.406768
0.820312 -0.405691
0.820801 -0.404614
0.821289 -0.403536
0.821777 -0.402458
0.822266 -0.40138
0.822754 -0.400302
0.823242 -0.399223
0.82373 -0.398145
0.824219 -0.397066
0.824707 -0.395986
0.825195 -0.394907
0.825684 -0.393828
0.826172 -0.392748
0.82666 -0.391668
0.827148 -0.390588
0.827637 -0.389507
0.828125 -0.388427
0.828613 -0.387346
0.829102 -0.386265
0.82959 -0.385183
0.830078 -0.384102
0.830566 -0.38302
0.831055 -0.381939
0.831543 -0.380857
0.832031 -0.379774
0.83252 -0.378692
0.833008 -0.377609
0.833496 -0.376526
0.833984 -0.375443
0.834473 -0.37436
0.834961 -0.373277
0.835449 -0.372193
0.835938 -0.371109
0.836426 -0.370025
0.836914 -0.368941
0.837402 -0.367857
0.837891 -0.366772
0.838379 -0.365687
0.838867 -0.364602
0.839355 -0.363517
0.839844 -0.362432
0.840332 -0.361346
0.84082 -0.360261
0.841309 -0.359175
0.841797 -0.358089
0.842285 -0.357002
0.842773 -0.355916
0.843262 -0.354829
0.84375 -0.353742
0.844238 -0.352655
0.844727 -0.351568
0.845215 -0.350481
0.845703 -0.349393
0.846191 -0.348306
0.84668 -0.347218
0.847168 -0.34613
0.847656 -0.345041
0.848145 -0.343953
0.848633 -0.342864
0.849121 -0.341776
0.849609 -0.340687
0.850098 -0.339597
0.850586 -0.338508
0.851074 -0.337419
0.851562 -0.336329
0.852051 -0.335239
0.852539 -0.334149
0.853027 -0.333059
0.853516 -0.331969
0.854004 -0.330878
0.854492 -0.329787
0.85498 -0.328697
0.855469 -0.327606
0.855957 -0.326514
0.856445 -0.325423
0.856934 -0.324332
0.857422 -0.32324
0.85791 -0.322148
0.858398 -0.321056
0.858887 -0.319964
0.859375 -0.318872
0.859863 -0.317779
0.860352 -0.316687
0.86084 -0.315594
0.861328 -0.314501
0.861816 -0.313408
0.862305 -0.312314
0.862793 -0.311221
0.863281 -0.310127
0.86377 -0.309034
0.864258 -0.30794
0.864746 -0.306846
0.865234 -0.305752
0.865723 -0.304657
0.866211 -0.303563
0.866699 -0.302468
0.867188 -0.301373
0.867676 -0.300278
0.868164 -0.299183
0.868652 -0.298088
0.869141 -0.296993
0.869629 -0.295897
0.870117 -0.294801
0.870605 -0.293706
0.871094 -0.29261
0.871582 -0.291514
0.87207 -0.290417
0.872559 -0.289321
0.873047 -0.288224
0.873535 -0.287128
0.874023 -0.286031
0.874512 -0.284934
0.875 -0.283837
0.875488 -0.282739
0.875977 -0.281642
0.876465 -0.280545
0.876953 -0.279447
0.877441 -0.278349
0.87793 -0.277251
0.878418 -0.276153
0.878906 -0.275055
0.879395 -0.273956
0.879883 -0.272858
0.880371 -0.271759
0.880859 -0.270661
0.881348 -0.269562
0.881836 -0.268463
0.882324 -0.267364
0.882812 -0.266264
0.883301 -0.265165
0.883789 -0.264065
0.884277 -0.262966
0.884766 -0.261866
0.885254 -0.260766
0.885742 -0.259666
0.88623 -0.258566
0.886719 -0.257466
0.887207 -0.256365
0.887695 -0.255265
0.888184 -0.254164
0.888672 -0.253063
0.88916 -0.251962
0.889648 -0.250861
0.890137 -0.24976
0.890625 -0.248659
0.891113 -0.247557
0.891602 -0.246456
0.89209 -0.245354
0.892578 -0.244252
0.893066 -0.243151
0.893555 -0.242049
0.894043 -0.240947
0.894531 -0.239844
0.89502 -0.238742
0.895508 -0.23764
0.895996 -0.236537
0.896484 -0.235434
0.896973 -0.234332
0.897461 -0.233229
0.897949 -0.232126
0.898438 -0.231023
0.898926 -0.229919
0.899414 -0.228816
0.899902 -0.227712
0.900391 -0.226609
0.900879 -0.225505
0.901367 -0.224401
0.901855 -0.223298
0.902344 -0.222194
0.902832 -0.22109
0.90332 -0.219985
0.903809 -0.218881
0.904297 -0.217777
0.904785 -0.216672
0.905273 -0.215567
0.905762 -0.214463
0.90625 -0.213358
0.906738 -0.212253
0.907227 -0.211148
0.907715 -0.210043
0.908203 -0.208938
0.908691 -0.207832
0.90918 -0.206727
0.909668 -0.205621
0.910156 -0.204516
0.910645 -0.20341
0.911133 -0.202304
0.911621 -0.201198
0.912109 -0.200092
0.912598 -0.198986
0.913086 -0.19788
0.913574 -0.196774
0.914062 -0.195668
0.914551 -0.194561
0.915039 -0.193455
0.915527 -0.192348
0.916016 -0.191241
0.916504 -0.190134
0.916992 -0.189027
0.91748 -0.18792
0.917969 -0.186813
0.918457 -0.185706
0.918945 -0.184599
0.919434 -0.183492
0.919922 -0.182384
0.92041 -0.181277
0.920898 -0.180169
0.921387 -0.179061
0.921875 -0.177954
0.922363 -0.176846
0.922852 -0.175738
0.92334 -0.17463
0.923828 -0.173522
0.924316 -0.172414
0.924805 -0.171305
0.925293 -0.170197
0.925781 -0.169089
0.92627 -0.16798
0.926758 -0.166871
0.927246 -0.165763
0.927734 -0.164654
0.928223 -0.163545
0.928711 -0.162436
0.929199 -0.161328
0.929688 -0.160219
0.930176 -0.159109
0.930664 -0.158
0.931152 -0.156891
0.931641 -0.155782
0.932129 -0.154672
0.932617 -0.153563
0.933105 -0.152454
0.933594 -0.151344
0.934082 -0.150234
0.93457 -0.149125
0.935059 -0.148015
0.935547 -0.146905
0.936035 -0.145795
0.936523 -0.144685
0.937012 -0.143575
0.9375 -0.142465
0.937988 -0.141355
0.938477 -0.140245
0.938965 -0.139135
0.939453 -0.138025
0.939941 -0.136914
0.94043 -0.135804
0.940918 -0.134694
0.941406 -0.133583
0.941895 -0.132473
0.942383 -0.131362
0.942871 -0.130251
0.943359 -0.129141
0.943848 -0.12803
0.944336 -0.126919
0.944824 -0.125809
0.945312 -0.124698
0.945801 -0.123587
0.946289 -0.122476
0.946777 -0.121365
0.947266 -0.120254
0.947754 -0.119143
0.948242 -0.118032
0.94873 -0.116921
0.949219 -0.11581
0.949707 -0.114699
0.950195 -0.113588
0.950684 -0.112477
0.951172 -0.111366
0.95166 -0.110255
0.952148 -0.109143
0.952637 -0.108032
0.953125 -0.106921
0.953613 -0.10581
0.954102 -0.104699
0.95459 -0.103588
0.955078 -0.102476
0.955566 -0.101365
0.956055 -0.100254
0.956543 -0.099143
0.957031 -0.0980319
0.95752 -0.0969208
0.958008 -0.0958097
0.958496 -0.0946986
0.958984 -0.0935876
0.959473 -0.0924765
0.959961 -0.0913655
0.960449 -0.0902546
0.960938 -0.0891436
0.961426 -0.0880327
0.961914 -0.0869219
0.962402 -0.0858111
0.962891 -0.0847003
0.963379 -0.0835896
0.963867 -0.0824789
0.964355 -0.0813683
0.964844 -0.0802578
0.965332 -0.0791473
0.96582 -0.0780369
0.966309 -0.0769265
0.966797 -0.0758162
0.967285 -0.074706
0.967773 -0.0735959
0.968262 -0.0724858
0.96875 -0.0713758
0.969238 -0.0702659
0.969727 -0.0691561
0.970215 -0.0680464
0.970703 -0.0669367
0.971191 -0.0658272
0.97168 -0.0647177
0.972168 -0.0636084
0.972656 -0.0624991
0.973145 -0.06139
0.973633 -0.060281
0.974121 -0.059172
0.974609 -0.0580632
0.975098 -0.0569545
0.975586 -0.0558459
0.976074 -0.0547374
0.976562 -0.053629
0.977051 -0.0525208
0.977539 -0.0514126
0.978027 -0.0503046
0.978516 -0.0491967
0.979004 -0.0480889
0.979492 -0.0469812
0.97998 -0.0458737
0.980469 -0.0447663
0.980957 -0.043659
0.981445 -0.0425518
0.981934 -0.0414447
0.982422 -0.0403378
0.98291 -0.039231
0.983398 -0.0381243
0.983887 -0.0370177
0.984375 -0.0359112
0.984863 -0.0348049
0.985352 -0.0336987
0.98584 -0.0325926
0.986328 -0.0314866
0.986816 -0.0303807
0.987305 -0.0292749
0.987793 -0.0281692
0.988281 -0.0270636
0.98877 -0.0259582
0.989258 -0.0248528
0.989746 -0.0237475
0.990234 -0.0226423
0.990723 -0.0215372
0.991211 -0.0204322
0.991699 -0.0193273
0.992188 -0.0182224
0.992676 -0.0171176
0.993164 -0.0160129
0.993652 -0.0149083
0.994141 -0.0138037
0.994629 -0.0126992
0.995117 -0.0115947
0.995605 -0.0104903
0.996094 -0.00938595
0.996582 -0.00828162
0.99707 -0.00717733
0.997559 -0.00607307
0.998047 -0.00496884
0.998535 -0.00386463
0.999023 -0.00276044
0.999512 -0.00165626
1 -0.000552085
