0 0.000248985
0.000488281 0.000746955
0.000976562 0.00124493
0.00146484 0.0017429
0.00195312 0.00224087
0.00244141 0.00273884
0.00292969 0.00323681
0.00341797 0.00373479
0.00390625 0.00423276
0.00439453 0.00473073
0.00488281 0.00522871
0.00537109 0.00572669
0.00585938 0.00622467
0.00634766 0.00672265
0.00683594 0.00722063
0.00732422 0.00771862
0.0078125 0.0082166
0.00830078 0.00871459
0.00878906 0.00921258
0.00927734 0.00971057
0.00976562 0.0102086
0.0102539 0.0107066
0.0107422 0.0112046
0.0112305 0.0117026
0.0117188 0.0122006
0.012207 0.0126986
0.0126953 0.0131966
0.0131836 0.0136946
0.0136719 0.0141926
0.0141602 0.0146907
0.0146484 0.0151887
0.0151367 0.0156867
0.015625 0.0161847
0.0161133 0.0166828
0.0166016 0.0171808
0.0170898 0.0176789
0.0175781 0.0181769
0.0180664 0.018675
0.0185547 0.019173
0.019043 0.0196711
0.0195312 0.0201692
0.0200195 0.0206672
0.0205078 0.0211653
0.0209961 0.0216634
0.0214844 0.0221615
0.0219727 0.0226596
0.0224609 0.0231577
0.0229492 0.0236558
0.0234375 0.0241539
0.0239258 0.024652
0.0244141 0.0251501
0.0249023 0.0256482
0.0253906 0.0261463
0.0258789 0.0266445
0.0263672 0.0271426
0.0268555 0.0276408
0.0273438 0.0281389
0.027832 0.0286371
0.0283203 0.0291352
0.0288086 0.0296334
0.0292969 0.0301316
0.0297852 0.0306298
0.0302734 0.031128
0.0307617 0.0316262
0.03125 0.0321244
0.0317383 0.0326226
0.0322266 0.0331208
0.0327148 0.033619
0.0332031 0.0341173
0.0336914 0.0346155
0.0341797 0.0351137
0.034668 0.035612
0.0351562 0.0361102
0.0356445 0.0366085
0.0361328 0.0371068
0.0366211 0.0376051
0.0371094 0.0381033
0.0375977 0.0386016
0.0380859 0.0390999
0.0385742 0.0395983
0.0390625 0.0400966
0.0395508 0.0405949
0.0400391 0.0410932
0.0405273 0.0415916
0.0410156 0.0420899
0.0415039 0.0425883
0.0419922 0.0430866
0.0424805 0.043585
0.0429688 0.0440834
0.043457 0.0445817
0.0439453 0.0450801
0.0444336 0.0455785
0.0449219 0.0460769
0.0454102 0.0465754
0.0458984 0.0470738
0.0463867 0.0475722
0.046875 0.0480706
0.0473633 0.0485691
0.0478516 0.0490675
0.0483398 0.049566
0.0488281 0.0500645
0.0493164 0.0505629
0.0498047 0.0510614
0.050293 0.0515599
0.0507812 0.0520584
0.0512695 0.0525569
0.0517578 0.0530554
0.0522461 0.0535539
0.0527344 0.0540525
0.0532227 0.054551
0.0537109 0.0550495
0.0541992 0.0555481
0.0546875 0.0560467
0.0551758 0.0565452
0.0556641 0.0570438
0.0561523 0.0575424
0.0566406 0.058041
0.0571289 0.0585396
0.0576172 0.0590382
0.0581055 0.0595368
0.0585938 0.0600354
0.059082 0.060534
0.0595703 0.0610326
0.0600586 0.0615313
0.0605469 0.0620299
0.0610352 0.0625286
0.0615234 0.0630272
0.0620117 0.0635259
0.0625 0.0640246
0.0629883 0.0645233
0.0634766 0.065022
0.0639648 0.0655206
0.0644531 0.0660193
0.0649414 0.0665181
0.0654297 0.0670168
0.065918 0.0675155
0.0664062 0.0680142
0.0668945 0.068513
0.0673828 0.0690117
0.0678711 0.0695104
0.0683594 0.0700092
0.0688477 0.070508
0.0693359 0.0710067
0.0698242 0.0715055
0.0703125 0.0720043
0.0708008 0.0725031
0.0712891 0.0730018
0.0717773 0.0735006
0.0722656 0.0739994
0.0727539 0.0744982
0.0732422 0.0749971
0.0737305 0.0754959
0.0742188 0.0759947
0.074707 0.0764935
0.0751953 0.0769924
0.0756836 0.0774912
0.0761719 0.0779901
0.0766602 0.0784889
0.0771484 0.0789878
0.0776367 0.0794866
0.078125 0.0799855
0.0786133 0.0804844
0.0791016 0.0809832
0.0795898 0.0814821
0.0800781 0.081981
0.0805664 0.0824799
0.0810547 0.0829788
0.081543 0.0834777
0.0820312 0.0839766
0.0825195 0.0844755
0.0830078 0.0849744
0.0834961 0.0854733
0.0839844 0.0859722
0.0844727 0.0864712
0.0849609 0.0869701
0.0854492 0.087469
0.0859375 0.087968
0.0864258 0.0884669
0.0869141 0.0889658
0.0874023 0.0894648
0.0878906 0.0899637
0.0883789 0.0904627
0.0888672 0.0909616
0.0893555 0.0914606
0.0898438 0.0919596
0.090332 0.0924585
0.0908203 0.0929575
0.0913086 0.0934565
0.0917969 0.0939554
0.0922852 0.0944544
0.0927734 0.0949534
0.0932617 0.0954524
0.09375 0.0959514
0.0942383 0.0964503
0.0947266 0.0969493
0.0952148 0.0974483
0.0957031 0.0979473
0.0961914 0.0984463
0.0966797 0.0989453
0.097168 0.0994443
0.0976562 0.0999433
0.0981445 0.100442
0.0986328 0.100941
0.0991211 0.10144
0.0996094 0.101939
0.100098 0.102438
0.100586 0.102937
0.101074 0.103436
0.101562 0.103935
0.102051 0.104434
0.102539 0.104933
0.103027 0.105432
0.103516 0.105931
0.104004 0.10643
0.104492 0.106929
0.10498 0.107428
0.105469 0.107927
0.105957 0.108426
0.106445 0.108925
0.106934 0.109424
0.107422 0.109923
0.10791 0.110422
0.108398 0.110921
0.108887 0.11142
0.109375 0.11192
0.109863 0.112419
0.110352 0.112918
0.11084 0.113417
0.111328 0.113916
0.111816 0.114415
0.112305 0.114914
0.112793 0.115413
0.113281 0.115912
0.11377 0.116411
0.114258 0.11691
0.114746 0.117409
0.115234 0.117908
0.115723 0.118407
0.116211 0.118906
0.116699 0.119405
0.117188 0.119904
0.117676 0.120403
0.118164 0.120902
0.118652 0.121401
0.119141 0.1219
0.119629 0.122399
0.120117 0.122898
0.120605 0.123396
0.121094 0.123895
0.121582 0.124394
0.12207 0.124893
0.122559 0.125392
0.123047 0.125891
0.123535 0.12639
0.124023 0.126889
0.124512 0.127388
0.125 0.127887
0.125488 0.128386
0.125977 0.128885
0.126465 0.129384
0.126953 0.129883
0.127441 0.130382
0.12793 0.130881
0.128418 0.13138
0.128906 0.131879
0.129395 0.132378
0.129883 0.132877
0.130371 0.133376
0.130859 0.133875
0.131348 0.134373
0.131836 0.134872
0.132324 0.135371
0.132812 0.13587
0.133301 0.136369
0.133789 0.136868
0.134277 0.137367
0.134766 0.137866
0.135254 0.138365
0.135742 0.138864
0.13623 0.139362
0.136719 0.139861
0.137207 0.14036
0.137695 0.140859
0.138184 0.141358
0.138672 0.141857
0.13916 0.142356
0.139648 0.142854
0.140137 0.143353
0.140625 0.143852
0.141113 0.144351
0.141602 0.14485
0.14209 0.145349
0.142578 0.145848
0.143066 0.146346
0.143555 0.146845
0.144043 0.147344
0.144531 0.147843
0.14502 0.148342
0.145508 0.14884
0.145996 0.149339
0.146484 0.149838
0.146973 0.150337
0.147461 0.150835
0.147949 0.151334
0.148438 0.151833
0.148926 0.152332
0.149414 0.152831
0.149902 0.153329
0.150391 0.153828
0.150879 0.154327
0.151367 0.154825
0.151855 0.155324
0.152344 0.155823
0.152832 0.156322
0.15332 0.15682
0.153809 0.157319
0.154297 0.157818
0.154785 0.158316
0.155273 0.158815
0.155762 0.159314
0.15625 0.159812
0.156738 0.160311
0.157227 0.16081
0.157715 0.161308
0.158203 0.161807
0.158691 0.162306
0.15918 0.162804
0.159668 0.163303
0.160156 0.163802
0.160645 0.1643
0.161133 0.164799
0.161621 0.165297
0.162109 0.165796
0.162598 0.166295
0.163086 0.166793
0.163574 0.167292
0.164062 0.16779
0.164551 0.168289
0.165039 0.168787
0.165527 0.169286
0.166016 0.169785
0.166504 0.170283
0.166992 0.170782
0.16748 0.17128
0.167969 0.171779
0.168457 0.172277
0.168945 0.172776
0.169434 0.173274
0.169922 0.173773
0.17041 0.174271
0.170898 0.17477
0.171387 0.175268
0.171875 0.175767
0.172363 0.176265
0.172852 0.176763
0.17334 0.177262
0.173828 0.17776
0.174316 0.178259
0.174805 0.178757
0.175293 0.179256
0.175781 0.179754
0.17627 0.180252
0.176758 0.180751
0.177246 0.181249
0.177734 0.181747
0.178223 0.182246
0.178711 0.182744
0.179199 0.183243
0.179688 0.183741
0.180176 0.184239
0.180664 0.184738
0.181152 0.185236
0.181641 0.185734
0.182129 0.186232
0.182617 0.186731
0.183105 0.187229
0.183594 0.187727
0.184082 0.188226
0.18457 0.188724
0.185059 0.189222
0.185547 0.18972
0.186035 0.190219
0.186523 0.190717
0.187012 0.191215
0.1875 0.191713
0.187988 0.192212
0.188477 0.19271
0.188965 0.193208
0.189453 0.193706
0.189941 0.194204
0.19043 0.194702
0.190918 0.195201
0.191406 0.195699
0.191895 0.196197
0.192383 0.196695
0.192871 0.197193
0.193359 0.197691
0.193848 0.198189
0.194336 0.198687
0.194824 0.199186
0.195312 0.199684
0.195801 0.200182
0.196289 0.20068
0.196777 0.201178
0.197266 0.201676
0.197754 0.202174
0.198242 0.202672
0.19873 0.20317
0.199219 0.203668
0.199707 0.204166
0.200195 0.204664
0.200684 0.205162
0.201172 0.20566
0.20166 0.206158
0.202148 0.206656
0.202637 0.207154
0.203125 0.207652
0.203613 0.20815
0.204102 0.208648
0.20459 0.209146
0.205078 0.209643
0.205566 0.210141
0.206055 0.210639
0.206543 0.211137
0.207031 0.211635
0.20752 0.212133
0.208008 0.212631
0.208496 0.213129
0.208984 0.213626
0.209473 0.214124
0.209961 0.214622
0.210449 0.21512
0.210938 0.215618
0.211426 0.216115
0.211914 0.216613
0.212402 0.217111
0.212891 0.217609
0.213379 0.218106
0.213867 0.218604
0.214355 0.219102
0.214844 0.2196
0.215332 0.220097
0.21582 0.220595
0.216309 0.221093
0.216797 0.22159
0.217285 0.222088
0.217773 0.222586
0.218262 0.223083
0.21875 0.223581
0.219238 0.224079
0.219727 0.224576
0.220215 0.225074
0.220703 0.225572
0.221191 0.226069
0.22168 0.226567
0.222168 0.227064
0.222656 0.227562
0.223145 0.228059
0.223633 0.228557
0.224121 0.229055
0.224609 0.229552
0.225098 0.23005
0.225586 0.230547
0.226074 0.231045
0.226562 0.231542
0.227051 0.23204
0.227539 0.232537
0.228027 0.233034
0.228516 0.233532
0.229004 0.234029
0.229492 0.234527
0.22998 0.235024
0.230469 0.235522
0.230957 0.236019
0.231445 0.236516
0.231934 0.237014
0.232422 0.237511
0.23291 0.238008
0.233398 0.238506
0.233887 0.239003
0.234375 0.2395
0.234863 0.239998
0.235352 0.240495
0.23584 0.240992
0.236328 0.24149
0.236816 0.241987
0.237305 0.242484
0.237793 0.242981
0.238281 0.243479
0.23877 0.243976
0.239258 0.244473
0.239746 0.24497
0.240234 0.245467
0.240723 0.245965
0.241211 0.246462
0.241699 0.246959
0.242188 0.247456
0.242676 0.247953
0.243164 0.24845
0.243652 0.248947
0.244141 0.249445
0.244629 0.249942
0.245117 0.250439
0.245605 0.250936
0.246094 0.251433
0.246582 0.25193
0.24707 0.252427
0.247559 0.252924
0.248047 0.253421
0.248535 0.253918
0.249023 0.254415
0.249512 0.254912
0.25 0.255409
0.250488 0.255906
0.250977 0.256403
0.251465 0.2569
0.251953 0.257397
0.252441 0.257894
0.25293 0.25839
0.253418 0.258887
0.253906 0.259384
0.254395 0.259881
0.254883 0.260378
0.255371 0.260875
0.255859 0.261372
0.256348 0.261868
0.256836 0.262365
0.257324 0.262862
0.257812 0.263359
0.258301 0.263856
0.258789 0.264352
0.259277 0.264849
0.259766 0.265346
0.260254 0.265842
0.260742 0.266339
0.26123 0.266836
0.261719 0.267333
0.262207 0.267829
0.262695 0.268326
0.263184 0.268823
0.263672 0.269319
0.26416 0.269816
0.264648 0.270312
0.265137 0.270809
0.265625 0.271306
0.266113 0.271802
0.266602 0.272299
0.26709 0.272795
0.267578 0.273292
0.268066 0.273788
0.268555 0.274285
0.269043 0.274781
0.269531 0.275278
0.27002 0.275774
0.270508 0.276271
0.270996 0.276767
0.271484 0.277264
0.271973 0.27776
0.272461 0.278257
0.272949 0.278753
0.273438 0.279249
0.273926 0.279746
0.274414 0.280242
0.274902 0.280738
0.275391 0.281235
0.275879 0.281731
0.276367 0.282227
0.276855 0.282724
0.277344 0.28322
0.277832 0.283716
0.27832 0.284213
0.278809 0.284709
0.279297 0.285205
0.279785 0.285701
0.280273 0.286197
0.280762 0.286694
0.28125 0.28719
0.281738 0.287686
0.282227 0.288182
0.282715 0.288678
0.283203 0.289174
0.283691 0.289671
0.28418 0.290167
0.284668 0.290663
0.285156 0.291159
0.285645 0.291655
0.286133 0.292151
0.286621 0.292647
0.287109 0.293143
0.287598 0.293639
0.288086 0.294135
0.288574 0.294631
0.289062 0.295127
0.289551 0.295623
0.290039 0.296119
0.290527 0.296615
0.291016 0.297111
0.291504 0.297607
0.291992 0.298102
0.29248 0.298598
0.292969 0.299094
0.293457 0.29959
0.293945 0.300086
0.294434 0.300582
0.294922 0.301078
0.29541 0.301573
0.295898 0.302069
0.296387 0.302565
0.296875 0.303061
0.297363 0.303556
0.297852 0.304052
0.29834 0.304548
0.298828 0.305043
0.299316 0.305539
0.299805 0.306035
0.300293 0.30653
0.300781 0.307026
0.30127 0.307522
0.301758 0.308017
0.302246 0.308513
0.302734 0.309008
0.303223 0.309504
0.303711 0.31
0.304199 0.310495
0.304688 0.310991
0.305176 0.311486
0.305664 0.311982
0.306152 0.312477
0.306641 0.312973
0.307129 0.313468
0.307617 0.313963
0.308105 0.314459
0.308594 0.314954
0.309082 0.31545
0.30957 0.315945
0.310059 0.31644
0.310547 0.316936
0.311035 0.317431
0.311523 0.317926
0.312012 0.318422
0.3125 0.318917
0.312988 0.319412
0.313477 0.319907
0.313965 0.320403
0.314453 0.320898
0.314941 0.321393
0.31543 0.321888
0.315918 0.322384
0.316406 0.322879
0.316895 0.323374
0.317383 0.323869
0.317871 0.324364
0.318359 0.324859
0.318848 0.325354
0.319336 0.325849
0.319824 0.326344
0.320312 0.326839
0.320801 0.327334
0.321289 0.327829
0.321777 0.328324
0.322266 0.328819
0.322754 0.329314
0.323242 0.329809
0.32373 0.330304
0.324219 0.330799
0.324707 0.331294
0.325195 0.331789
0.325684 0.332284
0.326172 0.332779
0.32666 0.333274
0.327148 0.333768
0.327637 0.334263
0.328125 0.334758
0.328613 0.335253
0.329102 0.335748
0.32959 0.336242
0.330078 0.336737
0.330566 0.337232
0.331055 0.337726
0.331543 0.338221
0.332031 0.338716
0.33252 0.33921
0.333008 0.339705
0.333496 0.3402
0.333984 0.340694
0.334473 0.341189
0.334961 0.341683
0.335449 0.342178
0.335938 0.342672
0.336426 0.343167
0.336914 0.343661
0.337402 0.344156
0.337891 0.34465
0.338379 0.345145
0.338867 0.345639
0.339355 0.346134
0.339844 0.346628
0.340332 0.347122
0.34082 0.347617
0.341309 0.348111
0.341797 0.348605
0.342285 0.3491
0.342773 0.349594
0.343262 0.350088
0.34375 0.350583
0.344238 0.351077
0.344727 0.351571
0.345215 0.352065
0.345703 0.35256
0.346191 0.353054
0.34668 0.353548
0.347168 0.354042
0.347656 0.354536
0.348145 0.35503
0.348633 0.355524
0.349121 0.356018
0.349609 0.356512
0.350098 0.357006
0.350586 0.357501
0.351074 0.357995
0.351562 0.358489
0.352051 0.358982
0.352539 0.359476
0.353027 0.35997
0.353516 0.360464
0.354004 0.360958
0.354492 0.361452
0.35498 0.361946
0.355469 0.36244
0.355957 0.362934
0.356445 0.363427
0.356934 0.363921
0.357422 0.364415
0.35791 0.364909
0.358398 0.365402
0.358887 0.365896
0.359375 0.36639
0.359863 0.366884
0.360352 0.367377
0.36084 0.367871
0.361328 0.368365
0.361816 0.368858
0.362305 0.369352
0.362793 0.369845
0.363281 0.370339
0.36377 0.370832
0.364258 0.371326
0.364746 0.371819
0.365234 0.372313
0.365723 0.372806
0.366211 0.3733
0.366699 0.373793
0.367188 0.374287
0.367676 0.37478
0.368164 0.375273
0.368652 0.375767
0.369141 0.37626
0.369629 0.376753
0.370117 0.377247
0.370605 0.37774
0.371094 0.378233
0.371582 0.378727
0.37207 0.37922
0.372559 0.379713
0.373047 0.380206
0.373535 0.380699
0.374023 0.381192
0.374512 0.381686
0.375 0.382179
0.375488 0.382672
0.375977 0.383165
0.376465 0.383658
0.376953 0.384151
0.377441 0.384644
0.37793 0.385137
0.378418 0.38563
0.378906 0.386123
0.379395 0.386616
0.379883 0.387109
0.380371 0.387602
0.380859 0.388095
0.381348 0.388587
0.381836 0.38908
0.382324 0.389573
0.382812 0.390066
0.383301 0.390559
0.383789 0.391051
0.384277 0.391544
0.384766 0.392037
0.385254 0.39253
0.385742 0.393022
0.38623 0.393515
0.386719 0.394008
0.387207 0.3945
0.387695 0.394993
0.388184 0.395485
0.388672 0.395978
0.38916 0.39647
0.389648 0.396963
0.390137 0.397455
0.390625 0.397948
0.391113 0.39844
0.391602 0.398933
0.39209 0.399425
0.392578 0.399918
0.393066 0.40041
0.393555 0.400902
0.394043 0.401395
0.394531 0.401887
0.39502 0.402379
0.395508 0.402872
0.395996 0.403364
0.396484 0.403856
0.396973 0.404348
0.397461 0.40484
0.397949 0.405333
0.398438 0.405825
0.398926 0.406317
0.399414 0.406809
0.399902 0.407301
0.400391 0.407793
0.400879 0.408285
0.401367 0.408777
0.401855 0.409269
0.402344 0.409761
0.402832 0.410253
0.40332 0.410745
0.403809 0.411237
0.404297 0.411729
0.404785 0.412221
0.405273 0.412713
0.405762 0.413204
0.40625 0.413696
0.406738 0.414188
0.407227 0.41468
0.407715 0.415172
0.408203 0.415663
0.408691 0.416155
0.40918 0.416647
0.409668 0.417138
0.410156 0.41763
0.410645 0.418122
0.411133 0.418613
0.411621 0.419105
0.412109 0.419596
0.412598 0.420088
0.413086 0.420579
0.413574 0.421071
0.414062 0.421562
0.414551 0.422054
0.415039 0.422545
0.415527 0.423037
0.416016 0.423528
0.416504 0.424019
0.416992 0.424511
0.41748 0.425002
0.417969 0.425493
0.418457 0.425984
0.418945 0.426476
0.419434 0.426967
0.419922 0.427458
0.42041 0.427949
0.420898 0.42844
0.421387 0.428932
0.421875 0.429423
0.422363 0.429914
0.422852 0.430405
0.42334 0.430896
0.423828 0.431387
0.424316 0.431878
0.424805 0.432369
0.425293 0.43286
0.425781 0.433351
0.42627 0.433842
0.426758 0.434332
0.427246 0.434823
0.427734 0.435314
0.428223 0.435805
0.428711 0.436296
0.429199 0.436786
0.429688 0.437277
0.430176 0.437768
0.430664 0.438259
0.431152 0.438749
0.431641 0.43924
0.432129 0.439731
0.432617 0.440221
0.433105 0.440712
0.433594 0.441202
0.434082 0.441693
0.43457 0.442183
0.435059 0.442674
0.435547 0.443164
0.436035 0.443655
0.436523 0.444145
0.437012 0.444635
0.4375 0.445126
0.437988 0.445616
0.438477 0.446106
0.438965 0.446597
0.439453 0.447087
0.439941 0.447577
0.44043 0.448067
0.440918 0.448558
0.441406 0.449048
0.441895 0.449538
0.442383 0.450028
0.442871 0.450518
0.443359 0.451008
0.443848 0.451498
0.444336 0.451988
0.444824 0.452478
0.445312 0.452968
0.445801 0.453458
0.446289 0.453948
0.446777 0.454438
0.447266 0.454928
0.447754 0.455418
0.448242 0.455907
0.44873 0.456397
0.449219 0.456887
0.449707 0.457377
0.450195 0.457866
0.450684 0.458356
0.451172 0.458846
0.45166 0.459335
0.452148 0.459825
0.452637 0.460315
0.453125 0.460804
0.453613 0.461294
0.454102 0.461783
0.45459 0.462273
0.455078 0.462762
0.455566 0.463251
0.456055 0.463741
0.456543 0.46423
0.457031 0.46472
0.45752 0.465209
0.458008 0.465698
0.458496 0.466188
0.458984 0.466677
0.459473 0.467166
0.459961 0.467655
0.460449 0.468144
0.460938 0.468634
0.461426 0.469123
0.461914 0.469612
0.462402 0.470101
0.462891 0.47059
0.463379 0.471079
0.463867 0.471568
0.464355 0.472057
0.464844 0.472546
0.465332 0.473035
0.46582 0.473524
0.466309 0.474012
0.466797 0.474501
0.467285 0.47499
0.467773 0.475479
0.468262 0.475968
0.46875 0.476456
0.469238 0.476945
0.469727 0.477434
0.470215 0.477922
0.470703 0.478411
0.471191 0.478899
0.47168 0.479388
0.472168 0.479877
0.472656 0.480365
0.473145 0.480854
0.473633 0.481342
0.474121 0.48183
0.474609 0.482319
0.475098 0.482807
0.475586 0.483295
0.476074 0.483784
0.476562 0.484272
0.477051 0.48476
0.477539 0.485249
0.478027 0.485737
0.478516 0.486225
0.479004 0.486713
0.479492 0.487201
0.47998 0.487689
0.480469 0.488177
0.480957 0.488665
0.481445 0.489153
0.481934 0.489641
0.482422 0.490129
0.48291 0.490617
0.483398 0.491105
0.483887 0.491593
0.484375 0.492081
0.484863 0.492569
0.485352 0.493056
0.48584 0.493544
0.486328 0.494032
0.486816 0.494519
0.487305 0.495007
0.487793 0.495495
0.488281 0.495982
0.48877 0.49647
0.489258 0.496957
0.489746 0.497445
0.490234 0.497932
0.490723 0.49842
0.491211 0.498907
0.491699 0.499394
0.492188 0.49988
0.492676 0.500365
0.493164 0.500846
0.493652 0.501321
0.494141 0.501778
0.494629 0.502199
0.495117 0.502534
0.495605 0.502677
0.496094 0.502385
0.496582 0.50111
0.49707 0.497624
0.497559 0.489207
0.498047 0.470026
0.498535 0.42844
0.499023 0.344964
0.499512 0.199587
0.5 3.0452e-14
0.500488 -0.199587
0.500977 -0.344964
0.501465 -0.42844
0.501953 -0.470026
0.502441 -0.489207
0.50293 -0.497624
0.503418 -0.50111
0.503906 -0.502385
0.504395 -0.502677
0.504883 -0.502534
0.505371 -0.502199
0.505859 -0.501778
0.506348 -0.501321
0.506836 -0.500846
0.507324 -0.500365
0.507812 -0.49988
0.508301 -0.499394
0.508789 -0.498907
0.509277 -0.49842
0.509766 -0.497932
0.510254 -0.497445
0.510742 -0.496957
0.51123 -0.49647
0.511719 -0.495982
0.512207 -0.495495
0.512695 -0.495007
0.513184 -0.494519
0.513672 -0.494032
0.51416 -0.493544
0.514648 -0.493056
0.515137 -0.492569
0.515625 -0.492081
0.516113 -0.491593
0.516602 -0.491105
0.51709 -0.490617
0.517578 -0.490129
0.518066 -0.489641
0.518555 -0.489153
0.519043 -0.488665
0.519531 -0.488177
0.52002 -0.487689
0.520508 -0.487201
0.520996 -0.486713
0.521484 -0.486225
0.521973 -0.485737
0.522461 -0.485249
0.522949 -0.48476
0.523438 -0.484272
0.523926 -0.483784
0.524414 -0.483295
0.524902 -0.482807
0.525391 -0.482319
0.525879 -0.48183
0.526367 -0.481342
0.526855 -0.480854
0.527344 -0.480365
0.527832 -0.479877
0.52832 -0.479388
0.528809 -0.478899
0.529297 -0.478411
0.529785 -0.477922
0.530273 -0.477434
0.530762 -0.476945
0.53125 -0.476456
0.531738 -0.475968
0.532227 -0.475479
0.532715 -0.47499
0.533203 -0.474501
0.533691 -0.474012
0.53418 -0.473524
0.534668 -0.473035
0.535156 -0.472546
0.535645 -0.472057
0.536133 -0.471568
0.536621 -0.471079
0.537109 -0.47059
0.537598 -0.470101
0.538086 -0.469612
0.538574 -0.469123
0.539062 -0.468634
0.539551 -0.468144
0.540039 -0.467655
0.540527 -0.467166
0.541016 -0.466677
0.541504 -0.466188
0.541992 -0.465698
0.54248 -0.465209
0.542969 -0.46472
0.543457 -0.46423
0.543945 -0.463741
0.544434 -0.463251
0.544922 -0.462762
0.54541 -0.462273
0.545898 -0.461783
0.546387 -0.461294
0.546875 -0.460804
0.547363 -0.460315
0.547852 -0.459825
0.54834 -0.459335
0.548828 -0.458846
0.549316 -0.458356
0.549805 -0.457866
0.550293 -0.457377
0.550781 -0.456887
0.55127 -0.456397
0.551758 -0.455907
0.552246 -0.455418
0.552734 -0.454928
0.553223 -0.454438
0.553711 -0.453948
0.554199 -0.453458
0.554688 -0.452968
0.555176 -0.452478
0.555664 -0.451988
0.556152 -0.451498
0.556641 -0.451008
0.557129 -0.450518
0.557617 -0.450028
0.558105 -0.449538
0.558594 -0.449048
0.559082 -0.448558
0.55957 -0.448067
0.560059 -0.447577
0.560547 -0.447087
0.561035 -0.446597
0.561523 -0.446106
0.562012 -0.445616
0.5625 -0.445126
0.562988 -0.444635
0.563477 -0.444145
0.563965 -0.443655
0.564453 -0.443164
0.564941 -0.442674
0.56543 -0.442183
0.565918 -0.441693
0.566406 -0.441202
0.566895 -0.440712
0.567383 -0.440221
0.567871 -0.439731
0.568359 -0.43924
0.568848 -0.438749
0.569336 -0.438259
0.569824 -0.437768
0.570312 -0.437277
0.570801 -0.436786
0.571289 -0.436296
0.571777 -0.435805
0.572266 -0.435314
0.572754 -0.434823
0.573242 -0.434332
0.57373 -0.433842
0.574219 -0.433351
0.574707 -0.43286
0.575195 -0.432369
0.575684 -0.431878
0.576172 -0.431387
0.57666 -0.430896
0.577148 -0.430405
0.577637 -0.429914
0.578125 -0.429423
0.578613 -0.428932
0.579102 -0.42844
0.57959 -0.427949
0.580078 -0.427458
0.580566 -0.426967
0.581055 -0.426476
0.581543 -0.425984
0.582031 -0.425493
0.58252 -0.425002
0.583008 -0.424511
0.583496 -0.424019
0.583984 -0.423528
0.584473 -0.423037
0.584961 -0.422545
0.585449 -0.422054
0.585938 -0.421562
0.586426 -0.421071
0.586914 -0.420579
0.587402 -0.420088
0.587891 -0.419596
0.588379 -0.419105
0.588867 -0.418613
0.589355 -0.418122
0.589844 -0.41763
0.590332 -0.417138
0.59082 -0.416647
0.591309 -0.416155
0.591797 -0.415663
0.592285 -0.415172
0.592773 -0.41468
0.593262 -0.414188
0.59375 -0.413696
0.594238 -0.413204
0.594727 -0.412713
0.595215 -0.412221
0.595703 -0.411729
0.596191 -0.411237
0.59668 -0.410745
0.597168 -0.410253
0.597656 -0.409761
0.598145 -0.409269
0.598633 -0.408777
0.599121 -0.408285
0.599609 -0.407793
0.600098 -0.407301
0.600586 -0.406809
0.601074 -0.406317
0.601562 -0.405825
0.602051 -0.405333
0.602539 -0.40484
0.603027 -0.404348
0.603516 -0.403856
0.604004 -0.403364
0.604492 -0.402872
0.60498 -0.402379
0.605469 -0.401887
0.605957 -0.401395
0.606445 -0.400902
0.606934 -0.40041
0.607422 -0.399918
0.60791 -0.399425
0.608398 -0.398933
0.608887 -0.39844
0.609375 -0.397948
0.609863 -0.397455
0.610352 -0.396963
0.61084 -0.39647
0.611328 -0.395978
0.611816 -0.395485
0.612305 -0.394993
0.612793 -0.3945
0.613281 -0.394008
0.61377 -0.393515
0.614258 -0.393022
0.614746 -0.39253
0.615234 -0.392037
0.615723 -0.391544
0.616211 -0.391051
0.616699 -0.390559
0.617188 -0.390066
0.617676 -0.389573
0.618164 -0.38908
0.618652 -0.388587
0.619141 -0.388095
0.619629 -0.387602
0.620117 -0.387109
0.620605 -0.386616
0.621094 -0.386123
0.621582 -0.38563
0.62207 -0.385137
0.622559 -0.384644
0.623047 -0.384151
0.623535 -0.383658
0.624023 -0.383165
0.624512 -0.382672
0.625 -0.382179
0.625488 -0.381686
0.625977 -0.381192
0.626465 -0.380699
0.626953 -0.380206
0.627441 -0.379713
0.62793 -0.37922
0.628418 -0.378727
0.628906 -0.378233
0.629395 -0.37774
0.629883 -0.377247
0.630371 -0.376753
0.630859 -0.37626
0.631348 -0.375767
0.631836 -0.375273
0.632324 -0.37478
0.632812 -0.374287
0.633301 -0.373793
0.633789 -0.3733
0.634277 -0.372806
0.634766 -0.372313
0.635254 -0.371819
0.635742 -0.371326
0.63623 -0.370832
0.636719 -0.370339
0.637207 -0.369845
0.637695 -0.369352
0.638184 -0.368858
0.638672 -0.368365
0.63916 -0.367871
0.639648 -0.367377
0.640137 -0.366884
0.640625 -0.36639
0.641113 -0.365896
0.641602 -0.365402
0.64209 -0.364909
0.642578 -0.364415
0.643066 -0.363921
0.643555 -0.363427
0.644043 -0.362934
0.644531 -0.36244
0.64502 -0.361946
0.645508 -0.361452
0.645996 -0.360958
0.646484 -0.360464
0.646973 -0.35997
0.647461 -0.359476
0.647949 -0.358982
0.648438 -0.358489
0.648926 -0.357995
0.649414 -0.357501
0.649902 -0.357006
0.650391 -0.356512
0.650879 -0.356018
0.651367 -0.355524
0.651855 -0.35503
0.652344 -0.354536
0.652832 -0.354042
0.65332 -0.353548
0.653809 -0.353054
0.654297 -0.35256
0.654785 -0.352065
0.655273 -0.351571
0.655762 -0.351077
0.65625 -0.350583
0.656738 -0.350088
0.657227 -0.349594
0.657715 -0.3491
0.658203 -0.348605
0.658691 -0.348111
0.65918 -0.347617
0.659668 -0.347122
0.660156 -0.346628
0.660645 -0.346134
0.661133 -0.345639
0.661621 -0.345145
0.662109 -0.34465
0.662598 -0.344156
0.663086 -0.343661
0.663574 -0.343167
0.664062 -0.342672
0.664551 -0.342178
0.665039 -0.341683
0.665527 -0.341189
0.666016 -0.340694
0.666504 -0.3402
0.666992 -0.339705
0.66748 -0.33921
0.667969 -0.338716
0.668457 -0.338221
0.668945 -0.337726
0.669434 -0.337232
0.669922 -0.336737
0.67041 -0.336242
0.670898 -0.335748
0.671387 -0.335253
0.671875 -0.334758
0.672363 -0.334263
0.672852 -0.333768
0.67334 -0.333274
0.673828 -0.332779
0.674316 -0.332284
0.674805 -0.331789
0.675293 -0.331294
0.675781 -0.330799
0.67627 -0.330304
0.676758 -0.329809
0.677246 -0.329314
0.677734 -0.328819
0.678223 -0.328324
0.678711 -0.327829
0.679199 -0.327334
0.679688 -0.326839
0.680176 -0.326344
0.680664 -0.325849
0.681152 -0.325354
0.681641 -0.324859
0.682129 -0.324364
0.682617 -0.323869
0.683105 -0.323374
0.683594 -0.322879
0.684082 -0.322384
0.68457 -0.321888
0.685059 -0.321393
0.685547 -0.320898
0.686035 -0.320403
0.686523 -0.319907
0.687012 -0.319412
0.6875 -0.318917
0.687988 -0.318422
0.688477 -0.317926
0.688965 -0.317431
0.689453 -0.316936
0.689941 -0.31644
0.69043 -0.315945
0.690918 -0.31545
0.691406 -0.314954
0.691895 -0.314459
0.692383 -0.313963
0.692871 -0.313468
0.693359 -0.312973
0.693848 -0.312477
0.694336 -0.311982
0.694824 -0.311486
0.695312 -0.310991
0.695801 -0.310495
0.696289 -0.31
0.696777 -0.309504
0.697266 -0.309008
0.697754 -0.308513
0.698242 -0.308017
0.69873 -0.307522
0.699219 -0.307026
0.699707 -0.30653
0.700195 -0.306035
0.700684 -0.305539
0.701172 -0.305043
0.70166 -0.304548
0.702148 -0.304052
0.702637 -0.303556
0.703125 -0.303061
0.703613 -0.302565
0.704102 -0.302069
0.70459 -0.301573
0.705078 -0.301078
0.705566 -0.300582
0.706055 -0.300086
0.706543 -0.29959
0.707031 -0.299094
0.70752 -0.298598
0.708008 -0.298102
0.708496 -0.297607
0.708984 -0.297111
0.709473 -0.296615
0.709961 -0.296119
0.710449 -0.295623
0.710938 -0.295127
0.711426 -0.294631
0.711914 -0.294135
0.712402 -0.293639
0.712891 -0.293143
0.713379 -0.292647
0.713867 -0.292151
0.714355 -0.291655
0.714844 -0.291159
0.715332 -0.290663
0.71582 -0.290167
0.716309 -0.289671
0.716797 -0.289174
0.717285 -0.288678
0.717773 -0.288182
0.718262 -0.287686
0.71875 -0.28719
0.719238 -0.286694
0.719727 -0.286197
0.720215 -0.285701
0.720703 -0.285205
0.721191 -0.284709
0.72168 -0.284213
0.722168 -0.283716
0.722656 -0.28322
0.723145 -0.282724
0.723633 -0.282227
0.724121 -0.281731
0.724609 -0.281235
0.725098 -0.280738
0.725586 -0.280242
0.726074 -0.279746
0.726562 -0.279249
0.727051 -0.278753
0.727539 -0.278257
0.728027 -0.27776
0.728516 -0.277264
0.729004 -0.276767
0.729492 -0.276271
0.72998 -0.275774
0.730469 -0.275278
0.730957 -0.274781
0.731445 -0.274285
0.731934 -0.273788
0.732422 -0.273292
0.73291 -0.272795
0.733398 -0.272299
0.733887 -0.271802
0.734375 -0.271306
0.734863 -0.270809
0.735352 -0.270312
0.73584 -0.269816
0.736328 -0.269319
0.736816 -0.268823
0.737305 -0.268326
0.737793 -0.267829
0.738281 -0.267333
0.73877 -0.266836
0.739258 -0.266339
0.739746 -0.265842
0.740234 -0.265346
0.740723 -0.264849
0.741211 -0.264352
0.741699 -0.263856
0.742188 -0.263359
0.742676 -0.262862
0.743164 -0.262365
0.743652 -0.261868
0.744141 -0.261372
0.744629 -0.260875
0.745117 -0.260378
0.745605 -0.259881
0.746094 -0.259384
0.746582 -0.258887
0.74707 -0.25839
0.747559 -0.257894
0.748047 -0.257397
0.748535 -0.2569
0.749023 -0.256403
0.749512 -0.255906
0.75 -0.255409
0.750488 -0.254912
0.750977 -0.254415
0.751465 -0.253918
0.751953 -0.253421
0.752441 -0.252924
0.75293 -0.252427
0.753418 -0.25193
0.753906 -0.251433
0.754395 -0.250936
0.754883 -0.250439
0.755371 -0.249942
0.755859 -0.249445
0.756348 -0.248947
0.756836 -0.24845
0.757324 -0.247953
0.757812 -0.247456
0.758301 -0.246959
0.758789 -0.246462
0.759277 -0.245965
0.759766 -0.245467
0.760254 -0.24497
0.760742 -0.244473
0.76123 -0.243976
0.761719 -0.243479
0.762207 -0.242981
0.762695 -0.242484
0.763184 -0.241987
0.763672 -0.24149
0.76416 -0.240992
0.764648 -0.240495
0.765137 -0.239998
0.765625 -0.2395
0.766113 -0.239003
0.766602 -0.238506
0.76709 -0.238008
0.767578 -0.237511
0.768066 -0.237014
0.768555 -0.236516
0.769043 -0.236019
0.769531 -0.235522
0.77002 -0.235024
0.770508 -0.234527
0.770996 -0.234029
0.771484 -0.233532
0.771973 -0.233034
0.772461 -0.232537
0.772949 -0.23204
0.773438 -0.231542
0.773926 -0.231045
0.774414 -0.230547
0.774902 -0.23005
0.775391 -0.229552
0.775879 -0.229055
0.776367 -0.228557
0.776855 -0.228059
0.777344 -0.227562
0.777832 -0.227064
0.77832 -0.226567
0.778809 -0.226069
0.779297 -0.225572
0.779785 -0.225074
0.780273 -0.224576
0.780762 -0.224079
0.78125 -0.223581
0.781738 -0.223083
0.782227 -0.222586
0.782715 -0.222088
0.783203 -0.22159
0.783691 -0.221093
0.78418 -0.220595
0.784668 -0.220097
0.785156 -0.2196
0.785645 -0.219102
0.786133 -0.218604
0.786621 -0.218106
0.787109 -0.217609
0.787598 -0.217111
0.788086 -0.216613
0.788574 -0.216115
0.789062 -0.215618
0.789551 -0.21512
0.790039 -0.214622
0.790527 -0.214124
0.791016 -0.213626
0.791504 -0.213129
0.791992 -0.212631
0.79248 -0.212133
0.792969 -0.211635
0.793457 -0.211137
0.793945 -0.210639
0.794434 -0.210141
0.794922 -0.209643
0.79541 -0.209146
0.795898 -0.208648
0.796387 -0.20815
0.796875 -0.207652
0.797363 -0.207154
0.797852 -0.206656
0.79834 -0.206158
0.798828 -0.20566
0.799316 -0.205162
0.799805 -0.204664
0.800293 -0.204166
0.800781 -0.203668
0.80127 -0.20317
0.801758 -0.202672
0.802246 -0.202174
0.802734 -0.201676
0.803223 -0.201178
0.803711 -0.20068
0.804199 -0.200182
0.804688 -0.199684
0.805176 -0.199186
0.805664 -0.198687
0.806152 -0.198189
0.806641 -0.197691
0.807129 -0.197193
0.807617 -0.196695
0.808105 -0.196197
0.808594 -0.195699
0.809082 -0.195201
0.80957 -0.194702
0.810059 -0.194204
0.810547 -0.193706
0.811035 -0.193208
0.811523 -0.19271
0.812012 -0.192212
0.8125 -0.191713
0.812988 -0.191215
0.813477 -0.190717
0.813965 -0.190219
0.814453 -0.18972
0.814941 -0.189222
0.81543 -0.188724
0.815918 -0.188226
0.816406 -0.187727
0.816895 -0.187229
0.817383 -0.186731
0.817871 -0.186232
0.818359 -0.185734
0.818848 -0.185236
0.819336 -0.184738
0.819824 -0.184239
0.820312 -0.183741
0.820801 -0.183243
0.821289 -0.182744
0.821777 -0.182246
0.822266 -0.181747
0.822754 -0.181249
0.823242 -0.180751
0.82373 -0.180252
0.824219 -0.179754
0.824707 -0.179256
0.825195 -0.178757
0.825684 -0.178259
0.826172 -0.17776
0.82666 -0.177262
0.827148 -0.176763
0.827637 -0.176265
0.828125 -0.175767
0.828613 -0.175268
0.829102 -0.17477
0.82959 -0.174271
0.830078 -0.173773
0.830566 -0.173274
0.831055 -0.172776
0.831543 -0.172277
0.832031 -0.171779
0.83252 -0.17128
0.833008 -0.170782
0.833496 -0.170283
0.833984 -0.169785
0.834473 -0.169286
0.834961 -0.168787
0.835449 -0.168289
0.835938 -0.16779
0.836426 -0.167292
0.836914 -0.166793
0.837402 -0.166295
0.837891 -0.165796
0.838379 -0.165297
0.838867 -0.164799
0.839355 -0.1643
0.839844 -0.163802
0.840332 -0.163303
0.84082 -0.162804
0.841309 -0.162306
0.841797 -0.161807
0.842285 -0.161308
0.842773 -0.16081
0.843262 -0.160311
0.84375 -0.159812
0.844238 -0.159314
0.844727 -0.158815
0.845215 -0.158316
0.845703 -0.157818
0.846191 -0.157319
0.84668 -0.15682
0.847168 -0.156322
0.847656 -0.155823
0.848145 -0.155324
0.848633 -0.154825
0.849121 -0.154327
0.849609 -0.153828
0.850098 -0.153329
0.850586 -0.152831
0.851074 -0.152332
0.851562 -0.151833
0.852051 -0.151334
0.852539 -0.150835
0.853027 -0.150337
0.853516 -0.149838
0.854004 -0.149339
0.854492 -0.14884
0.85498 -0.148342
0.855469 -0.147843
0.855957 -0.147344
0.856445 -0.146845
0.856934 -0.146346
0.857422 -0.145848
0.85791 -0.145349
0.858398 -0.14485
0.858887 -0.144351
0.859375 -0.143852
0.859863 -0.143353
0.860352 -0.142854
0.86084 -0.142356
0.861328 -0.141857
0.861816 -0.141358
0.862305 -0.140859
0.862793 -0.14036
0.863281 -0.139861
0.86377 -0.139362
0.864258 -0.138864
0.864746 -0.138365
0.865234 -0.137866
0.865723 -0.137367
0.866211 -0.136868
0.866699 -0.136369
0.867188 -0.13587
0.867676 -0.135371
0.868164 -0.134872
0.868652 -0.134373
0.869141 -0.133875
0.869629 -0.133376
0.870117 -0.132877
0.870605 -0.132378
0.871094 -0.131879
0.871582 -0.13138
0.87207 -0.130881
0.872559 -0.130382
0.873047 -0.129883
0.873535 -0.129384
0.874023 -0.128885
0.874512 -0.128386
0.875 -0.127887
0.875488 -0.127388
0.875977 -0.126889
0.876465 -0.12639
0.876953 -0.125891
0.877441 -0.125392
0.87793 -0.124893
0.878418 -0.124394
0.878906 -0.123895
0.879395 -0.123396
0.879883 -0.122898
0.880371 -0.122399
0.880859 -0.1219
0.881348 -0.121401
0.881836 -0.120902
0.882324 -0.120403
0.882812 -0.119904
0.883301 -0.119405
0.883789 -0.118906
0.884277 -0.118407
0.884766 -0.117908
0.885254 -0.117409
0.885742 -0.11691
0.88623 -0.116411
0.886719 -0.115912
0.887207 -0.115413
0.887695 -0.114914
0.888184 -0.114415
0.888672 -0.113916
0.88916 -0.113417
0.889648 -0.112918
0.890137 -0.112419
0.890625 -0.11192
0.891113 -0.11142
0.891602 -0.110921
0.89209 -0.110422
0.892578 -0.109923
0.893066 -0.109424
0.893555 -0.108925
0.894043 -0.108426
0.894531 -0.107927
0.89502 -0.107428
0.895508 -0.106929
0.895996 -0.10643
0.896484 -0.105931
0.896973 -0.105432
0.897461 -0.104933
0.897949 -0.104434
0.898438 -0.103935
0.898926 -0.103436
0.899414 -0.102937
0.899902 -0.102438
0.900391 -0.101939
0.900879 -0.10144
0.901367 -0.100941
0.901855 -0.100442
0.902344 -0.0999433
0.902832 -0.0994443
0.90332 -0.0989453
0.903809 -0.0984463
0.904297 -0.0979473
0.904785 -0.0974483
0.905273 -0.0969493
0.905762 -0.0964503
0.90625 -0.0959514
0.906738 -0.0954524
0.907227 -0.0949534
0.907715 -0.0944544
0.908203 -0.0939554
0.908691 -0.0934565
0.90918 -0.0929575
0.909668 -0.0924585
0.910156 -0.0919596
0.910645 -0.0914606
0.911133 -0.0909616
0.911621 -0.0904627
0.912109 -0.0899637
0.912598 -0.0894648
0.913086 -0.0889658
0.913574 -0.0884669
0.914062 -0.087968
0.914551 -0.087469
0.915039 -0.0869701
0.915527 -0.0864712
0.916016 -0.0859722
0.916504 -0.0854733
0.916992 -0.0849744
0.91748 -0.0844755
0.917969 -0.0839766
0.918457 -0.0834777
0.918945 -0.0829788
0.919434 -0.0824799
0.919922 -0.081981
0.92041 -0.0814821
0.920898 -0.0809832
0.921387 -0.0804844
0.921875 -0.0799855
0.922363 -0.0794866
0.922852 -0.0789878
0.92334 -0.0784889
0.923828 -0.0779901
0.924316 -0.0774912
0.924805 -0.0769924
0.925293 -0.0764935
0.925781 -0.0759947
0.92627 -0.0754959
0.926758 -0.0749971
0.927246 -0.0744982
0.927734 -0.0739994
0.928223 -0.0735006
0.928711 -0.0730018
0.929199 -0.0725031
0.929688 -0.0720043
0.930176 -0.0715055
0.930664 -0.0710067
0.931152 -0.070508
0.931641 -0.0700092
0.932129 -0.0695104
0.932617 -0.0690117
0.933105 -0.068513
0.933594 -0.0680142
0.934082 -0.0675155
0.93457 -0.0670168
0.935059 -0.0665181
0.935547 -0.0660193
0.936035 -0.0655206
0.936523 -0.065022
0.937012 -0.0645233
0.9375 -0.0640246
0.937988 -0.0635259
0.938477 -0.0630272
0.938965 -0.0625286
0.939453 -0.0620299
0.939941 -0.0615313
0.94043 -0.0610326
0.940918 -0.060534
0.941406 -0.0600354
0.941895 -0.0595368
0.942383 -0.0590382
0.942871 -0.0585396
0.943359 -0.058041
0.943848 -0.0575424
0.944336 -0.0570438
0.944824 -0.0565452
0.945312 -0.0560467
0.945801 -0.0555481
0.946289 -0.0550495
0.946777 -0.054551
0.947266 -0.0540525
0.947754 -0.0535539
0.948242 -0.0530554
0.94873 -0.0525569
0.949219 -0.0520584
0.949707 -0.0515599
0.950195 -0.0510614
0.950684 -0.0505629
0.951172 -0.0500645
0.95166 -0.049566
0.952148 -0.0490675
0.952637 -0.0485691
0.953125 -0.0480706
0.953613 -0.0475722
0.954102 -0.0470738
0.95459 -0.0465754
0.955078 -0.0460769
0.955566 -0.0455785
0.956055 -0.0450801
0.956543 -0.0445817
0.957031 -0.0440834
0.95752 -0.043585
0.958008 -0.0430866
0.958496 -0.0425883
0.958984 -0.0420899
0.959473 -0.0415916
0.959961 -0.0410932
0.960449 -0.0405949
0.960938 -0.0400966
0.961426 -0.0395983
0.961914 -0.0390999
0.962402 -0.0386016
0.962891 -0.0381033
0.963379 -0.0376051
0.963867 -0.0371068
0.964355 -0.0366085
0.964844 -0.0361102
0.965332 -0.035612
0.96582 -0.0351137
0.966309 -0.0346155
0.966797 -0.0341173
0.967285 -0.033619
0.967773 -0.0331208
0.968262 -0.0326226
0.96875 -0.0321244
0.969238 -0.0316262
0.969727 -0.031128
0.970215 -0.0306298
0.970703 -0.0301316
0.971191 -0.0296334
0.97168 -0.0291352
0.972168 -0.0286371
0.972656 -0.0281389
0.973145 -0.0276408
0.973633 -0.0271426
0.974121 -0.0266445
0.974609 -0.0261463
0.975098 -0.0256482
0.975586 -0.0251501
0.976074 -0.024652
0.976562 -0.0241539
0.977051 -0.0236558
0.977539 -0.0231577
0.978027 -0.0226596
0.978516 -0.0221615
0.979004 -0.0216634
0.979492 -0.0211653
0.97998 -0.0206672
0.980469 -0.0201692
0.980957 -0.0196711
0.981445 -0.019173
0.981934 -0.018675
0.982422 -0.0181769
0.98291 -0.0176789
0.983398 -0.0171808
0.983887 -0.0166828
0.984375 -0.0161847
0.984863 -0.0156867
0.985352 -0.0151887
0.98584 -0.0146907
0.986328 -0.0141926
0.986816 -0.0136946
0.987305 -0.0131966
0.987793 -0.0126986
0.988281 -0.0122006
0.98877 -0.0117026
0.989258 -0.0112046
0.989746 -0.0107066
0.990234 -0.0102086
0.990723 -0.00971057
0.991211 -0.00921258
0.991699 -0.00871459
0.992188 -0.0082166
0.992676 -0.00771862
0.993164 -0.00722063
0.993652 -0.00672265
0.994141 -0.00622467
0.994629 -0.00572669
0.995117 -0.00522871
0.995605 -0.00473073
0.996094 -0.00423276
0.996582 -0.00373479
0.99707 -0.00323681
0.997559 -0.00273884
0.998047 -0.00224087
0.998535 -0.0017429
0.999023 -0.00124493
0.999512 -0.000746955
1 -0.000248985
