0 0.00129596
0.000488281 0.00388929
0.000976562 0.00648682
0.00146484 0.00909108
0.00195312 0.0117042
0.00244141 0.014328
0.00292969 0.0169634
0.00341797 0.0196113
0.00390625 0.0222716
0.00439453 0.024944
0.00488281 0.0276278
0.00537109 0.030322
0.00585938 0.0330253
0.00634766 0.0357365
0.00683594 0.0384544
0.00732422 0.0411776
0.0078125 0.043905
0.00830078 0.0466357
0.00878906 0.0493688
0.00927734 0.0521037
0.00976562 0.0548397
0.0102539 0.0575764
0.0107422 0.0603135
0.0112305 0.0630507
0.0117188 0.0657879
0.012207 0.0685249
0.0126953 0.0712615
0.0131836 0.0739978
0.0136719 0.0767336
0.0141602 0.0794689
0.0146484 0.0822038
0.0151367 0.084938
0.015625 0.0876718
0.0161133 0.0904049
0.0166016 0.0931374
0.0170898 0.0958693
0.0175781 0.0986006
0.0180664 0.101331
0.0185547 0.104061
0.019043 0.10679
0.0195312 0.109519
0.0200195 0.112247
0.0205078 0.114974
0.0209961 0.1177
0.0214844 0.120425
0.0219727 0.12315
0.0224609 0.125874
0.0229492 0.128597
0.0234375 0.131319
0.0239258 0.13404
0.0244141 0.13676
0.0249023 0.139479
0.0253906 0.142198
0.0258789 0.144915
0.0263672 0.147632
0.0268555 0.150347
0.0273438 0.153062
0.027832 0.155775
0.0283203 0.158487
0.0288086 0.161199
0.0292969 0.163909
0.0297852 0.166618
0.0302734 0.169326
0.0307617 0.172033
0.03125 0.174738
0.0317383 0.177443
0.0322266 0.180146
0.0327148 0.182848
0.0332031 0.185549
0.0336914 0.188249
0.0341797 0.190947
0.034668 0.193644
0.0351562 0.19634
0.0356445 0.199034
0.0361328 0.201727
0.0366211 0.204419
0.0371094 0.207109
0.0375977 0.209798
0.0380859 0.212485
0.0385742 0.215171
0.0390625 0.217856
0.0395508 0.220539
0.0400391 0.22322
0.0405273 0.225901
0.0410156 0.228579
0.0415039 0.231256
0.0419922 0.233931
0.0424805 0.236605
0.0429688 0.239277
0.043457 0.241948
0.0439453 0.244617
0.0444336 0.247284
0.0449219 0.24995
0.0454102 0.252614
0.0458984 0.255276
0.0463867 0.257936
0.046875 0.260595
0.0473633 0.263252
0.0478516 0.265907
0.0483398 0.26856
0.0488281 0.271212
0.0493164 0.273861
0.0498047 0.276509
0.050293 0.279155
0.0507812 0.281799
0.0512695 0.284441
0.0517578 0.287081
0.0522461 0.289719
0.0527344 0.292355
0.0532227 0.29499
0.0537109 0.297622
0.0541992 0.300252
0.0546875 0.30288
0.0551758 0.305506
0.0556641 0.30813
0.0561523 0.310752
0.0566406 0.313372
0.0571289 0.315989
0.0576172 0.318604
0.0581055 0.321218
0.0585938 0.323829
0.059082 0.326437
0.0595703 0.329044
0.0600586 0.331648
0.0605469 0.33425
0.0610352 0.33685
0.0615234 0.339448
0.0620117 0.342043
0.0625 0.344635
0.0629883 0.347226
0.0634766 0.349814
0.0639648 0.352399
0.0644531 0.354983
0.0649414 0.357563
0.0654297 0.360142
0.065918 0.362717
0.0664062 0.365291
0.0668945 0.367862
0.0673828 0.37043
0.0678711 0.372996
0.0683594 0.375559
0.0688477 0.378119
0.0693359 0.380677
0.0698242 0.383233
0.0703125 0.385785
0.0708008 0.388335
0.0712891 0.390883
0.0717773 0.393427
0.0722656 0.395969
0.0727539 0.398508
0.0732422 0.401045
0.0737305 0.403578
0.0742188 0.406109
0.074707 0.408637
0.0751953 0.411163
0.0756836 0.413685
0.0761719 0.416205
0.0766602 0.418721
0.0771484 0.421235
0.0776367 0.423746
0.078125 0.426254
0.0786133 0.428759
0.0791016 0.431261
0.0795898 0.43376
0.0800781 0.436255
0.0805664 0.438748
0.0810547 0.441238
0.081543 0.443725
0.0820312 0.446209
0.0825195 0.448689
0.0830078 0.451167
0.0834961 0.453641
0.0839844 0.456112
0.0844727 0.45858
0.0849609 0.461045
0.0854492 0.463507
0.0859375 0.465965
0.0864258 0.46842
0.0869141 0.470872
0.0874023 0.47332
0.0878906 0.475766
0.0883789 0.478208
0.0888672 0.480646
0.0893555 0.483081
0.0898438 0.485513
0.090332 0.487941
0.0908203 0.490366
0.0913086 0.492788
0.0917969 0.495206
0.0922852 0.497621
0.0927734 0.500032
0.0932617 0.502439
0.09375 0.504843
0.0942383 0.507244
0.0947266 0.509641
0.0952148 0.512034
0.0957031 0.514424
0.0961914 0.51681
0.0966797 0.519193
0.097168 0.521571
0.0976562 0.523946
0.0981445 0.526318
0.0986328 0.528686
0.0991211 0.53105
0.0996094 0.53341
0.100098 0.535766
0.100586 0.538119
0.101074 0.540468
0.101562 0.542813
0.102051 0.545154
0.102539 0.547491
0.103027 0.549825
0.103516 0.552154
0.104004 0.55448
0.104492 0.556802
0.10498 0.559119
0.105469 0.561433
0.105957 0.563743
0.106445 0.566049
0.106934 0.56835
0.107422 0.570648
0.10791 0.572942
0.108398 0.575231
0.108887 0.577517
0.109375 0.579798
0.109863 0.582075
0.110352 0.584348
0.11084 0.586617
0.111328 0.588882
0.111816 0.591142
0.112305 0.593398
0.112793 0.59565
0.113281 0.597898
0.11377 0.600141
0.114258 0.60238
0.114746 0.604615
0.115234 0.606845
0.115723 0.609071
0.116211 0.611293
0.116699 0.61351
0.117188 0.615723
0.117676 0.617931
0.118164 0.620135
0.118652 0.622335
0.119141 0.62453
0.119629 0.62672
0.120117 0.628906
0.120605 0.631087
0.121094 0.633264
0.121582 0.635436
0.12207 0.637604
0.122559 0.639767
0.123047 0.641925
0.123535 0.644079
0.124023 0.646228
0.124512 0.648373
0.125 0.650512
0.125488 0.652647
0.125977 0.654777
0.126465 0.656903
0.126953 0.659023
0.127441 0.661139
0.12793 0.66325
0.128418 0.665356
0.128906 0.667457
0.129395 0.669554
0.129883 0.671645
0.130371 0.673732
0.130859 0.675813
0.131348 0.67789
0.131836 0.679962
0.132324 0.682029
0.132812 0.68409
0.133301 0.686147
0.133789 0.688199
0.134277 0.690245
0.134766 0.692287
0.135254 0.694323
0.135742 0.696355
0.13623 0.698381
0.136719 0.700402
0.137207 0.702418
0.137695 0.704428
0.138184 0.706434
0.138672 0.708434
0.13916 0.710429
0.139648 0.712419
0.140137 0.714403
0.140625 0.716383
0.141113 0.718356
0.141602 0.720325
0.14209 0.722288
0.142578 0.724246
0.143066 0.726198
0.143555 0.728145
0.144043 0.730087
0.144531 0.732023
0.14502 0.733954
0.145508 0.735879
0.145996 0.737799
0.146484 0.739713
0.146973 0.741621
0.147461 0.743525
0.147949 0.745422
0.148438 0.747314
0.148926 0.7492
0.149414 0.751081
0.149902 0.752956
0.150391 0.754825
0.150879 0.756689
0.151367 0.758547
0.151855 0.7604
0.152344 0.762246
0.152832 0.764087
0.15332 0.765922
0.153809 0.767751
0.154297 0.769575
0.154785 0.771392
0.155273 0.773204
0.155762 0.77501
0.15625 0.77681
0.156738 0.778604
0.157227 0.780393
0.157715 0.782175
0.158203 0.783951
0.158691 0.785722
0.15918 0.787486
0.159668 0.789245
0.160156 0.790997
0.160645 0.792743
0.161133 0.794484
0.161621 0.796218
0.162109 0.797946
0.162598 0.799668
0.163086 0.801384
0.163574 0.803094
0.164062 0.804797
0.164551 0.806495
0.165039 0.808186
0.165527 0.809871
0.166016 0.81155
0.166504 0.813222
0.166992 0.814889
0.16748 0.816549
0.167969 0.818202
0.168457 0.81985
0.168945 0.821491
0.169434 0.823125
0.169922 0.824754
0.17041 0.826375
0.170898 0.827991
0.171387 0.8296
0.171875 0.831203
0.172363 0.832799
0.172852 0.834388
0.17334 0.835971
0.173828 0.837548
0.174316 0.839118
0.174805 0.840682
0.175293 0.842239
0.175781 0.843789
0.17627 0.845333
0.176758 0.84687
0.177246 0.848401
0.177734 0.849924
0.178223 0.851442
0.178711 0.852952
0.179199 0.854456
0.179688 0.855953
0.180176 0.857443
0.180664 0.858927
0.181152 0.860404
0.181641 0.861874
0.182129 0.863337
0.182617 0.864793
0.183105 0.866243
0.183594 0.867685
0.184082 0.869121
0.18457 0.87055
0.185059 0.871972
0.185547 0.873387
0.186035 0.874795
0.186523 0.876196
0.187012 0.87759
0.1875 0.878977
0.187988 0.880357
0.188477 0.88173
0.188965 0.883096
0.189453 0.884455
0.189941 0.885807
0.19043 0.887152
0.190918 0.88849
0.191406 0.88982
0.191895 0.891143
0.192383 0.89246
0.192871 0.893769
0.193359 0.89507
0.193848 0.896365
0.194336 0.897652
0.194824 0.898932
0.195312 0.900205
0.195801 0.90147
0.196289 0.902729
0.196777 0.903979
0.197266 0.905223
0.197754 0.906459
0.198242 0.907688
0.19873 0.908909
0.199219 0.910123
0.199707 0.91133
0.200195 0.912529
0.200684 0.913721
0.201172 0.914905
0.20166 0.916082
0.202148 0.917251
0.202637 0.918412
0.203125 0.919567
0.203613 0.920713
0.204102 0.921852
0.20459 0.922984
0.205078 0.924108
0.205566 0.925224
0.206055 0.926332
0.206543 0.927433
0.207031 0.928527
0.20752 0.929612
0.208008 0.93069
0.208496 0.93176
0.208984 0.932823
0.209473 0.933877
0.209961 0.934924
0.210449 0.935963
0.210938 0.936995
0.211426 0.938018
0.211914 0.939034
0.212402 0.940042
0.212891 0.941042
0.213379 0.942034
0.213867 0.943018
0.214355 0.943994
0.214844 0.944963
0.215332 0.945923
0.21582 0.946876
0.216309 0.94782
0.216797 0.948757
0.217285 0.949685
0.217773 0.950606
0.218262 0.951518
0.21875 0.952423
0.219238 0.953319
0.219727 0.954208
0.220215 0.955088
0.220703 0.95596
0.221191 0.956824
0.22168 0.95768
0.222168 0.958528
0.222656 0.959367
0.223145 0.960198
0.223633 0.961021
0.224121 0.961836
0.224609 0.962643
0.225098 0.963442
0.225586 0.964232
0.226074 0.965014
0.226562 0.965787
0.227051 0.966553
0.227539 0.96731
0.228027 0.968058
0.228516 0.968799
0.229004 0.96953
0.229492 0.970254
0.22998 0.970969
0.230469 0.971676
0.230957 0.972374
0.231445 0.973064
0.231934 0.973746
0.232422 0.974419
0.23291 0.975083
0.233398 0.975739
0.233887 0.976387
0.234375 0.977026
0.234863 0.977656
0.235352 0.978278
0.23584 0.978891
0.236328 0.979496
0.236816 0.980092
0.237305 0.98068
0.237793 0.981259
0.238281 0.981829
0.23877 0.982391
0.239258 0.982944
0.239746 0.983488
0.240234 0.984024
0.240723 0.98455
0.241211 0.985069
0.241699 0.985578
0.242188 0.986079
0.242676 0.986571
0.243164 0.987054
0.243652 0.987528
0.244141 0.987994
0.244629 0.988451
0.245117 0.988899
0.245605 0.989338
0.246094 0.989768
0.246582 0.990189
0.24707 0.990602
0.247559 0.991006
0.248047 0.9914
0.248535 0.991786
0.249023 0.992163
0.249512 0.992531
0.25 0.99289
0.250488 0.99324
0.250977 0.993581
0.251465 0.993913
0.251953 0.994236
0.252441 0.99455
0.25293 0.994855
0.253418 0.995151
0.253906 0.995438
0.254395 0.995716
0.254883 0.995984
0.255371 0.996244
0.255859 0.996495
0.256348 0.996736
0.256836 0.996968
0.257324 0.997192
0.257812 0.997406
0.258301 0.99761
0.258789 0.997806
0.259277 0.997993
0.259766 0.99817
0.260254 0.998338
0.260742 0.998497
0.26123 0.998647
0.261719 0.998787
0.262207 0.998918
0.262695 0.99904
0.263184 0.999153
0.263672 0.999256
0.26416 0.99935
0.264648 0.999435
0.265137 0.99951
0.265625 0.999576
0.266113 0.999633
0.266602 0.99968
0.26709 0.999718
0.267578 0.999747
0.268066 0.999766
0.268555 0.999776
0.269043 0.999776
0.269531 0.999767
0.27002 0.999749
0.270508 0.999721
0.270996 0.999684
0.271484 0.999637
0.271973 0.999581
0.272461 0.999515
0.272949 0.99944
0.273438 0.999355
0.273926 0.999261
0.274414 0.999158
0.274902 0.999044
0.275391 0.998922
0.275879 0.998789
0.276367 0.998648
0.276855 0.998496
0.277344 0.998335
0.277832 0.998165
0.27832 0.997985
0.278809 0.997795
0.279297 0.997596
0.279785 0.997387
0.280273 0.997168
0.280762 0.99694
0.28125 0.996702
0.281738 0.996455
0.282227 0.996198
0.282715 0.995931
0.283203 0.995654
0.283691 0.995368
0.28418 0.995072
0.284668 0.994767
0.285156 0.994452
0.285645 0.994127
0.286133 0.993792
0.286621 0.993448
0.287109 0.993094
0.287598 0.99273
0.288086 0.992356
0.288574 0.991973
0.289062 0.99158
0.289551 0.991177
0.290039 0.990764
0.290527 0.990342
0.291016 0.989909
0.291504 0.989467
0.291992 0.989016
0.29248 0.988554
0.292969 0.988082
0.293457 0.987601
0.293945 0.98711
0.294434 0.986609
0.294922 0.986098
0.29541 0.985578
0.295898 0.985047
0.296387 0.984507
0.296875 0.983957
0.297363 0.983397
0.297852 0.982827
0.29834 0.982247
0.298828 0.981657
0.299316 0.981057
0.299805 0.980448
0.300293 0.979829
0.300781 0.979199
0.30127 0.97856
0.301758 0.977911
0.302246 0.977252
0.302734 0.976583
0.303223 0.975904
0.303711 0.975215
0.304199 0.974516
0.304688 0.973808
0.305176 0.973089
0.305664 0.972361
0.306152 0.971622
0.306641 0.970873
0.307129 0.970115
0.307617 0.969347
0.308105 0.968568
0.308594 0.96778
0.309082 0.966982
0.30957 0.966173
0.310059 0.965355
0.310547 0.964527
0.311035 0.963688
0.311523 0.96284
0.312012 0.961982
0.3125 0.961114
0.312988 0.960236
0.313477 0.959347
0.313965 0.958449
0.314453 0.957541
0.314941 0.956623
0.31543 0.955695
0.315918 0.954757
0.316406 0.953808
0.316895 0.95285
0.317383 0.951882
0.317871 0.950904
0.318359 0.949916
0.318848 0.948917
0.319336 0.947909
0.319824 0.946891
0.320312 0.945863
0.320801 0.944825
0.321289 0.943776
0.321777 0.942718
0.322266 0.94165
0.322754 0.940572
0.323242 0.939483
0.32373 0.938385
0.324219 0.937277
0.324707 0.936158
0.325195 0.93503
0.325684 0.933892
0.326172 0.932743
0.32666 0.931585
0.327148 0.930417
0.327637 0.929238
0.328125 0.92805
0.328613 0.926852
0.329102 0.925643
0.32959 0.924425
0.330078 0.923197
0.330566 0.921958
0.331055 0.92071
0.331543 0.919452
0.332031 0.918184
0.33252 0.916905
0.333008 0.915617
0.333496 0.914319
0.333984 0.913011
0.334473 0.911693
0.334961 0.910365
0.335449 0.909026
0.335938 0.907679
0.336426 0.906321
0.336914 0.904953
0.337402 0.903575
0.337891 0.902187
0.338379 0.900789
0.338867 0.899382
0.339355 0.897964
0.339844 0.896537
0.340332 0.895099
0.34082 0.893652
0.341309 0.892195
0.341797 0.890728
0.342285 0.889251
0.342773 0.887764
0.343262 0.886267
0.34375 0.88476
0.344238 0.883244
0.344727 0.881717
0.345215 0.880181
0.345703 0.878635
0.346191 0.877079
0.34668 0.875513
0.347168 0.873938
0.347656 0.872352
0.348145 0.870757
0.348633 0.869152
0.349121 0.867537
0.349609 0.865912
0.350098 0.864278
0.350586 0.862634
0.351074 0.86098
0.351562 0.859316
0.352051 0.857642
0.352539 0.855959
0.353027 0.854266
0.353516 0.852564
0.354004 0.850851
0.354492 0.849129
0.35498 0.847397
0.355469 0.845656
0.355957 0.843905
0.356445 0.842144
0.356934 0.840373
0.357422 0.838593
0.35791 0.836803
0.358398 0.835004
0.358887 0.833195
0.359375 0.831376
0.359863 0.829548
0.360352 0.82771
0.36084 0.825863
0.361328 0.824006
0.361816 0.822139
0.362305 0.820263
0.362793 0.818378
0.363281 0.816482
0.36377 0.814578
0.364258 0.812664
0.364746 0.81074
0.365234 0.808807
0.365723 0.806865
0.366211 0.804913
0.366699 0.802952
0.367188 0.800981
0.367676 0.799001
0.368164 0.797011
0.368652 0.795012
0.369141 0.793004
0.369629 0.790987
0.370117 0.78896
0.370605 0.786924
0.371094 0.784878
0.371582 0.782823
0.37207 0.780759
0.372559 0.778686
0.373047 0.776603
0.373535 0.774512
0.374023 0.772411
0.374512 0.7703
0.375 0.768181
0.375488 0.766053
0.375977 0.763915
0.376465 0.761768
0.376953 0.759612
0.377441 0.757448
0.37793 0.755274
0.378418 0.75309
0.378906 0.750898
0.379395 0.748697
0.379883 0.746487
0.380371 0.744268
0.380859 0.74204
0.381348 0.739803
0.381836 0.737557
0.382324 0.735302
0.382812 0.733038
0.383301 0.730766
0.383789 0.728484
0.384277 0.726194
0.384766 0.723895
0.385254 0.721587
0.385742 0.71927
0.38623 0.716945
0.386719 0.714611
0.387207 0.712268
0.387695 0.709916
0.388184 0.707556
0.388672 0.705187
0.38916 0.702809
0.389648 0.700423
0.390137 0.698028
0.390625 0.695625
0.391113 0.693213
0.391602 0.690793
0.39209 0.688364
0.392578 0.685927
0.393066 0.683481
0.393555 0.681027
0.394043 0.678564
0.394531 0.676093
0.39502 0.673613
0.395508 0.671126
0.395996 0.66863
0.396484 0.666125
0.396973 0.663613
0.397461 0.661092
0.397949 0.658563
0.398438 0.656025
0.398926 0.65348
0.399414 0.650926
0.399902 0.648364
0.400391 0.645795
0.400879 0.643217
0.401367 0.640631
0.401855 0.638037
0.402344 0.635435
0.402832 0.632825
0.40332 0.630207
0.403809 0.627581
0.404297 0.624947
0.404785 0.622306
0.405273 0.619656
0.405762 0.616999
0.40625 0.614334
0.406738 0.611661
0.407227 0.608981
0.407715 0.606292
0.408203 0.603596
0.408691 0.600893
0.40918 0.598182
0.409668 0.595463
0.410156 0.592737
0.410645 0.590003
0.411133 0.587262
0.411621 0.584513
0.412109 0.581757
0.412598 0.578993
0.413086 0.576222
0.413574 0.573443
0.414062 0.570658
0.414551 0.567865
0.415039 0.565064
0.415527 0.562257
0.416016 0.559442
0.416504 0.55662
0.416992 0.553791
0.41748 0.550955
0.417969 0.548111
0.418457 0.545261
0.418945 0.542404
0.419434 0.53954
0.419922 0.536668
0.42041 0.53379
0.420898 0.530905
0.421387 0.528013
0.421875 0.525114
0.422363 0.522209
0.422852 0.519296
0.42334 0.516377
0.423828 0.513451
0.424316 0.510519
0.424805 0.50758
0.425293 0.504634
0.425781 0.501682
0.42627 0.498723
0.426758 0.495758
0.427246 0.492786
0.427734 0.489808
0.428223 0.486824
0.428711 0.483833
0.429199 0.480836
0.429688 0.477832
0.430176 0.474823
0.430664 0.471807
0.431152 0.468785
0.431641 0.465756
0.432129 0.462722
0.432617 0.459681
0.433105 0.456635
0.433594 0.453583
0.434082 0.450524
0.43457 0.44746
0.435059 0.44439
0.435547 0.441313
0.436035 0.438232
0.436523 0.435144
0.437012 0.43205
0.4375 0.428951
0.437988 0.425846
0.438477 0.422736
0.438965 0.41962
0.439453 0.416498
0.439941 0.413371
0.44043 0.410239
0.440918 0.407101
0.441406 0.403957
0.441895 0.400809
0.442383 0.397655
0.442871 0.394495
0.443359 0.391331
0.443848 0.388161
0.444336 0.384986
0.444824 0.381806
0.445312 0.378621
0.445801 0.37543
0.446289 0.372235
0.446777 0.369035
0.447266 0.36583
0.447754 0.36262
0.448242 0.359405
0.44873 0.356185
0.449219 0.352961
0.449707 0.349732
0.450195 0.346498
0.450684 0.343259
0.451172 0.340016
0.45166 0.336769
0.452148 0.333516
0.452637 0.33026
0.453125 0.326999
0.453613 0.323733
0.454102 0.320464
0.45459 0.317189
0.455078 0.313911
0.455566 0.310628
0.456055 0.307342
0.456543 0.304051
0.457031 0.300756
0.45752 0.297457
0.458008 0.294154
0.458496 0.290847
0.458984 0.287536
0.459473 0.284221
0.459961 0.280902
0.460449 0.27758
0.460938 0.274253
0.461426 0.270923
0.461914 0.26759
0.462402 0.264253
0.462891 0.260912
0.463379 0.257567
0.463867 0.25422
0.464355 0.250868
0.464844 0.247514
0.465332 0.244156
0.46582 0.240794
0.466309 0.23743
0.466797 0.234062
0.467285 0.230691
0.467773 0.227317
0.468262 0.22394
0.46875 0.220559
0.469238 0.217176
0.469727 0.21379
0.470215 0.210401
0.470703 0.207009
0.471191 0.203614
0.47168 0.200216
0.472168 0.196816
0.472656 0.193413
0.473145 0.190007
0.473633 0.186599
0.474121 0.183188
0.474609 0.179775
0.475098 0.176359
0.475586 0.172941
0.476074 0.169521
0.476562 0.166098
0.477051 0.162673
0.477539 0.159246
0.478027 0.155816
0.478516 0.152385
0.479004 0.148951
0.479492 0.145515
0.47998 0.142078
0.480469 0.138638
0.480957 0.135196
0.481445 0.131753
0.481934 0.128308
0.482422 0.124861
0.48291 0.121412
0.483398 0.117962
0.483887 0.11451
0.484375 0.111057
0.484863 0.107602
0.485352 0.104145
0.48584 0.100687
0.486328 0.0972278
0.486816 0.0937672
0.487305 0.0903053
0.487793 0.0868421
0.488281 0.0833778
0.48877 0.0799123
0.489258 0.0764457
0.489746 0.0729781
0.490234 0.0695095
0.490723 0.0660399
0.491211 0.0625694
0.491699 0.0590981
0.492188 0.0556259
0.492676 0.052153
0.493164 0.0486793
0.493652 0.045205
0.494141 0.0417301
0.494629 0.0382546
0.495117 0.0347786
0.495605 0.0313021
0.496094 0.0278252
0.496582 0.0243479
0.49707 0.0208702
0.497559 0.0173923
0.498047 0.0139141
0.498535 0.0104358
0.499023 0.00695725
0.499512 0.00347865
0.5 1.37428e-16
0.500488 -0.00347865
0.500977 -0.00695725
0.501465 -0.0104358
0.501953 -0.0139141
0.502441 -0.0173923
0.50293 -0.0208702
0.503418 -0.0243479
0.503906 -0.0278252
0.504395 -0.0313021
0.504883 -0.0347786
0.505371 -0.0382546
0.505859 -0.0417301
0.506348 -0.045205
0.506836 -0.0486793
0.507324 -0.052153
0.507812 -0.0556259
0.508301 -0.0590981
0.508789 -0.0625694
0.509277 -0.0660399
0.509766 -0.0695095
0.510254 -0.0729781
0.510742 -0.0764457
0.51123 -0.0799123
0.511719 -0.0833778
0.512207 -0.0868421
0.512695 -0.0903053
0.513184 -0.0937672
0.513672 -0.0972278
0.51416 -0.100687
0.514648 -0.104145
0.515137 -0.107602
0.515625 -0.111057
0.516113 -0.11451
0.516602 -0.117962
0.51709 -0.121412
0.517578 -0.124861
0.518066 -0.128308
0.518555 -0.131753
0.519043 -0.135196
0.519531 -0.138638
0.52002 -0.142078
0.520508 -0.145515
0.520996 -0.148951
0.521484 -0.152385
0.521973 -0.155816
0.522461 -0.159246
0.522949 -0.162673
0.523438 -0.166098
0.523926 -0.169521
0.524414 -0.172941
0.524902 -0.176359
0.525391 -0.179775
0.525879 -0.183188
0.526367 -0.186599
0.526855 -0.190007
0.527344 -0.193413
0.527832 -0.196816
0.52832 -0.200216
0.528809 -0.203614
0.529297 -0.207009
0.529785 -0.210401
0.530273 -0.21379
0.530762 -0.217176
0.53125 -0.220559
0.531738 -0.22394
0.532227 -0.227317
0.532715 -0.230691
0.533203 -0.234062
0.533691 -0.23743
0.53418 -0.240794
0.534668 -0.244156
0.535156 -0.247514
0.535645 -0.250868
0.536133 -0.25422
0.536621 -0.257567
0.537109 -0.260912
0.537598 -0.264253
0.538086 -0.26759
0.538574 -0.270923
0.539062 -0.274253
0.539551 -0.27758
0.540039 -0.280902
0.540527 -0.284221
0.541016 -0.287536
0.541504 -0.290847
0.541992 -0.294154
0.54248 -0.297457
0.542969 -0.300756
0.543457 -0.304051
0.543945 -0.307342
0.544434 -0.310628
0.544922 -0.313911
0.54541 -0.317189
0.545898 -0.320464
0.546387 -0.323733
0.546875 -0.326999
0.547363 -0.33026
0.547852 -0.333516
0.54834 -0.336769
0.548828 -0.340016
0.549316 -0.343259
0.549805 -0.346498
0.550293 -0.349732
0.550781 -0.352961
0.55127 -0.356185
0.551758 -0.359405
0.552246 -0.36262
0.552734 -0.36583
0.553223 -0.369035
0.553711 -0.372235
0.554199 -0.37543
0.554688 -0.378621
0.555176 -0.381806
0.555664 -0.384986
0.556152 -0.388161
0.556641 -0.391331
0.557129 -0.394495
0.557617 -0.397655
0.558105 -0.400809
0.558594 -0.403957
0.559082 -0.407101
0.55957 -0.410239
0.560059 -0.413371
0.560547 -0.416498
0.561035 -0.41962
0.561523 -0.422736
0.562012 -0.425846
0.5625 -0.428951
0.562988 -0.43205
0.563477 -0.435144
0.563965 -0.438232
0.564453 -0.441313
0.564941 -0.44439
0.56543 -0.44746
0.565918 -0.450524
0.566406 -0.453583
0.566895 -0.456635
0.567383 -0.459681
0.567871 -0.462722
0.568359 -0.465756
0.568848 -0.468785
0.569336 -0.471807
0.569824 -0.474823
0.570312 -0.477832
0.570801 -0.480836
0.571289 -0.483833
0.571777 -0.486824
0.572266 -0.489808
0.572754 -0.492786
0.573242 -0.495758
0.57373 -0.498723
0.574219 -0.501682
0.574707 -0.504634
0.575195 -0.50758
0.575684 -0.510519
0.576172 -0.513451
0.57666 -0.516377
0.577148 -0.519296
0.577637 -0.522209
0.578125 -0.525114
0.578613 -0.528013
0.579102 -0.530905
0.57959 -0.53379
0.580078 -0.536668
0.580566 -0.53954
0.581055 -0.542404
0.581543 -0.545261
0.582031 -0.548111
0.58252 -0.550955
0.583008 -0.553791
0.583496 -0.55662
0.583984 -0.559442
0.584473 -0.562257
0.584961 -0.565064
0.585449 -0.567865
0.585938 -0.570658
0.586426 -0.573443
0.586914 -0.576222
0.587402 -0.578993
0.587891 -0.581757
0.588379 -0.584513
0.588867 -0.587262
0.589355 -0.590003
0.589844 -0.592737
0.590332 -0.595463
0.59082 -0.598182
0.591309 -0.600893
0.591797 -0.603596
0.592285 -0.606292
0.592773 -0.608981
0.593262 -0.611661
0.59375 -0.614334
0.594238 -0.616999
0.594727 -0.619656
0.595215 -0.622306
0.595703 -0.624947
0.596191 -0.627581
0.59668 -0.630207
0.597168 -0.632825
0.597656 -0.635435
0.598145 -0.638037
0.598633 -0.640631
0.599121 -0.643217
0.599609 -0.645795
0.600098 -0.648364
0.600586 -0.650926
0.601074 -0.65348
0.601562 -0.656025
0.602051 -0.658563
0.602539 -0.661092
0.603027 -0.663613
0.603516 -0.666125
0.604004 -0.66863
0.604492 -0.671126
0.60498 -0.673613
0.605469 -0.676093
0.605957 -0.678564
0.606445 -0.681027
0.606934 -0.683481
0.607422 -0.685927
0.60791 -0.688364
0.608398 -0.690793
0.608887 -0.693213
0.609375 -0.695625
0.609863 -0.698028
0.610352 -0.700423
0.61084 -0.702809
0.611328 -0.705187
0.611816 -0.707556
0.612305 -0.709916
0.612793 -0.712268
0.613281 -0.714611
0.61377 -0.716945
0.614258 -0.71927
0.614746 -0.721587
0.615234 -0.723895
0.615723 -0.726194
0.616211 -0.728484
0.616699 -0.730766
0.617188 -0.733038
0.617676 -0.735302
0.618164 -0.737557
0.618652 -0.739803
0.619141 -0.74204
0.619629 -0.744268
0.620117 -0.746487
0.620605 -0.748697
0.621094 -0.750898
0.621582 -0.75309
0.62207 -0.755274
0.622559 -0.757448
0.623047 -0.759612
0.623535 -0.761768
0.624023 -0.763915
0.624512 -0.766053
0.625 -0.768181
0.625488 -0.7703
0.625977 -0.772411
0.626465 -0.774512
0.626953 -0.776603
0.627441 -0.778686
0.62793 -0.780759
0.628418 -0.782823
0.628906 -0.784878
0.629395 -0.786924
0.629883 -0.78896
0.630371 -0.790987
0.630859 -0.793004
0.631348 -0.795012
0.631836 -0.797011
0.632324 -0.799001
0.632812 -0.800981
0.633301 -0.802952
0.633789 -0.804913
0.634277 -0.806865
0.634766 -0.808807
0.635254 -0.81074
0.635742 -0.812664
0.63623 -0.814578
0.636719 -0.816482
0.637207 -0.818378
0.637695 -0.820263
0.638184 -0.822139
0.638672 -0.824006
0.63916 -0.825863
0.639648 -0.82771
0.640137 -0.829548
0.640625 -0.831376
0.641113 -0.833195
0.641602 -0.835004
0.64209 -0.836803
0.642578 -0.838593
0.643066 -0.840373
0.643555 -0.842144
0.644043 -0.843905
0.644531 -0.845656
0.64502 -0.847397
0.645508 -0.849129
0.645996 -0.850851
0.646484 -0.852564
0.646973 -0.854266
0.647461 -0.855959
0.647949 -0.857642
0.648438 -0.859316
0.648926 -0.86098
0.649414 -0.862634
0.649902 -0.864278
0.650391 -0.865912
0.650879 -0.867537
0.651367 -0.869152
0.651855 -0.870757
0.652344 -0.872352
0.652832 -0.873938
0.65332 -0.875513
0.653809 -0.877079
0.654297 -0.878635
0.654785 -0.880181
0.655273 -0.881717
0.655762 -0.883244
0.65625 -0.88476
0.656738 -0.886267
0.657227 -0.887764
0.657715 -0.889251
0.658203 -0.890728
0.658691 -0.892195
0.65918 -0.893652
0.659668 -0.895099
0.660156 -0.896537
0.660645 -0.897964
0.661133 -0.899382
0.661621 -0.900789
0.662109 -0.902187
0.662598 -0.903575
0.663086 -0.904953
0.663574 -0.906321
0.664062 -0.907679
0.664551 -0.909026
0.665039 -0.910365
0.665527 -0.911693
0.666016 -0.913011
0.666504 -0.914319
0.666992 -0.915617
0.66748 -0.916905
0.667969 -0.918184
0.668457 -0.919452
0.668945 -0.92071
0.669434 -0.921958
0.669922 -0.923197
0.67041 -0.924425
0.670898 -0.925643
0.671387 -0.926852
0.671875 -0.92805
0.672363 -0.929238
0.672852 -0.930417
0.67334 -0.931585
0.673828 -0.932743
0.674316 -0.933892
0.674805 -0.93503
0.675293 -0.936158
0.675781 -0.937277
0.67627 -0.938385
0.676758 -0.939483
0.677246 -0.940572
0.677734 -0.94165
0.678223 -0.942718
0.678711 -0.943776
0.679199 -0.944825
0.679688 -0.945863
0.680176 -0.946891
0.680664 -0.947909
0.681152 -0.948917
0.681641 -0.949916
0.682129 -0.950904
0.682617 -0.951882
0.683105 -0.95285
0.683594 -0.953808
0.684082 -0.954757
0.68457 -0.955695
0.685059 -0.956623
0.685547 -0.957541
0.686035 -0.958449
0.686523 -0.959347
0.687012 -0.960236
0.6875 -0.961114
0.687988 -0.961982
0.688477 -0.96284
0.688965 -0.963688
0.689453 -0.964527
0.689941 -0.965355
0.69043 -0.966173
0.690918 -0.966982
0.691406 -0.96778
0.691895 -0.968568
0.692383 -0.969347
0.692871 -0.970115
0.693359 -0.970873
0.693848 -0.971622
0.694336 -0.972361
0.694824 -0.973089
0.695312 -0.973808
0.695801 -0.974516
0.696289 -0.975215
0.696777 -0.975904
0.697266 -0.976583
0.697754 -0.977252
0.698242 -0.977911
0.69873 -0.97856
0.699219 -0.979199
0.699707 -0.979829
0.700195 -0.980448
0.700684 -0.981057
0.701172 -0.981657
0.70166 -0.982247
0.702148 -0.982827
0.702637 -0.983397
0.703125 -0.983957
0.703613 -0.984507
0.704102 -0.985047
0.70459 -0.985578
0.705078 -0.986098
0.705566 -0.986609
0.706055 -0.98711
0.706543 -0.987601
0.707031 -0.988082
0.70752 -0.988554
0.708008 -0.989016
0.708496 -0.989467
0.708984 -0.989909
0.709473 -0.990342
0.709961 -0.990764
0.710449 -0.991177
0.710938 -0.99158
0.711426 -0.991973
0.711914 -0.992356
0.712402 -0.99273
0.712891 -0.993094
0.713379 -0.993448
0.713867 -0.993792
0.714355 -0.994127
0.714844 -0.994452
0.715332 -0.994767
0.71582 -0.995072
0.716309 -0.995368
0.716797 -0.995654
0.717285 -0.995931
0.717773 -0.996198
0.718262 -0.996455
0.71875 -0.996702
0.719238 -0.99694
0.719727 -0.997168
0.720215 -0.997387
0.720703 -0.997596
0.721191 -0.997795
0.72168 -0.997985
0.722168 -0.998165
0.722656 -0.998335
0.723145 -0.998496
0.723633 -0.998648
0.724121 -0.998789
0.724609 -0.998922
0.725098 -0.999044
0.725586 -0.999158
0.726074 -0.999261
0.726562 -0.999355
0.727051 -0.99944
0.727539 -0.999515
0.728027 -0.999581
0.728516 -0.999637
0.729004 -0.999684
0.729492 -0.999721
0.72998 -0.999749
0.730469 -0.999767
0.730957 -0.999776
0.731445 -0.999776
0.731934 -0.999766
0.732422 -0.999747
0.73291 -0.999718
0.733398 -0.99968
0.733887 -0.999633
0.734375 -0.999576
0.734863 -0.99951
0.735352 -0.999435
0.73584 -0.99935
0.736328 -0.999256
0.736816 -0.999153
0.737305 -0.99904
0.737793 -0.998918
0.738281 -0.998787
0.73877 -0.998647
0.739258 -0.998497
0.739746 -0.998338
0.740234 -0.99817
0.740723 -0.997993
0.741211 -0.997806
0.741699 -0.99761
0.742188 -0.997406
0.742676 -0.997192
0.743164 -0.996968
0.743652 -0.996736
0.744141 -0.996495
0.744629 -0.996244
0.745117 -0.995984
0.745605 -0.995716
0.746094 -0.995438
0.746582 -0.995151
0.74707 -0.994855
0.747559 -0.99455
0.748047 -0.994236
0.748535 -0.993913
0.749023 -0.993581
0.749512 -0.99324
0.75 -0.99289
0.750488 -0.992531
0.750977 -0.992163
0.751465 -0.991786
0.751953 -0.9914
0.752441 -0.991006
0.75293 -0.990602
0.753418 -0.990189
0.753906 -0.989768
0.754395 -0.989338
0.754883 -0.988899
0.755371 -0.988451
0.755859 -0.987994
0.756348 -0.987528
0.756836 -0.987054
0.757324 -0.986571
0.757812 -0.986079
0.758301 -0.985578
0.758789 -0.985069
0.759277 -0.98455
0.759766 -0.984024
0.760254 -0.983488
0.760742 -0.982944
0.76123 -0.982391
0.761719 -0.981829
0.762207 -0.981259
0.762695 -0.98068
0.763184 -0.980092
0.763672 -0.979496
0.76416 -0.978891
0.764648 -0.978278
0.765137 -0.977656
0.765625 -0.977026
0.766113 -0.976387
0.766602 -0.975739
0.76709 -0.975083
0.767578 -0.974419
0.768066 -0.973746
0.768555 -0.973064
0.769043 -0.972374
0.769531 -0.971676
0.77002 -0.970969
0.770508 -0.970254
0.770996 -0.96953
0.771484 -0.968799
0.771973 -0.968058
0.772461 -0.96731
0.772949 -0.966553
0.773438 -0.965787
0.773926 -0.965014
0.774414 -0.964232
0.774902 -0.963442
0.775391 -0.962643
0.775879 -0.961836
0.776367 -0.961021
0.776855 -0.960198
0.777344 -0.959367
0.777832 -0.958528
0.77832 -0.95768
0.778809 -0.956824
0.779297 -0.95596
0.779785 -0.955088
0.780273 -0.954208
0.780762 -0.953319
0.78125 -0.952423
0.781738 -0.951518
0.782227 -0.950606
0.782715 -0.949685
0.783203 -0.948757
0.783691 -0.94782
0.78418 -0.946876
0.784668 -0.945923
0.785156 -0.944963
0.785645 -0.943994
0.786133 -0.943018
0.786621 -0.942034
0.787109 -0.941042
0.787598 -0.940042
0.788086 -0.939034
0.788574 -0.938018
0.789062 -0.936995
0.789551 -0.935963
0.790039 -0.934924
0.790527 -0.933877
0.791016 -0.932823
0.791504 -0.93176
0.791992 -0.93069
0.79248 -0.929612
0.792969 -0.928527
0.793457 -0.927433
0.793945 -0.926332
0.794434 -0.925224
0.794922 -0.924108
0.79541 -0.922984
0.795898 -0.921852
0.796387 -0.920713
0.796875 -0.919567
0.797363 -0.918412
0.797852 -0.917251
0.79834 -0.916082
0.798828 -0.914905
0.799316 -0.913721
0.799805 -0.912529
0.800293 -0.91133
0.800781 -0.910123
0.80127 -0.908909
0.801758 -0.907688
0.802246 -0.906459
0.802734 -0.905223
0.803223 -0.903979
0.803711 -0.902729
0.804199 -0.90147
0.804688 -0.900205
0.805176 -0.898932
0.805664 -0.897652
0.806152 -0.896365
0.806641 -0.89507
0.807129 -0.893769
0.807617 -0.89246
0.808105 -0.891143
0.808594 -0.88982
0.809082 -0.88849
0.80957 -0.887152
0.810059 -0.885807
0.810547 -0.884455
0.811035 -0.883096
0.811523 -0.88173
0.812012 -0.880357
0.8125 -0.878977
0.812988 -0.87759
0.813477 -0.876196
0.813965 -0.874795
0.814453 -0.873387
0.814941 -0.871972
0.81543 -0.87055
0.815918 -0.869121
0.816406 -0.867685
0.816895 -0.866243
0.817383 -0.864793
0.817871 -0.863337
0.818359 -0.861874
0.818848 -0.860404
0.819336 -0.858927
0.819824 -0.857443
0.820312 -0.855953
0.820801 -0.854456
0.821289 -0.852952
0.821777 -0.851442
0.822266 -0.849924
0.822754 -0.848401
0.823242 -0.84687
0.82373 -0.845333
0.824219 -0.843789
0.824707 -0.842239
0.825195 -0.840682
0.825684 -0.839118
0.826172 -0.837548
0.82666 -0.835971
0.827148 -0.834388
0.827637 -0.832799
0.828125 -0.831203
0.828613 -0.8296
0.829102 -0.827991
0.82959 -0.826375
0.830078 -0.824754
0.830566 -0.823125
0.831055 -0.821491
0.831543 -0.81985
0.832031 -0.818202
0.83252 -0.816549
0.833008 -0.814889
0.833496 -0.813222
0.833984 -0.81155
0.834473 -0.809871
0.834961 -0.808186
0.835449 -0.806495
0.835938 -0.804797
0.836426 -0.803094
0.836914 -0.801384
0.837402 -0.799668
0.837891 -0.797946
0.838379 -0.796218
0.838867 -0.794484
0.839355 -0.792743
0.839844 -0.790997
0.840332 -0.789245
0.84082 -0.787486
0.841309 -0.785722
0.841797 -0.783951
0.842285 -0.782175
0.842773 -0.780393
0.843262 -0.778604
0.84375 -0.77681
0.844238 -0.77501
0.844727 -0.773204
0.845215 -0.771392
0.845703 -0.769575
0.846191 -0.767751
0.84668 -0.765922
0.847168 -0.764087
0.847656 -0.762246
0.848145 -0.7604
0.848633 -0.758547
0.849121 -0.756689
0.849609 -0.754825
0.850098 -0.752956
0.850586 -0.751081
0.851074 -0.7492
0.851562 -0.747314
0.852051 -0.745422
0.852539 -0.743525
0.853027 -0.741621
0.853516 -0.739713
0.854004 -0.737799
0.854492 -0.735879
0.85498 -0.733954
0.855469 -0.732023
0.855957 -0.730087
0.856445 -0.728145
0.856934 -0.726198
0.857422 -0.724246
0.85791 -0.722288
0.858398 -0.720325
0.858887 -0.718356
0.859375 -0.716383
0.859863 -0.714403
0.860352 -0.712419
0.86084 -0.710429
0.861328 -0.708434
0.861816 -0.706434
0.862305 -0.704428
0.862793 -0.702418
0.863281 -0.700402
0.86377 -0.698381
0.864258 -0.696355
0.864746 -0.694323
0.865234 -0.692287
0.865723 -0.690245
0.866211 -0.688199
0.866699 -0.686147
0.867188 -0.68409
0.867676 -0.682029
0.868164 -0.679962
0.868652 -0.67789
0.869141 -0.675813
0.869629 -0.673732
0.870117 -0.671645
0.870605 -0.669554
0.871094 -0.667457
0.871582 -0.665356
0.87207 -0.66325
0.872559 -0.661139
0.873047 -0.659023
0.873535 -0.656903
0.874023 -0.654777
0.874512 -0.652647
0.875 -0.650512
0.875488 -0.648373
0.875977 -0.646228
0.876465 -0.644079
0.876953 -0.641925
0.877441 -0.639767
0.87793 -0.637604
0.878418 -0.635436
0.878906 -0.633264
0.879395 -0.631087
0.879883 -0.628906
0.880371 -0.62672
0.880859 -0.62453
0.881348 -0.622335
0.881836 -0.620135
0.882324 -0.617931
0.882812 -0.615723
0.883301 -0.61351
0.883789 -0.611293
0.884277 -0.609071
0.884766 -0.606845
0.885254 -0.604615
0.885742 -0.60238
0.88623 -0.600141
0.886719 -0.597898
0.887207 -0.59565
0.887695 -0.593398
0.888184 -0.591142
0.888672 -0.588882
0.88916 -0.586617
0.889648 -0.584348
0.890137 -0.582075
0.890625 -0.579798
0.891113 -0.577517
0.891602 -0.575231
0.89209 -0.572942
0.892578 -0.570648
0.893066 -0.56835
0.893555 -0.566049
0.894043 -0.563743
0.894531 -0.561433
0.89502 -0.559119
0.895508 -0.556802
0.895996 -0.55448
0.896484 -0.552154
0.896973 -0.549825
0.897461 -0.547491
0.897949 -0.545154
0.898438 -0.542813
0.898926 -0.540468
0.899414 -0.538119
0.899902 -0.535766
0.900391 -0.53341
0.900879 -0.53105
0.901367 -0.528686
0.901855 -0.526318
0.902344 -0.523946
0.902832 -0.521571
0.90332 -0.519193
0.903809 -0.51681
0.904297 -0.514424
0.904785 -0.512034
0.905273 -0.509641
0.905762 -0.507244
0.90625 -0.504843
0.906738 -0.502439
0.907227 -0.500032
0.907715 -0.497621
0.908203 -0.495206
0.908691 -0.492788
0.90918 -0.490366
0.909668 -0.487941
0.910156 -0.485513
0.910645 -0.483081
0.911133 -0.480646
0.911621 -0.478208
0.912109 -0.475766
0.912598 -0.47332
0.913086 -0.470872
0.913574 -0.46842
0.914062 -0.465965
0.914551 -0.463507
0.915039 -0.461045
0.915527 -0.45858
0.916016 -0.456112
0.916504 -0.453641
0.916992 -0.451167
0.91748 -0.448689
0.917969 -0.446209
0.918457 -0.443725
0.918945 -0.441238
0.919434 -0.438748
0.919922 -0.436255
0.92041 -0.43376
0.920898 -0.431261
0.921387 -0.428759
0.921875 -0.426254
0.922363 -0.423746
0.922852 -0.421235
0.92334 -0.418721
0.923828 -0.416205
0.924316 -0.413685
0.924805 -0.411163
0.925293 -0.408637
0.925781 -0.406109
0.92627 -0.403578
0.926758 -0.401045
0.927246 -0.398508
0.927734 -0.395969
0.928223 -0.393427
0.928711 -0.390883
0.929199 -0.388335
0.929688 -0.385785
0.930176 -0.383233
0.930664 -0.380677
0.931152 -0.378119
0.931641 -0.375559
0.932129 -0.372996
0.932617 -0.37043
0.933105 -0.367862
0.933594 -0.365291
0.934082 -0.362717
0.93457 -0.360142
0.935059 -0.357563
0.935547 -0.354983
0.936035 -0.352399
0.936523 -0.349814
0.937012 -0.347226
0.9375 -0.344635
0.937988 -0.342043
0.938477 -0.339448
0.938965 -0.33685
0.939453 -0.33425
0.939941 -0.331648
0.94043 -0.329044
0.940918 -0.326437
0.941406 -0.323829
0.941895 -0.321218
0.942383 -0.318604
0.942871 -0.315989
0.943359 -0.313372
0.943848 -0.310752
0.944336 -0.30813
0.944824 -0.305506
0.945312 -0.30288
0.945801 -0.300252
0.946289 -0.297622
0.946777 -0.29499
0.947266 -0.292355
0.947754 -0.289719
0.948242 -0.287081
0.94873 -0.284441
0.949219 -0.281799
0.949707 -0.279155
0.950195 -0.276509
0.950684 -0.273861
0.951172 -0.271212
0.95166 -0.26856
0.952148 -0.265907
0.952637 -0.263252
0.953125 -0.260595
0.953613 -0.257936
0.954102 -0.255276
0.95459 -0.252614
0.955078 -0.24995
0.955566 -0.247284
0.956055 -0.244617
0.956543 -0.241948
0.957031 -0.239277
0.95752 -0.236605
0.958008 -0.233931
0.958496 -0.231256
0.958984 -0.228579
0.959473 -0.225901
0.959961 -0.22322
0.960449 -0.220539
0.960938 -0.217856
0.961426 -0.215171
0.961914 -0.212485
0.962402 -0.209798
0.962891 -0.207109
0.963379 -0.204419
0.963867 -0.201727
0.964355 -0.199034
0.964844 -0.19634
0.965332 -0.193644
0.96582 -0.190947
0.966309 -0.188249
0.966797 -0.185549
0.967285 -0.182848
0.967773 -0.180146
0.968262 -0.177443
0.96875 -0.174738
0.969238 -0.172033
0.969727 -0.169326
0.970215 -0.166618
0.970703 -0.163909
0.971191 -0.161199
0.97168 -0.158487
0.972168 -0.155775
0.972656 -0.153062
0.973145 -0.150347
0.973633 -0.147632
0.974121 -0.144915
0.974609 -0.142198
0.975098 -0.139479
0.975586 -0.13676
0.976074 -0.13404
0.976562 -0.131319
0.977051 -0.128597
0.977539 -0.125874
0.978027 -0.12315
0.978516 -0.120425
0.979004 -0.1177
0.979492 -0.114974
0.97998 -0.112247
0.980469 -0.109519
0.980957 -0.10679
0.981445 -0.104061
0.981934 -0.101331
0.982422 -0.0986006
0.98291 -0.0958693
0.983398 -0.0931374
0.983887 -0.0904049
0.984375 -0.0876718
0.984863 -0.084938
0.985352 -0.0822038
0.98584 -0.0794689
0.986328 -0.0767336
0.986816 -0.0739978
0.987305 -0.0712615
0.987793 -0.0685249
0.988281 -0.0657879
0.98877 -0.0630507
0.989258 -0.0603135
0.989746 -0.0575764
0.990234 -0.0548397
0.990723 -0.0521037
0.991211 -0.0493688
0.991699 -0.0466357
0.992188 -0.043905
0.992676 -0.0411776
0.993164 -0.0384544
0.993652 -0.0357365
0.994141 -0.0330253
0.994629 -0.030322
0.995117 -0.0276278
0.995605 -0.024944
0.996094 -0.0222716
0.996582 -0.0196113
0.99707 -0.0169634
0.997559 -0.014328
0.998047 -0.0117042
0.998535 -0.00909108
0.999023 -0.00648682
0.999512 -0.00388929
1 -0.00129596
