0 0.000429281
0.000488281 0.00128784
0.000976562 0.00214641
0.00146484 0.00300498
0.00195312 0.00386355
0.00244141 0.00472213
0.00292969 0.00558072
0.00341797 0.00643932
0.00390625 0.00729793
0.00439453 0.00815655
0.00488281 0.00901518
0.00537109 0.00987383
0.00585938 0.0107325
0.00634766 0.0115912
0.00683594 0.0124499
0.00732422 0.0133086
0.0078125 0.0141674
0.00830078 0.0150261
0.00878906 0.0158849
0.00927734 0.0167437
0.00976562 0.0176026
0.0102539 0.0184614
0.0107422 0.0193203
0.0112305 0.0201793
0.0117188 0.0210382
0.012207 0.0218972
0.0126953 0.0227563
0.0131836 0.0236153
0.0136719 0.0244744
0.0141602 0.0253336
0.0146484 0.0261927
0.0151367 0.027052
0.015625 0.0279112
0.0161133 0.0287705
0.0166016 0.0296298
0.0170898 0.0304892
0.0175781 0.0313486
0.0180664 0.0322081
0.0185547 0.0330676
0.019043 0.0339271
0.0195312 0.0347867
0.0200195 0.0356463
0.0205078 0.036506
0.0209961 0.0373657
0.0214844 0.0382255
0.0219727 0.0390853
0.0224609 0.0399452
0.0229492 0.0408051
0.0234375 0.0416651
0.0239258 0.0425251
0.0244141 0.0433852
0.0249023 0.0442453
0.0253906 0.0451054
0.0258789 0.0459656
0.0263672 0.0468259
0.0268555 0.0476862
0.0273438 0.0485465
0.027832 0.0494069
0.0283203 0.0502674
0.0288086 0.0511279
0.0292969 0.0519884
0.0297852 0.052849
0.0302734 0.0537097
0.0307617 0.0545703
0.03125 0.0554311
0.0317383 0.0562919
0.0322266 0.0571527
0.0327148 0.0580136
0.0332031 0.0588745
0.0336914 0.0597354
0.0341797 0.0605965
0.034668 0.0614575
0.0351562 0.0623186
0.0356445 0.0631797
0.0361328 0.0640409
0.0366211 0.0649021
0.0371094 0.0657634
0.0375977 0.0666247
0.0380859 0.0674861
0.0385742 0.0683475
0.0390625 0.0692089
0.0395508 0.0700703
0.0400391 0.0709318
0.0405273 0.0717934
0.0410156 0.0726549
0.0415039 0.0735165
0.0419922 0.0743782
0.0424805 0.0752399
0.0429688 0.0761016
0.043457 0.0769633
0.0439453 0.0778251
0.0444336 0.0786869
0.0449219 0.0795487
0.0454102 0.0804105
0.0458984 0.0812724
0.0463867 0.0821343
0.046875 0.0829963
0.0473633 0.0838582
0.0478516 0.0847202
0.0483398 0.0855822
0.0488281 0.0864442
0.0493164 0.0873063
0.0498047 0.0881684
0.050293 0.0890304
0.0507812 0.0898925
0.0512695 0.0907547
0.0517578 0.0916168
0.0522461 0.092479
0.0527344 0.0933411
0.0532227 0.0942033
0.0537109 0.0950655
0.0541992 0.0959277
0.0546875 0.0967899
0.0551758 0.0976521
0.0556641 0.0985144
0.0561523 0.0993766
0.0566406 0.100239
0.0571289 0.101101
0.0576172 0.101963
0.0581055 0.102826
0.0585938 0.103688
0.059082 0.10455
0.0595703 0.105412
0.0600586 0.106275
0.0605469 0.107137
0.0610352 0.107999
0.0615234 0.108862
0.0620117 0.109724
0.0625 0.110586
0.0629883 0.111448
0.0634766 0.112311
0.0639648 0.113173
0.0644531 0.114035
0.0649414 0.114897
0.0654297 0.11576
0.065918 0.116622
0.0664062 0.117484
0.0668945 0.118346
0.0673828 0.119209
0.0678711 0.120071
0.0683594 0.120933
0.0688477 0.121795
0.0693359 0.122657
0.0698242 0.123519
0.0703125 0.124382
0.0708008 0.125244
0.0712891 0.126106
0.0717773 0.126968
0.0722656 0.12783
0.0727539 0.128692
0.0732422 0.129554
0.0737305 0.130416
0.0742188 0.131278
0.074707 0.13214
0.0751953 0.133002
0.0756836 0.133864
0.0761719 0.134726
0.0766602 0.135588
0.0771484 0.13645
0.0776367 0.137312
0.078125 0.138173
0.0786133 0.139035
0.0791016 0.139897
0.0795898 0.140759
0.0800781 0.141621
0.0805664 0.142482
0.0810547 0.143344
0.081543 0.144206
0.0820312 0.145067
0.0825195 0.145929
0.0830078 0.14679
0.0834961 0.147652
0.0839844 0.148514
0.0844727 0.149375
0.0849609 0.150237
0.0854492 0.151098
0.0859375 0.151959
0.0864258 0.152821
0.0869141 0.153682
0.0874023 0.154544
0.0878906 0.155405
0.0883789 0.156266
0.0888672 0.157127
0.0893555 0.157989
0.0898438 0.15885
0.090332 0.159711
0.0908203 0.160572
0.0913086 0.161433
0.0917969 0.162294
0.0922852 0.163155
0.0927734 0.164016
0.0932617 0.164877
0.09375 0.165738
0.0942383 0.166599
0.0947266 0.16746
0.0952148 0.16832
0.0957031 0.169181
0.0961914 0.170042
0.0966797 0.170903
0.097168 0.171763
0.0976562 0.172624
0.0981445 0.173485
0.0986328 0.174345
0.0991211 0.175206
0.0996094 0.176066
0.100098 0.176927
0.100586 0.177787
0.101074 0.178647
0.101562 0.179508
0.102051 0.180368
0.102539 0.181228
0.103027 0.182088
0.103516 0.182949
0.104004 0.183809
0.104492 0.184669
0.10498 0.185529
0.105469 0.186389
0.105957 0.187249
0.106445 0.188109
0.106934 0.188969
0.107422 0.189828
0.10791 0.190688
0.108398 0.191548
0.108887 0.192408
0.109375 0.193267
0.109863 0.194127
0.110352 0.194987
0.11084 0.195846
0.111328 0.196706
0.111816 0.197565
0.112305 0.198425
0.112793 0.199284
0.113281 0.200143
0.11377 0.201003
0.114258 0.201862
0.114746 0.202721
0.115234 0.20358
0.115723 0.204439
0.116211 0.205298
0.116699 0.206157
0.117188 0.207016
0.117676 0.207875
0.118164 0.208734
0.118652 0.209593
0.119141 0.210452
0.119629 0.211311
0.120117 0.212169
0.120605 0.213028
0.121094 0.213887
0.121582 0.214745
0.12207 0.215604
0.122559 0.216462
0.123047 0.21732
0.123535 0.218179
0.124023 0.219037
0.124512 0.219895
0.125 0.220754
0.125488 0.221612
0.125977 0.22247
0.126465 0.223328
0.126953 0.224186
0.127441 0.225044
0.12793 0.225902
0.128418 0.22676
0.128906 0.227618
0.129395 0.228475
0.129883 0.229333
0.130371 0.230191
0.130859 0.231048
0.131348 0.231906
0.131836 0.232763
0.132324 0.233621
0.132812 0.234478
0.133301 0.235336
0.133789 0.236193
0.134277 0.23705
0.134766 0.237907
0.135254 0.238764
0.135742 0.239621
0.13623 0.240478
0.136719 0.241335
0.137207 0.242192
0.137695 0.243049
0.138184 0.243906
0.138672 0.244763
0.13916 0.245619
0.139648 0.246476
0.140137 0.247333
0.140625 0.248189
0.141113 0.249046
0.141602 0.249902
0.14209 0.250758
0.142578 0.251615
0.143066 0.252471
0.143555 0.253327
0.144043 0.254183
0.144531 0.255039
0.14502 0.255895
0.145508 0.256751
0.145996 0.257607
0.146484 0.258463
0.146973 0.259319
0.147461 0.260175
0.147949 0.26103
0.148438 0.261886
0.148926 0.262741
0.149414 0.263597
0.149902 0.264452
0.150391 0.265308
0.150879 0.266163
0.151367 0.267018
0.151855 0.267873
0.152344 0.268728
0.152832 0.269584
0.15332 0.270439
0.153809 0.271293
0.154297 0.272148
0.154785 0.273003
0.155273 0.273858
0.155762 0.274713
0.15625 0.275567
0.156738 0.276422
0.157227 0.277276
0.157715 0.278131
0.158203 0.278985
0.158691 0.279839
0.15918 0.280693
0.159668 0.281548
0.160156 0.282402
0.160645 0.283256
0.161133 0.28411
0.161621 0.284964
0.162109 0.285817
0.162598 0.286671
0.163086 0.287525
0.163574 0.288379
0.164062 0.289232
0.164551 0.290086
0.165039 0.290939
0.165527 0.291792
0.166016 0.292646
0.166504 0.293499
0.166992 0.294352
0.16748 0.295205
0.167969 0.296058
0.168457 0.296911
0.168945 0.297764
0.169434 0.298617
0.169922 0.29947
0.17041 0.300322
0.170898 0.301175
0.171387 0.302027
0.171875 0.30288
0.172363 0.303732
0.172852 0.304585
0.17334 0.305437
0.173828 0.306289
0.174316 0.307141
0.174805 0.307993
0.175293 0.308845
0.175781 0.309697
0.17627 0.310549
0.176758 0.311401
0.177246 0.312252
0.177734 0.313104
0.178223 0.313955
0.178711 0.314807
0.179199 0.315658
0.179688 0.316509
0.180176 0.317361
0.180664 0.318212
0.181152 0.319063
0.181641 0.319914
0.182129 0.320765
0.182617 0.321616
0.183105 0.322466
0.183594 0.323317
0.184082 0.324168
0.18457 0.325018
0.185059 0.325869
0.185547 0.326719
0.186035 0.327569
0.186523 0.328419
0.187012 0.32927
0.1875 0.33012
0.187988 0.33097
0.188477 0.33182
0.188965 0.332669
0.189453 0.333519
0.189941 0.334369
0.19043 0.335218
0.190918 0.336068
0.191406 0.336917
0.191895 0.337767
0.192383 0.338616
0.192871 0.339465
0.193359 0.340314
0.193848 0.341163
0.194336 0.342012
0.194824 0.342861
0.195312 0.34371
0.195801 0.344558
0.196289 0.345407
0.196777 0.346255
0.197266 0.347104
0.197754 0.347952
0.198242 0.3488
0.19873 0.349649
0.199219 0.350497
0.199707 0.351345
0.200195 0.352193
0.200684 0.35304
0.201172 0.353888
0.20166 0.354736
0.202148 0.355583
0.202637 0.356431
0.203125 0.357278
0.203613 0.358126
0.204102 0.358973
0.20459 0.35982
0.205078 0.360667
0.205566 0.361514
0.206055 0.362361
0.206543 0.363208
0.207031 0.364054
0.20752 0.364901
0.208008 0.365747
0.208496 0.366594
0.208984 0.36744
0.209473 0.368286
0.209961 0.369132
0.210449 0.369979
0.210938 0.370824
0.211426 0.37167
0.211914 0.372516
0.212402 0.373362
0.212891 0.374207
0.213379 0.375053
0.213867 0.375898
0.214355 0.376744
0.214844 0.377589
0.215332 0.378434
0.21582 0.379279
0.216309 0.380124
0.216797 0.380969
0.217285 0.381813
0.217773 0.382658
0.218262 0.383503
0.21875 0.384347
0.219238 0.385191
0.219727 0.386036
0.220215 0.38688
0.220703 0.387724
0.221191 0.388568
0.22168 0.389412
0.222168 0.390255
0.222656 0.391099
0.223145 0.391943
0.223633 0.392786
0.224121 0.39363
0.224609 0.394473
0.225098 0.395316
0.225586 0.396159
0.226074 0.397002
0.226562 0.397845
0.227051 0.398688
0.227539 0.39953
0.228027 0.400373
0.228516 0.401215
0.229004 0.402058
0.229492 0.4029
0.22998 0.403742
0.230469 0.404584
0.230957 0.405426
0.231445 0.406268
0.231934 0.40711
0.232422 0.407951
0.23291 0.408793
0.233398 0.409634
0.233887 0.410476
0.234375 0.411317
0.234863 0.412158
0.235352 0.412999
0.23584 0.41384
0.236328 0.414681
0.236816 0.415521
0.237305 0.416362
0.237793 0.417202
0.238281 0.418043
0.23877 0.418883
0.239258 0.419723
0.239746 0.420563
0.240234 0.421403
0.240723 0.422243
0.241211 0.423082
0.241699 0.423922
0.242188 0.424761
0.242676 0.425601
0.243164 0.42644
0.243652 0.427279
0.244141 0.428118
0.244629 0.428957
0.245117 0.429796
0.245605 0.430635
0.246094 0.431473
0.246582 0.432312
0.24707 0.43315
0.247559 0.433988
0.248047 0.434826
0.248535 0.435664
0.249023 0.436502
0.249512 0.43734
0.25 0.438177
0.250488 0.439015
0.250977 0.439852
0.251465 0.44069
0.251953 0.441527
0.252441 0.442364
0.25293 0.443201
0.253418 0.444038
0.253906 0.444874
0.254395 0.445711
0.254883 0.446547
0.255371 0.447384
0.255859 0.44822
0.256348 0.449056
0.256836 0.449892
0.257324 0.450728
0.257812 0.451564
0.258301 0.452399
0.258789 0.453235
0.259277 0.45407
0.259766 0.454905
0.260254 0.455741
0.260742 0.456576
0.26123 0.45741
0.261719 0.458245
0.262207 0.45908
0.262695 0.459914
0.263184 0.460749
0.263672 0.461583
0.26416 0.462417
0.264648 0.463251
0.265137 0.464085
0.265625 0.464919
0.266113 0.465752
0.266602 0.466586
0.26709 0.467419
0.267578 0.468252
0.268066 0.469085
0.268555 0.469918
0.269043 0.470751
0.269531 0.471584
0.27002 0.472417
0.270508 0.473249
0.270996 0.474081
0.271484 0.474914
0.271973 0.475746
0.272461 0.476578
0.272949 0.477409
0.273438 0.478241
0.273926 0.479072
0.274414 0.479904
0.274902 0.480735
0.275391 0.481566
0.275879 0.482397
0.276367 0.483228
0.276855 0.484059
0.277344 0.484889
0.277832 0.48572
0.27832 0.48655
0.278809 0.48738
0.279297 0.48821
0.279785 0.48904
0.280273 0.48987
0.280762 0.490699
0.28125 0.491529
0.281738 0.492358
0.282227 0.493187
0.282715 0.494017
0.283203 0.494845
0.283691 0.495674
0.28418 0.496503
0.284668 0.497331
0.285156 0.49816
0.285645 0.498988
0.286133 0.499816
0.286621 0.500644
0.287109 0.501472
0.287598 0.502299
0.288086 0.503127
0.288574 0.503954
0.289062 0.504781
0.289551 0.505608
0.290039 0.506435
0.290527 0.507262
0.291016 0.508088
0.291504 0.508915
0.291992 0.509741
0.29248 0.510567
0.292969 0.511393
0.293457 0.512219
0.293945 0.513045
0.294434 0.51387
0.294922 0.514696
0.29541 0.515521
0.295898 0.516346
0.296387 0.517171
0.296875 0.517996
0.297363 0.518821
0.297852 0.519645
0.29834 0.520469
0.298828 0.521294
0.299316 0.522118
0.299805 0.522941
0.300293 0.523765
0.300781 0.524589
0.30127 0.525412
0.301758 0.526235
0.302246 0.527058
0.302734 0.527881
0.303223 0.528704
0.303711 0.529527
0.304199 0.530349
0.304688 0.531172
0.305176 0.531994
0.305664 0.532816
0.306152 0.533637
0.306641 0.534459
0.307129 0.535281
0.307617 0.536102
0.308105 0.536923
0.308594 0.537744
0.309082 0.538565
0.30957 0.539386
0.310059 0.540206
0.310547 0.541026
0.311035 0.541847
0.311523 0.542667
0.312012 0.543486
0.3125 0.544306
0.312988 0.545126
0.313477 0.545945
0.313965 0.546764
0.314453 0.547583
0.314941 0.548402
0.31543 0.549221
0.315918 0.550039
0.316406 0.550857
0.316895 0.551676
0.317383 0.552494
0.317871 0.553311
0.318359 0.554129
0.318848 0.554947
0.319336 0.555764
0.319824 0.556581
0.320312 0.557398
0.320801 0.558215
0.321289 0.559031
0.321777 0.559848
0.322266 0.560664
0.322754 0.56148
0.323242 0.562296
0.32373 0.563112
0.324219 0.563927
0.324707 0.564742
0.325195 0.565558
0.325684 0.566373
0.326172 0.567187
0.32666 0.568002
0.327148 0.568816
0.327637 0.569631
0.328125 0.570445
0.328613 0.571259
0.329102 0.572072
0.32959 0.572886
0.330078 0.573699
0.330566 0.574512
0.331055 0.575325
0.331543 0.576138
0.332031 0.576951
0.33252 0.577763
0.333008 0.578575
0.333496 0.579387
0.333984 0.580199
0.334473 0.581011
0.334961 0.581822
0.335449 0.582634
0.335938 0.583445
0.336426 0.584256
0.336914 0.585066
0.337402 0.585877
0.337891 0.586687
0.338379 0.587497
0.338867 0.588307
0.339355 0.589117
0.339844 0.589926
0.340332 0.590736
0.34082 0.591545
0.341309 0.592354
0.341797 0.593163
0.342285 0.593971
0.342773 0.59478
0.343262 0.595588
0.34375 0.596396
0.344238 0.597203
0.344727 0.598011
0.345215 0.598818
0.345703 0.599625
0.346191 0.600432
0.34668 0.601239
0.347168 0.602046
0.347656 0.602852
0.348145 0.603658
0.348633 0.604464
0.349121 0.60527
0.349609 0.606075
0.350098 0.606881
0.350586 0.607686
0.351074 0.60849
0.351562 0.609295
0.352051 0.6101
0.352539 0.610904
0.353027 0.611708
0.353516 0.612512
0.354004 0.613315
0.354492 0.614119
0.35498 0.614922
0.355469 0.615725
0.355957 0.616528
0.356445 0.61733
0.356934 0.618132
0.357422 0.618935
0.35791 0.619736
0.358398 0.620538
0.358887 0.62134
0.359375 0.622141
0.359863 0.622942
0.360352 0.623743
0.36084 0.624543
0.361328 0.625343
0.361816 0.626144
0.362305 0.626943
0.362793 0.627743
0.363281 0.628543
0.36377 0.629342
0.364258 0.630141
0.364746 0.63094
0.365234 0.631738
0.365723 0.632536
0.366211 0.633335
0.366699 0.634132
0.367188 0.63493
0.367676 0.635727
0.368164 0.636525
0.368652 0.637321
0.369141 0.638118
0.369629 0.638915
0.370117 0.639711
0.370605 0.640507
0.371094 0.641303
0.371582 0.642098
0.37207 0.642893
0.372559 0.643688
0.373047 0.644483
0.373535 0.645278
0.374023 0.646072
0.374512 0.646866
0.375 0.64766
0.375488 0.648454
0.375977 0.649247
0.376465 0.65004
0.376953 0.650833
0.377441 0.651626
0.37793 0.652418
0.378418 0.65321
0.378906 0.654002
0.379395 0.654794
0.379883 0.655585
0.380371 0.656376
0.380859 0.657167
0.381348 0.657958
0.381836 0.658748
0.382324 0.659538
0.382812 0.660328
0.383301 0.661118
0.383789 0.661907
0.384277 0.662696
0.384766 0.663485
0.385254 0.664274
0.385742 0.665062
0.38623 0.66585
0.386719 0.666638
0.387207 0.667425
0.387695 0.668213
0.388184 0.669
0.388672 0.669787
0.38916 0.670573
0.389648 0.671359
0.390137 0.672145
0.390625 0.672931
0.391113 0.673716
0.391602 0.674502
0.39209 0.675287
0.392578 0.676071
0.393066 0.676856
0.393555 0.67764
0.394043 0.678423
0.394531 0.679207
0.39502 0.67999
0.395508 0.680773
0.395996 0.681556
0.396484 0.682338
0.396973 0.683121
0.397461 0.683903
0.397949 0.684684
0.398438 0.685466
0.398926 0.686247
0.399414 0.687027
0.399902 0.687808
0.400391 0.688588
0.400879 0.689368
0.401367 0.690148
0.401855 0.690927
0.402344 0.691706
0.402832 0.692485
0.40332 0.693263
0.403809 0.694042
0.404297 0.694819
0.404785 0.695597
0.405273 0.696374
0.405762 0.697151
0.40625 0.697928
0.406738 0.698705
0.407227 0.699481
0.407715 0.700257
0.408203 0.701032
0.408691 0.701807
0.40918 0.702582
0.409668 0.703357
0.410156 0.704131
0.410645 0.704905
0.411133 0.705679
0.411621 0.706453
0.412109 0.707226
0.412598 0.707999
0.413086 0.708771
0.413574 0.709543
0.414062 0.710315
0.414551 0.711087
0.415039 0.711858
0.415527 0.712629
0.416016 0.7134
0.416504 0.71417
0.416992 0.71494
0.41748 0.71571
0.417969 0.716479
0.418457 0.717248
0.418945 0.718017
0.419434 0.718785
0.419922 0.719553
0.42041 0.720321
0.420898 0.721089
0.421387 0.721856
0.421875 0.722623
0.422363 0.723389
0.422852 0.724155
0.42334 0.724921
0.423828 0.725687
0.424316 0.726452
0.424805 0.727216
0.425293 0.727981
0.425781 0.728745
0.42627 0.729509
0.426758 0.730272
0.427246 0.731036
0.427734 0.731798
0.428223 0.732561
0.428711 0.733323
0.429199 0.734085
0.429688 0.734846
0.430176 0.735607
0.430664 0.736368
0.431152 0.737128
0.431641 0.737888
0.432129 0.738648
0.432617 0.739407
0.433105 0.740166
0.433594 0.740925
0.434082 0.741683
0.43457 0.742441
0.435059 0.743199
0.435547 0.743956
0.436035 0.744713
0.436523 0.745469
0.437012 0.746225
0.4375 0.746981
0.437988 0.747736
0.438477 0.748491
0.438965 0.749246
0.439453 0.75
0.439941 0.750754
0.44043 0.751508
0.440918 0.752261
0.441406 0.753014
0.441895 0.753766
0.442383 0.754518
0.442871 0.75527
0.443359 0.756021
0.443848 0.756772
0.444336 0.757523
0.444824 0.758273
0.445312 0.759022
0.445801 0.759772
0.446289 0.760521
0.446777 0.761269
0.447266 0.762018
0.447754 0.762765
0.448242 0.763513
0.44873 0.76426
0.449219 0.765006
0.449707 0.765753
0.450195 0.766499
0.450684 0.767244
0.451172 0.767989
0.45166 0.768734
0.452148 0.769478
0.452637 0.770222
0.453125 0.770965
0.453613 0.771708
0.454102 0.772451
0.45459 0.773193
0.455078 0.773934
0.455566 0.774676
0.456055 0.775417
0.456543 0.776157
0.457031 0.776897
0.45752 0.777637
0.458008 0.778376
0.458496 0.779115
0.458984 0.779853
0.459473 0.780591
0.459961 0.781329
0.460449 0.782066
0.460938 0.782803
0.461426 0.783539
0.461914 0.784275
0.462402 0.78501
0.462891 0.785745
0.463379 0.78648
0.463867 0.787214
0.464355 0.787947
0.464844 0.78868
0.465332 0.789413
0.46582 0.790145
0.466309 0.790877
0.466797 0.791608
0.467285 0.792339
0.467773 0.79307
0.468262 0.7938
0.46875 0.794529
0.469238 0.795258
0.469727 0.795987
0.470215 0.796715
0.470703 0.797443
0.471191 0.79817
0.47168 0.798897
0.472168 0.799623
0.472656 0.800349
0.473145 0.801074
0.473633 0.801799
0.474121 0.802523
0.474609 0.803247
0.475098 0.803971
0.475586 0.804693
0.476074 0.805416
0.476562 0.806138
0.477051 0.806859
0.477539 0.80758
0.478027 0.808301
0.478516 0.809021
0.479004 0.80974
0.479492 0.810459
0.47998 0.811177
0.480469 0.811895
0.480957 0.812613
0.481445 0.81333
0.481934 0.814046
0.482422 0.814762
0.48291 0.815478
0.483398 0.816192
0.483887 0.816907
0.484375 0.817621
0.484863 0.818334
0.485352 0.819047
0.48584 0.819759
0.486328 0.820471
0.486816 0.821182
0.487305 0.821893
0.487793 0.822603
0.488281 0.823312
0.48877 0.824021
0.489258 0.82473
0.489746 0.825438
0.490234 0.826145
0.490723 0.826852
0.491211 0.827558
0.491699 0.828264
0.492188 0.828969
0.492676 0.829674
0.493164 0.830378
0.493652 0.831081
0.494141 0.831784
0.494629 0.832486
0.495117 0.833185
0.495605 0.833876
0.496094 0.834541
0.496582 0.835114
0.49707 0.835364
0.497559 0.834464
0.498047 0.829488
0.498535 0.810137
0.499023 0.741108
0.499512 0.514528
0.5 3.1666e-14
0.500488 -0.514528
0.500977 -0.741108
0.501465 -0.810137
0.501953 -0.829488
0.502441 -0.834464
0.50293 -0.835364
0.503418 -0.835114
0.503906 -0.834541
0.504395 -0.833876
0.504883 -0.833185
0.505371 -0.832486
0.505859 -0.831784
0.506348 -0.831081
0.506836 -0.830378
0.507324 -0.829674
0.507812 -0.828969
0.508301 -0.828264
0.508789 -0.827558
0.509277 -0.826852
0.509766 -0.826145
0.510254 -0.825438
0.510742 -0.82473
0.51123 -0.824021
0.511719 -0.823312
0.512207 -0.822603
0.512695 -0.821893
0.513184 -0.821182
0.513672 -0.820471
0.51416 -0.819759
0.514648 -0.819047
0.515137 -0.818334
0.515625 -0.817621
0.516113 -0.816907
0.516602 -0.816192
0.51709 -0.815478
0.517578 -0.814762
0.518066 -0.814046
0.518555 -0.81333
0.519043 -0.812613
0.519531 -0.811895
0.52002 -0.811177
0.520508 -0.810459
0.520996 -0.80974
0.521484 -0.809021
0.521973 -0.808301
0.522461 -0.80758
0.522949 -0.806859
0.523438 -0.806138
0.523926 -0.805416
0.524414 -0.804693
0.524902 -0.803971
0.525391 -0.803247
0.525879 -0.802523
0.526367 -0.801799
0.526855 -0.801074
0.527344 -0.800349
0.527832 -0.799623
0.52832 -0.798897
0.528809 -0.79817
0.529297 -0.797443
0.529785 -0.796715
0.530273 -0.795987
0.530762 -0.795258
0.53125 -0.794529
0.531738 -0.7938
0.532227 -0.79307
0.532715 -0.792339
0.533203 -0.791608
0.533691 -0.790877
0.53418 -0.790145
0.534668 -0.789413
0.535156 -0.78868
0.535645 -0.787947
0.536133 -0.787214
0.536621 -0.78648
0.537109 -0.785745
0.537598 -0.78501
0.538086 -0.784275
0.538574 -0.783539
0.539062 -0.782803
0.539551 -0.782066
0.540039 -0.781329
0.540527 -0.780591
0.541016 -0.779853
0.541504 -0.779115
0.541992 -0.778376
0.54248 -0.777637
0.542969 -0.776897
0.543457 -0.776157
0.543945 -0.775417
0.544434 -0.774676
0.544922 -0.773934
0.54541 -0.773193
0.545898 -0.772451
0.546387 -0.771708
0.546875 -0.770965
0.547363 -0.770222
0.547852 -0.769478
0.54834 -0.768734
0.548828 -0.767989
0.549316 -0.767244
0.549805 -0.766499
0.550293 -0.765753
0.550781 -0.765006
0.55127 -0.76426
0.551758 -0.763513
0.552246 -0.762765
0.552734 -0.762018
0.553223 -0.761269
0.553711 -0.760521
0.554199 -0.759772
0.554688 -0.759022
0.555176 -0.758273
0.555664 -0.757523
0.556152 -0.756772
0.556641 -0.756021
0.557129 -0.75527
0.557617 -0.754518
0.558105 -0.753766
0.558594 -0.753014
0.559082 -0.752261
0.55957 -0.751508
0.560059 -0.750754
0.560547 -0.75
0.561035 -0.749246
0.561523 -0.748491
0.562012 -0.747736
0.5625 -0.746981
0.562988 -0.746225
0.563477 -0.745469
0.563965 -0.744713
0.564453 -0.743956
0.564941 -0.743199
0.56543 -0.742441
0.565918 -0.741683
0.566406 -0.740925
0.566895 -0.740166
0.567383 -0.739407
0.567871 -0.738648
0.568359 -0.737888
0.568848 -0.737128
0.569336 -0.736368
0.569824 -0.735607
0.570312 -0.734846
0.570801 -0.734085
0.571289 -0.733323
0.571777 -0.732561
0.572266 -0.731798
0.572754 -0.731036
0.573242 -0.730272
0.57373 -0.729509
0.574219 -0.728745
0.574707 -0.727981
0.575195 -0.727216
0.575684 -0.726452
0.576172 -0.725687
0.57666 -0.724921
0.577148 -0.724155
0.577637 -0.723389
0.578125 -0.722623
0.578613 -0.721856
0.579102 -0.721089
0.57959 -0.720321
0.580078 -0.719553
0.580566 -0.718785
0.581055 -0.718017
0.581543 -0.717248
0.582031 -0.716479
0.58252 -0.71571
0.583008 -0.71494
0.583496 -0.71417
0.583984 -0.7134
0.584473 -0.712629
0.584961 -0.711858
0.585449 -0.711087
0.585938 -0.710315
0.586426 -0.709543
0.586914 -0.708771
0.587402 -0.707999
0.587891 -0.707226
0.588379 -0.706453
0.588867 -0.705679
0.589355 -0.704905
0.589844 -0.704131
0.590332 -0.703357
0.59082 -0.702582
0.591309 -0.701807
0.591797 -0.701032
0.592285 -0.700257
0.592773 -0.699481
0.593262 -0.698705
0.59375 -0.697928
0.594238 -0.697151
0.594727 -0.696374
0.595215 -0.695597
0.595703 -0.694819
0.596191 -0.694042
0.59668 -0.693263
0.597168 -0.692485
0.597656 -0.691706
0.598145 -0.690927
0.598633 -0.690148
0.599121 -0.689368
0.599609 -0.688588
0.600098 -0.687808
0.600586 -0.687027
0.601074 -0.686247
0.601562 -0.685466
0.602051 -0.684684
0.602539 -0.683903
0.603027 -0.683121
0.603516 -0.682338
0.604004 -0.681556
0.604492 -0.680773
0.60498 -0.67999
0.605469 -0.679207
0.605957 -0.678423
0.606445 -0.67764
0.606934 -0.676856
0.607422 -0.676071
0.60791 -0.675287
0.608398 -0.674502
0.608887 -0.673716
0.609375 -0.672931
0.609863 -0.672145
0.610352 -0.671359
0.61084 -0.670573
0.611328 -0.669787
0.611816 -0.669
0.612305 -0.668213
0.612793 -0.667425
0.613281 -0.666638
0.61377 -0.66585
0.614258 -0.665062
0.614746 -0.664274
0.615234 -0.663485
0.615723 -0.662696
0.616211 -0.661907
0.616699 -0.661118
0.617188 -0.660328
0.617676 -0.659538
0.618164 -0.658748
0.618652 -0.657958
0.619141 -0.657167
0.619629 -0.656376
0.620117 -0.655585
0.620605 -0.654794
0.621094 -0.654002
0.621582 -0.65321
0.62207 -0.652418
0.622559 -0.651626
0.623047 -0.650833
0.623535 -0.65004
0.624023 -0.649247
0.624512 -0.648454
0.625 -0.64766
0.625488 -0.646866
0.625977 -0.646072
0.626465 -0.645278
0.626953 -0.644483
0.627441 -0.643688
0.62793 -0.642893
0.628418 -0.642098
0.628906 -0.641303
0.629395 -0.640507
0.629883 -0.639711
0.630371 -0.638915
0.630859 -0.638118
0.631348 -0.637321
0.631836 -0.636525
0.632324 -0.635727
0.632812 -0.63493
0.633301 -0.634132
0.633789 -0.633335
0.634277 -0.632536
0.634766 -0.631738
0.635254 -0.63094
0.635742 -0.630141
0.63623 -0.629342
0.636719 -0.628543
0.637207 -0.627743
0.637695 -0.626943
0.638184 -0.626144
0.638672 -0.625343
0.63916 -0.624543
0.639648 -0.623743
0.640137 -0.622942
0.640625 -0.622141
0.641113 -0.62134
0.641602 -0.620538
0.64209 -0.619736
0.642578 -0.618935
0.643066 -0.618132
0.643555 -0.61733
0.644043 -0.616528
0.644531 -0.615725
0.64502 -0.614922
0.645508 -0.614119
0.645996 -0.613315
0.646484 -0.612512
0.646973 -0.611708
0.647461 -0.610904
0.647949 -0.6101
0.648438 -0.609295
0.648926 -0.60849
0.649414 -0.607686
0.649902 -0.606881
0.650391 -0.606075
0.650879 -0.60527
0.651367 -0.604464
0.651855 -0.603658
0.652344 -0.602852
0.652832 -0.602046
0.65332 -0.601239
0.653809 -0.600432
0.654297 -0.599625
0.654785 -0.598818
0.655273 -0.598011
0.655762 -0.597203
0.65625 -0.596396
0.656738 -0.595588
0.657227 -0.59478
0.657715 -0.593971
0.658203 -0.593163
0.658691 -0.592354
0.65918 -0.591545
0.659668 -0.590736
0.660156 -0.589926
0.660645 -0.589117
0.661133 -0.588307
0.661621 -0.587497
0.662109 -0.586687
0.662598 -0.585877
0.663086 -0.585066
0.663574 -0.584256
0.664062 -0.583445
0.664551 -0.582634
0.665039 -0.581822
0.665527 -0.581011
0.666016 -0.580199
0.666504 -0.579387
0.666992 -0.578575
0.66748 -0.577763
0.667969 -0.576951
0.668457 -0.576138
0.668945 -0.575325
0.669434 -0.574512
0.669922 -0.573699
0.67041 -0.572886
0.670898 -0.572072
0.671387 -0.571259
0.671875 -0.570445
0.672363 -0.569631
0.672852 -0.568816
0.67334 -0.568002
0.673828 -0.567187
0.674316 -0.566373
0.674805 -0.565558
0.675293 -0.564742
0.675781 -0.563927
0.67627 -0.563112
0.676758 -0.562296
0.677246 -0.56148
0.677734 -0.560664
0.678223 -0.559848
0.678711 -0.559031
0.679199 -0.558215
0.679688 -0.557398
0.680176 -0.556581
0.680664 -0.555764
0.681152 -0.554947
0.681641 -0.554129
0.682129 -0.553311
0.682617 -0.552494
0.683105 -0.551676
0.683594 -0.550857
0.684082 -0.550039
0.68457 -0.549221
0.685059 -0.548402
0.685547 -0.547583
0.686035 -0.546764
0.686523 -0.545945
0.687012 -0.545126
0.6875 -0.544306
0.687988 -0.543486
0.688477 -0.542667
0.688965 -0.541847
0.689453 -0.541026
0.689941 -0.540206
0.69043 -0.539386
0.690918 -0.538565
0.691406 -0.537744
0.691895 -0.536923
0.692383 -0.536102
0.692871 -0.535281
0.693359 -0.534459
0.693848 -0.533637
0.694336 -0.532816
0.694824 -0.531994
0.695312 -0.531172
0.695801 -0.530349
0.696289 -0.529527
0.696777 -0.528704
0.697266 -0.527881
0.697754 -0.527058
0.698242 -0.526235
0.69873 -0.525412
0.699219 -0.524589
0.699707 -0.523765
0.700195 -0.522941
0.700684 -0.522118
0.701172 -0.521294
0.70166 -0.520469
0.702148 -0.519645
0.702637 -0.518821
0.703125 -0.517996
0.703613 -0.517171
0.704102 -0.516346
0.70459 -0.515521
0.705078 -0.514696
0.705566 -0.51387
0.706055 -0.513045
0.706543 -0.512219
0.707031 -0.511393
0.70752 -0.510567
0.708008 -0.509741
0.708496 -0.508915
0.708984 -0.508088
0.709473 -0.507262
0.709961 -0.506435
0.710449 -0.505608
0.710938 -0.504781
0.711426 -0.503954
0.711914 -0.503127
0.712402 -0.502299
0.712891 -0.501472
0.713379 -0.500644
0.713867 -0.499816
0.714355 -0.498988
0.714844 -0.49816
0.715332 -0.497331
0.71582 -0.496503
0.716309 -0.495674
0.716797 -0.494845
0.717285 -0.494017
0.717773 -0.493187
0.718262 -0.492358
0.71875 -0.491529
0.719238 -0.490699
0.719727 -0.48987
0.720215 -0.48904
0.720703 -0.48821
0.721191 -0.48738
0.72168 -0.48655
0.722168 -0.48572
0.722656 -0.484889
0.723145 -0.484059
0.723633 -0.483228
0.724121 -0.482397
0.724609 -0.481566
0.725098 -0.480735
0.725586 -0.479904
0.726074 -0.479072
0.726562 -0.478241
0.727051 -0.477409
0.727539 -0.476578
0.728027 -0.475746
0.728516 -0.474914
0.729004 -0.474081
0.729492 -0.473249
0.72998 -0.472417
0.730469 -0.471584
0.730957 -0.470751
0.731445 -0.469918
0.731934 -0.469085
0.732422 -0.468252
0.73291 -0.467419
0.733398 -0.466586
0.733887 -0.465752
0.734375 -0.464919
0.734863 -0.464085
0.735352 -0.463251
0.73584 -0.462417
0.736328 -0.461583
0.736816 -0.460749
0.737305 -0.459914
0.737793 -0.45908
0.738281 -0.458245
0.73877 -0.45741
0.739258 -0.456576
0.739746 -0.455741
0.740234 -0.454905
0.740723 -0.45407
0.741211 -0.453235
0.741699 -0.452399
0.742188 -0.451564
0.742676 -0.450728
0.743164 -0.449892
0.743652 -0.449056
0.744141 -0.44822
0.744629 -0.447384
0.745117 -0.446547
0.745605 -0.445711
0.746094 -0.444874
0.746582 -0.444038
0.74707 -0.443201
0.747559 -0.442364
0.748047 -0.441527
0.748535 -0.44069
0.749023 -0.439852
0.749512 -0.439015
0.75 -0.438177
0.750488 -0.43734
0.750977 -0.436502
0.751465 -0.435664
0.751953 -0.434826
0.752441 -0.433988
0.75293 -0.43315
0.753418 -0.432312
0.753906 -0.431473
0.754395 -0.430635
0.754883 -0.429796
0.755371 -0.428957
0.755859 -0.428118
0.756348 -0.427279
0.756836 -0.42644
0.757324 -0.425601
0.757812 -0.424761
0.758301 -0.423922
0.758789 -0.423082
0.759277 -0.422243
0.759766 -0.421403
0.760254 -0.420563
0.760742 -0.419723
0.76123 -0.418883
0.761719 -0.418043
0.762207 -0.417202
0.762695 -0.416362
0.763184 -0.415521
0.763672 -0.414681
0.76416 -0.41384
0.764648 -0.412999
0.765137 -0.412158
0.765625 -0.411317
0.766113 -0.410476
0.766602 -0.409634
0.76709 -0.408793
0.767578 -0.407951
0.768066 -0.40711
0.768555 -0.406268
0.769043 -0.405426
0.769531 -0.404584
0.77002 -0.403742
0.770508 -0.4029
0.770996 -0.402058
0.771484 -0.401215
0.771973 -0.400373
0.772461 -0.39953
0.772949 -0.398688
0.773438 -0.397845
0.773926 -0.397002
0.774414 -0.396159
0.774902 -0.395316
0.775391 -0.394473
0.775879 -0.39363
0.776367 -0.392786
0.776855 -0.391943
0.777344 -0.391099
0.777832 -0.390255
0.77832 -0.389412
0.778809 -0.388568
0.779297 -0.387724
0.779785 -0.38688
0.780273 -0.386036
0.780762 -0.385191
0.78125 -0.384347
0.781738 -0.383503
0.782227 -0.382658
0.782715 -0.381813
0.783203 -0.380969
0.783691 -0.380124
0.78418 -0.379279
0.784668 -0.378434
0.785156 -0.377589
0.785645 -0.376744
0.786133 -0.375898
0.786621 -0.375053
0.787109 -0.374207
0.787598 -0.373362
0.788086 -0.372516
0.788574 -0.37167
0.789062 -0.370824
0.789551 -0.369979
0.790039 -0.369132
0.790527 -0.368286
0.791016 -0.36744
0.791504 -0.366594
0.791992 -0.365747
0.79248 -0.364901
0.792969 -0.364054
0.793457 -0.363208
0.793945 -0.362361
0.794434 -0.361514
0.794922 -0.360667
0.79541 -0.35982
0.795898 -0.358973
0.796387 -0.358126
0.796875 -0.357278
0.797363 -0.356431
0.797852 -0.355583
0.79834 -0.354736
0.798828 -0.353888
0.799316 -0.35304
0.799805 -0.352193
0.800293 -0.351345
0.800781 -0.350497
0.80127 -0.349649
0.801758 -0.3488
0.802246 -0.347952
0.802734 -0.347104
0.803223 -0.346255
0.803711 -0.345407
0.804199 -0.344558
0.804688 -0.34371
0.805176 -0.342861
0.805664 -0.342012
0.806152 -0.341163
0.806641 -0.340314
0.807129 -0.339465
0.807617 -0.338616
0.808105 -0.337767
0.808594 -0.336917
0.809082 -0.336068
0.80957 -0.335218
0.810059 -0.334369
0.810547 -0.333519
0.811035 -0.332669
0.811523 -0.33182
0.812012 -0.33097
0.8125 -0.33012
0.812988 -0.32927
0.813477 -0.328419
0.813965 -0.327569
0.814453 -0.326719
0.814941 -0.325869
0.81543 -0.325018
0.815918 -0.324168
0.816406 -0.323317
0.816895 -0.322466
0.817383 -0.321616
0.817871 -0.320765
0.818359 -0.319914
0.818848 -0.319063
0.819336 -0.318212
0.819824 -0.317361
0.820312 -0.316509
0.820801 -0.315658
0.821289 -0.314807
0.821777 -0.313955
0.822266 -0.313104
0.822754 -0.312252
0.823242 -0.311401
0.82373 -0.310549
0.824219 -0.309697
0.824707 -0.308845
0.825195 -0.307993
0.825684 -0.307141
0.826172 -0.306289
0.82666 -0.305437
0.827148 -0.304585
0.827637 -0.303732
0.828125 -0.30288
0.828613 -0.302027
0.829102 -0.301175
0.82959 -0.300322
0.830078 -0.29947
0.830566 -0.298617
0.831055 -0.297764
0.831543 -0.296911
0.832031 -0.296058
0.83252 -0.295205
0.833008 -0.294352
0.833496 -0.293499
0.833984 -0.292646
0.834473 -0.291792
0.834961 -0.290939
0.835449 -0.290086
0.835938 -0.289232
0.836426 -0.288379
0.836914 -0.287525
0.837402 -0.286671
0.837891 -0.285817
0.838379 -0.284964
0.838867 -0.28411
0.839355 -0.283256
0.839844 -0.282402
0.840332 -0.281548
0.84082 -0.280693
0.841309 -0.279839
0.841797 -0.278985
0.842285 -0.278131
0.842773 -0.277276
0.843262 -0.276422
0.84375 -0.275567
0.844238 -0.274713
0.844727 -0.273858
0.845215 -0.273003
0.845703 -0.272148
0.846191 -0.271293
0.84668 -0.270439
0.847168 -0.269584
0.847656 -0.268728
0.848145 -0.267873
0.848633 -0.267018
0.849121 -0.266163
0.849609 -0.265308
0.850098 -0.264452
0.850586 -0.263597
0.851074 -0.262741
0.851562 -0.261886
0.852051 -0.26103
0.852539 -0.260175
0.853027 -0.259319
0.853516 -0.258463
0.854004 -0.257607
0.854492 -0.256751
0.85498 -0.255895
0.855469 -0.255039
0.855957 -0.254183
0.856445 -0.253327
0.856934 -0.252471
0.857422 -0.251615
0.85791 -0.250758
0.858398 -0.249902
0.858887 -0.249046
0.859375 -0.248189
0.859863 -0.247333
0.860352 -0.246476
0.86084 -0.245619
0.861328 -0.244763
0.861816 -0.243906
0.862305 -0.243049
0.862793 -0.242192
0.863281 -0.241335
0.86377 -0.240478
0.864258 -0.239621
0.864746 -0.238764
0.865234 -0.237907
0.865723 -0.23705
0.866211 -0.236193
0.866699 -0.235336
0.867188 -0.234478
0.867676 -0.233621
0.868164 -0.232763
0.868652 -0.231906
0.869141 -0.231048
0.869629 -0.230191
0.870117 -0.229333
0.870605 -0.228475
0.871094 -0.227618
0.871582 -0.22676
0.87207 -0.225902
0.872559 -0.225044
0.873047 -0.224186
0.873535 -0.223328
0.874023 -0.22247
0.874512 -0.221612
0.875 -0.220754
0.875488 -0.219895
0.875977 -0.219037
0.876465 -0.218179
0.876953 -0.21732
0.877441 -0.216462
0.87793 -0.215604
0.878418 -0.214745
0.878906 -0.213887
0.879395 -0.213028
0.879883 -0.212169
0.880371 -0.211311
0.880859 -0.210452
0.881348 -0.209593
0.881836 -0.208734
0.882324 -0.207875
0.882812 -0.207016
0.883301 -0.206157
0.883789 -0.205298
0.884277 -0.204439
0.884766 -0.20358
0.885254 -0.202721
0.885742 -0.201862
0.88623 -0.201003
0.886719 -0.200143
0.887207 -0.199284
0.887695 -0.198425
0.888184 -0.197565
0.888672 -0.196706
0.88916 -0.195846
0.889648 -0.194987
0.890137 -0.194127
0.890625 -0.193267
0.891113 -0.192408
0.891602 -0.191548
0.89209 -0.190688
0.892578 -0.189828
0.893066 -0.188969
0.893555 -0.188109
0.894043 -0.187249
0.894531 -0.186389
0.89502 -0.185529
0.895508 -0.184669
0.895996 -0.183809
0.896484 -0.182949
0.896973 -0.182088
0.897461 -0.181228
0.897949 -0.180368
0.898438 -0.179508
0.898926 -0.178647
0.899414 -0.177787
0.899902 -0.176927
0.900391 -0.176066
0.900879 -0.175206
0.901367 -0.174345
0.901855 -0.173485
0.902344 -0.172624
0.902832 -0.171763
0.90332 -0.170903
0.903809 -0.170042
0.904297 -0.169181
0.904785 -0.16832
0.905273 -0.16746
0.905762 -0.166599
0.90625 -0.165738
0.906738 -0.164877
0.907227 -0.164016
0.907715 -0.163155
0.908203 -0.162294
0.908691 -0.161433
0.90918 -0.160572
0.909668 -0.159711
0.910156 -0.15885
0.910645 -0.157989
0.911133 -0.157127
0.911621 -0.156266
0.912109 -0.155405
0.912598 -0.154544
0.913086 -0.153682
0.913574 -0.152821
0.914062 -0.151959
0.914551 -0.151098
0.915039 -0.150237
0.915527 -0.149375
0.916016 -0.148514
0.916504 -0.147652
0.916992 -0.14679
0.91748 -0.145929
0.917969 -0.145067
0.918457 -0.144206
0.918945 -0.143344
0.919434 -0.142482
0.919922 -0.141621
0.92041 -0.140759
0.920898 -0.139897
0.921387 -0.139035
0.921875 -0.138173
0.922363 -0.137312
0.922852 -0.13645
0.92334 -0.135588
0.923828 -0.134726
0.924316 -0.133864
0.924805 -0.133002
0.925293 -0.13214
0.925781 -0.131278
0.92627 -0.130416
0.926758 -0.129554
0.927246 -0.128692
0.927734 -0.12783
0.928223 -0.126968
0.928711 -0.126106
0.929199 -0.125244
0.929688 -0.124382
0.930176 -0.123519
0.930664 -0.122657
0.931152 -0.121795
0.931641 -0.120933
0.932129 -0.120071
0.932617 -0.119209
0.933105 -0.118346
0.933594 -0.117484
0.934082 -0.116622
0.93457 -0.11576
0.935059 -0.114897
0.935547 -0.114035
0.936035 -0.113173
0.936523 -0.112311
0.937012 -0.111448
0.9375 -0.110586
0.937988 -0.109724
0.938477 -0.108862
0.938965 -0.107999
0.939453 -0.107137
0.939941 -0.106275
0.94043 -0.105412
0.940918 -0.10455
0.941406 -0.103688
0.941895 -0.102826
0.942383 -0.101963
0.942871 -0.101101
0.943359 -0.100239
0.943848 -0.0993766
0.944336 -0.0985144
0.944824 -0.0976521
0.945312 -0.0967899
0.945801 -0.0959277
0.946289 -0.0950655
0.946777 -0.0942033
0.947266 -0.0933411
0.947754 -0.092479
0.948242 -0.0916168
0.94873 -0.0907547
0.949219 -0.0898925
0.949707 -0.0890304
0.950195 -0.0881684
0.950684 -0.0873063
0.951172 -0.0864442
0.95166 -0.0855822
0.952148 -0.0847202
0.952637 -0.0838582
0.953125 -0.0829963
0.953613 -0.0821343
0.954102 -0.0812724
0.95459 -0.0804105
0.955078 -0.0795487
0.955566 -0.0786869
0.956055 -0.0778251
0.956543 -0.0769633
0.957031 -0.0761016
0.95752 -0.0752399
0.958008 -0.0743782
0.958496 -0.0735165
0.958984 -0.0726549
0.959473 -0.0717934
0.959961 -0.0709318
0.960449 -0.0700703
0.960938 -0.0692089
0.961426 -0.0683475
0.961914 -0.0674861
0.962402 -0.0666247
0.962891 -0.0657634
0.963379 -0.0649021
0.963867 -0.0640409
0.964355 -0.0631797
0.964844 -0.0623186
0.965332 -0.0614575
0.96582 -0.0605965
0.966309 -0.0597354
0.966797 -0.0588745
0.967285 -0.0580136
0.967773 -0.0571527
0.968262 -0.0562919
0.96875 -0.0554311
0.969238 -0.0545703
0.969727 -0.0537097
0.970215 -0.052849
0.970703 -0.0519884
0.971191 -0.0511279
0.97168 -0.0502674
0.972168 -0.0494069
0.972656 -0.0485465
0.973145 -0.0476862
0.973633 -0.0468259
0.974121 -0.0459656
0.974609 -0.0451054
0.975098 -0.0442453
0.975586 -0.0433852
0.976074 -0.0425251
0.976562 -0.0416651
0.977051 -0.0408051
0.977539 -0.0399452
0.978027 -0.0390853
0.978516 -0.0382255
0.979004 -0.0373657
0.979492 -0.036506
0.97998 -0.0356463
0.980469 -0.0347867
0.980957 -0.0339271
0.981445 -0.0330676
0.981934 -0.0322081
0.982422 -0.0313486
0.98291 -0.0304892
0.983398 -0.0296298
0.983887 -0.0287705
0.984375 -0.0279112
0.984863 -0.027052
0.985352 -0.0261927
0.98584 -0.0253336
0.986328 -0.0244744
0.986816 -0.0236153
0.987305 -0.0227563
0.987793 -0.0218972
0.988281 -0.0210382
0.98877 -0.0201793
0.989258 -0.0193203
0.989746 -0.0184614
0.990234 -0.0176026
0.990723 -0.0167437
0.991211 -0.0158849
0.991699 -0.0150261
0.992188 -0.0141674
0.992676 -0.0133086
0.993164 -0.0124499
0.993652 -0.0115912
0.994141 -0.0107325
0.994629 -0.00987383
0.995117 -0.00901518
0.995605 -0.00815655
0.996094 -0.00729793
0.996582 -0.00643932
0.99707 -0.00558072
0.997559 -0.00472213
0.998047 -0.00386355
0.998535 -0.00300498
0.999023 -0.00214641
0.999512 -0.00128784
1 -0.000429281
