0 0.000518168
0.000488281 0.0015545
0.000976562 0.00259085
0.00146484 0.0036272
0.00195312 0.00466356
0.00244141 0.00569994
0.00292969 0.00673634
0.00341797 0.00777276
0.00390625 0.00880921
0.00439453 0.00984569
0.00488281 0.0108822
0.00537109 0.0119188
0.00585938 0.0129553
0.00634766 0.013992
0.00683594 0.0150287
0.00732422 0.0160654
0.0078125 0.0171022
0.00830078 0.018139
0.00878906 0.0191759
0.00927734 0.0202129
0.00976562 0.0212499
0.0102539 0.022287
0.0107422 0.0233241
0.0112305 0.0243613
0.0117188 0.0253986
0.012207 0.026436
0.0126953 0.0274735
0.0131836 0.028511
0.0136719 0.0295486
0.0141602 0.0305863
0.0146484 0.0316241
0.0151367 0.032662
0.015625 0.0336999
0.0161133 0.034738
0.0166016 0.0357761
0.0170898 0.0368143
0.0175781 0.0378526
0.0180664 0.0388911
0.0185547 0.0399296
0.019043 0.0409682
0.0195312 0.0420069
0.0200195 0.0430457
0.0205078 0.0440845
0.0209961 0.0451235
0.0214844 0.0461626
0.0219727 0.0472018
0.0224609 0.0482411
0.0229492 0.0492804
0.0234375 0.0503199
0.0239258 0.0513594
0.0244141 0.0523991
0.0249023 0.0534388
0.0253906 0.0544787
0.0258789 0.0555186
0.0263672 0.0565586
0.0268555 0.0575987
0.0273438 0.0586389
0.027832 0.0596792
0.0283203 0.0607196
0.0288086 0.06176
0.0292969 0.0628006
0.0297852 0.0638412
0.0302734 0.0648819
0.0307617 0.0659227
0.03125 0.0669635
0.0317383 0.0680045
0.0322266 0.0690455
0.0327148 0.0700865
0.0332031 0.0711277
0.0336914 0.0721689
0.0341797 0.0732102
0.034668 0.0742515
0.0351562 0.0752929
0.0356445 0.0763344
0.0361328 0.0773759
0.0366211 0.0784175
0.0371094 0.0794591
0.0375977 0.0805008
0.0380859 0.0815425
0.0385742 0.0825843
0.0390625 0.0836261
0.0395508 0.084668
0.0400391 0.0857099
0.0405273 0.0867518
0.0410156 0.0877938
0.0415039 0.0888358
0.0419922 0.0898779
0.0424805 0.09092
0.0429688 0.0919621
0.043457 0.0930042
0.0439453 0.0940464
0.0444336 0.0950885
0.0449219 0.0961307
0.0454102 0.0971729
0.0458984 0.0982152
0.0463867 0.0992574
0.046875 0.1003
0.0473633 0.101342
0.0478516 0.102384
0.0483398 0.103426
0.0488281 0.104469
0.0493164 0.105511
0.0498047 0.106553
0.050293 0.107596
0.0507812 0.108638
0.0512695 0.10968
0.0517578 0.110722
0.0522461 0.111765
0.0527344 0.112807
0.0532227 0.113849
0.0537109 0.114891
0.0541992 0.115934
0.0546875 0.116976
0.0551758 0.118018
0.0556641 0.11906
0.0561523 0.120102
0.0566406 0.121144
0.0571289 0.122186
0.0576172 0.123228
0.0581055 0.12427
0.0585938 0.125312
0.059082 0.126354
0.0595703 0.127396
0.0600586 0.128438
0.0605469 0.12948
0.0610352 0.130522
0.0615234 0.131564
0.0620117 0.132606
0.0625 0.133647
0.0629883 0.134689
0.0634766 0.135731
0.0639648 0.136772
0.0644531 0.137814
0.0649414 0.138855
0.0654297 0.139897
0.065918 0.140938
0.0664062 0.14198
0.0668945 0.143021
0.0673828 0.144062
0.0678711 0.145104
0.0683594 0.146145
0.0688477 0.147186
0.0693359 0.148227
0.0698242 0.149268
0.0703125 0.150309
0.0708008 0.15135
0.0712891 0.152391
0.0717773 0.153432
0.0722656 0.154473
0.0727539 0.155513
0.0732422 0.156554
0.0737305 0.157595
0.0742188 0.158635
0.074707 0.159676
0.0751953 0.160716
0.0756836 0.161757
0.0761719 0.162797
0.0766602 0.163837
0.0771484 0.164877
0.0776367 0.165918
0.078125 0.166958
0.0786133 0.167998
0.0791016 0.169038
0.0795898 0.170078
0.0800781 0.171117
0.0805664 0.172157
0.0810547 0.173197
0.081543 0.174237
0.0820312 0.175276
0.0825195 0.176316
0.0830078 0.177355
0.0834961 0.178394
0.0839844 0.179434
0.0844727 0.180473
0.0849609 0.181512
0.0854492 0.182551
0.0859375 0.18359
0.0864258 0.184629
0.0869141 0.185668
0.0874023 0.186707
0.0878906 0.187746
0.0883789 0.188784
0.0888672 0.189823
0.0893555 0.190862
0.0898438 0.1919
0.090332 0.192938
0.0908203 0.193977
0.0913086 0.195015
0.0917969 0.196053
0.0922852 0.197091
0.0927734 0.198129
0.0932617 0.199167
0.09375 0.200205
0.0942383 0.201243
0.0947266 0.20228
0.0952148 0.203318
0.0957031 0.204356
0.0961914 0.205393
0.0966797 0.20643
0.097168 0.207468
0.0976562 0.208505
0.0981445 0.209542
0.0986328 0.210579
0.0991211 0.211616
0.0996094 0.212653
0.100098 0.21369
0.100586 0.214726
0.101074 0.215763
0.101562 0.2168
0.102051 0.217836
0.102539 0.218872
0.103027 0.219909
0.103516 0.220945
0.104004 0.221981
0.104492 0.223017
0.10498 0.224053
0.105469 0.225089
0.105957 0.226125
0.106445 0.22716
0.106934 0.228196
0.107422 0.229231
0.10791 0.230267
0.108398 0.231302
0.108887 0.232337
0.109375 0.233373
0.109863 0.234408
0.110352 0.235443
0.11084 0.236477
0.111328 0.237512
0.111816 0.238547
0.112305 0.239581
0.112793 0.240616
0.113281 0.24165
0.11377 0.242685
0.114258 0.243719
0.114746 0.244753
0.115234 0.245787
0.115723 0.246821
0.116211 0.247855
0.116699 0.248888
0.117188 0.249922
0.117676 0.250955
0.118164 0.251989
0.118652 0.253022
0.119141 0.254055
0.119629 0.255088
0.120117 0.256121
0.120605 0.257154
0.121094 0.258187
0.121582 0.25922
0.12207 0.260252
0.122559 0.261285
0.123047 0.262317
0.123535 0.263349
0.124023 0.264382
0.124512 0.265414
0.125 0.266446
0.125488 0.267477
0.125977 0.268509
0.126465 0.269541
0.126953 0.270572
0.127441 0.271604
0.12793 0.272635
0.128418 0.273666
0.128906 0.274697
0.129395 0.275728
0.129883 0.276759
0.130371 0.27779
0.130859 0.27882
0.131348 0.279851
0.131836 0.280881
0.132324 0.281912
0.132812 0.282942
0.133301 0.283972
0.133789 0.285002
0.134277 0.286032
0.134766 0.287061
0.135254 0.288091
0.135742 0.28912
0.13623 0.29015
0.136719 0.291179
0.137207 0.292208
0.137695 0.293237
0.138184 0.294266
0.138672 0.295295
0.13916 0.296323
0.139648 0.297352
0.140137 0.29838
0.140625 0.299409
0.141113 0.300437
0.141602 0.301465
0.14209 0.302493
0.142578 0.30352
0.143066 0.304548
0.143555 0.305576
0.144043 0.306603
0.144531 0.30763
0.14502 0.308657
0.145508 0.309685
0.145996 0.310711
0.146484 0.311738
0.146973 0.312765
0.147461 0.313791
0.147949 0.314818
0.148438 0.315844
0.148926 0.31687
0.149414 0.317896
0.149902 0.318922
0.150391 0.319948
0.150879 0.320973
0.151367 0.321999
0.151855 0.323024
0.152344 0.324049
0.152832 0.325074
0.15332 0.326099
0.153809 0.327124
0.154297 0.328148
0.154785 0.329173
0.155273 0.330197
0.155762 0.331222
0.15625 0.332246
0.156738 0.33327
0.157227 0.334293
0.157715 0.335317
0.158203 0.336341
0.158691 0.337364
0.15918 0.338387
0.159668 0.33941
0.160156 0.340433
0.160645 0.341456
0.161133 0.342479
0.161621 0.343501
0.162109 0.344524
0.162598 0.345546
0.163086 0.346568
0.163574 0.34759
0.164062 0.348612
0.164551 0.349633
0.165039 0.350655
0.165527 0.351676
0.166016 0.352697
0.166504 0.353718
0.166992 0.354739
0.16748 0.35576
0.167969 0.356781
0.168457 0.357801
0.168945 0.358821
0.169434 0.359841
0.169922 0.360861
0.17041 0.361881
0.170898 0.362901
0.171387 0.36392
0.171875 0.36494
0.172363 0.365959
0.172852 0.366978
0.17334 0.367997
0.173828 0.369015
0.174316 0.370034
0.174805 0.371052
0.175293 0.372071
0.175781 0.373089
0.17627 0.374107
0.176758 0.375124
0.177246 0.376142
0.177734 0.377159
0.178223 0.378177
0.178711 0.379194
0.179199 0.380211
0.179688 0.381227
0.180176 0.382244
0.180664 0.38326
0.181152 0.384277
0.181641 0.385293
0.182129 0.386309
0.182617 0.387324
0.183105 0.38834
0.183594 0.389355
0.184082 0.390371
0.18457 0.391386
0.185059 0.392401
0.185547 0.393415
0.186035 0.39443
0.186523 0.395444
0.187012 0.396458
0.1875 0.397472
0.187988 0.398486
0.188477 0.3995
0.188965 0.400513
0.189453 0.401527
0.189941 0.40254
0.19043 0.403553
0.190918 0.404566
0.191406 0.405578
0.191895 0.406591
0.192383 0.407603
0.192871 0.408615
0.193359 0.409627
0.193848 0.410639
0.194336 0.41165
0.194824 0.412661
0.195312 0.413672
0.195801 0.414683
0.196289 0.415694
0.196777 0.416705
0.197266 0.417715
0.197754 0.418725
0.198242 0.419735
0.19873 0.420745
0.199219 0.421755
0.199707 0.422764
0.200195 0.423773
0.200684 0.424782
0.201172 0.425791
0.20166 0.4268
0.202148 0.427808
0.202637 0.428817
0.203125 0.429825
0.203613 0.430833
0.204102 0.43184
0.20459 0.432848
0.205078 0.433855
0.205566 0.434862
0.206055 0.435869
0.206543 0.436876
0.207031 0.437882
0.20752 0.438889
0.208008 0.439895
0.208496 0.4409
0.208984 0.441906
0.209473 0.442912
0.209961 0.443917
0.210449 0.444922
0.210938 0.445927
0.211426 0.446931
0.211914 0.447936
0.212402 0.44894
0.212891 0.449944
0.213379 0.450948
0.213867 0.451951
0.214355 0.452955
0.214844 0.453958
0.215332 0.454961
0.21582 0.455964
0.216309 0.456966
0.216797 0.457969
0.217285 0.458971
0.217773 0.459973
0.218262 0.460974
0.21875 0.461976
0.219238 0.462977
0.219727 0.463978
0.220215 0.464979
0.220703 0.465979
0.221191 0.46698
0.22168 0.46798
0.222168 0.46898
0.222656 0.469979
0.223145 0.470979
0.223633 0.471978
0.224121 0.472977
0.224609 0.473976
0.225098 0.474974
0.225586 0.475973
0.226074 0.476971
0.226562 0.477969
0.227051 0.478966
0.227539 0.479964
0.228027 0.480961
0.228516 0.481958
0.229004 0.482954
0.229492 0.483951
0.22998 0.484947
0.230469 0.485943
0.230957 0.486939
0.231445 0.487934
0.231934 0.48893
0.232422 0.489925
0.23291 0.49092
0.233398 0.491914
0.233887 0.492908
0.234375 0.493903
0.234863 0.494896
0.235352 0.49589
0.23584 0.496883
0.236328 0.497876
0.236816 0.498869
0.237305 0.499862
0.237793 0.500854
0.238281 0.501846
0.23877 0.502838
0.239258 0.50383
0.239746 0.504821
0.240234 0.505812
0.240723 0.506803
0.241211 0.507794
0.241699 0.508784
0.242188 0.509774
0.242676 0.510764
0.243164 0.511754
0.243652 0.512743
0.244141 0.513732
0.244629 0.514721
0.245117 0.51571
0.245605 0.516698
0.246094 0.517686
0.246582 0.518674
0.24707 0.519661
0.247559 0.520649
0.248047 0.521635
0.248535 0.522622
0.249023 0.523609
0.249512 0.524595
0.25 0.525581
0.250488 0.526566
0.250977 0.527552
0.251465 0.528537
0.251953 0.529522
0.252441 0.530506
0.25293 0.531491
0.253418 0.532475
0.253906 0.533458
0.254395 0.534442
0.254883 0.535425
0.255371 0.536408
0.255859 0.537391
0.256348 0.538373
0.256836 0.539355
0.257324 0.540337
0.257812 0.541318
0.258301 0.542299
0.258789 0.54328
0.259277 0.544261
0.259766 0.545241
0.260254 0.546221
0.260742 0.547201
0.26123 0.548181
0.261719 0.54916
0.262207 0.550139
0.262695 0.551118
0.263184 0.552096
0.263672 0.553074
0.26416 0.554052
0.264648 0.555029
0.265137 0.556006
0.265625 0.556983
0.266113 0.55796
0.266602 0.558936
0.26709 0.559912
0.267578 0.560888
0.268066 0.561863
0.268555 0.562838
0.269043 0.563813
0.269531 0.564787
0.27002 0.565761
0.270508 0.566735
0.270996 0.567709
0.271484 0.568682
0.271973 0.569655
0.272461 0.570627
0.272949 0.5716
0.273438 0.572572
0.273926 0.573543
0.274414 0.574515
0.274902 0.575486
0.275391 0.576456
0.275879 0.577427
0.276367 0.578397
0.276855 0.579367
0.277344 0.580336
0.277832 0.581305
0.27832 0.582274
0.278809 0.583242
0.279297 0.58421
0.279785 0.585178
0.280273 0.586146
0.280762 0.587113
0.28125 0.58808
0.281738 0.589046
0.282227 0.590012
0.282715 0.590978
0.283203 0.591944
0.283691 0.592909
0.28418 0.593874
0.284668 0.594838
0.285156 0.595802
0.285645 0.596766
0.286133 0.59773
0.286621 0.598693
0.287109 0.599655
0.287598 0.600618
0.288086 0.60158
0.288574 0.602542
0.289062 0.603503
0.289551 0.604464
0.290039 0.605425
0.290527 0.606385
0.291016 0.607345
0.291504 0.608305
0.291992 0.609264
0.29248 0.610223
0.292969 0.611182
0.293457 0.61214
0.293945 0.613098
0.294434 0.614055
0.294922 0.615012
0.29541 0.615969
0.295898 0.616925
0.296387 0.617881
0.296875 0.618837
0.297363 0.619792
0.297852 0.620747
0.29834 0.621702
0.298828 0.622656
0.299316 0.62361
0.299805 0.624563
0.300293 0.625516
0.300781 0.626469
0.30127 0.627422
0.301758 0.628373
0.302246 0.629325
0.302734 0.630276
0.303223 0.631227
0.303711 0.632177
0.304199 0.633127
0.304688 0.634077
0.305176 0.635026
0.305664 0.635975
0.306152 0.636924
0.306641 0.637872
0.307129 0.63882
0.307617 0.639767
0.308105 0.640714
0.308594 0.64166
0.309082 0.642606
0.30957 0.643552
0.310059 0.644497
0.310547 0.645442
0.311035 0.646387
0.311523 0.647331
0.312012 0.648275
0.3125 0.649218
0.312988 0.650161
0.313477 0.651103
0.313965 0.652045
0.314453 0.652987
0.314941 0.653928
0.31543 0.654869
0.315918 0.655809
0.316406 0.656749
0.316895 0.657689
0.317383 0.658628
0.317871 0.659567
0.318359 0.660505
0.318848 0.661443
0.319336 0.66238
0.319824 0.663317
0.320312 0.664254
0.320801 0.66519
0.321289 0.666126
0.321777 0.667061
0.322266 0.667996
0.322754 0.66893
0.323242 0.669864
0.32373 0.670798
0.324219 0.671731
0.324707 0.672664
0.325195 0.673596
0.325684 0.674528
0.326172 0.675459
0.32666 0.67639
0.327148 0.67732
0.327637 0.67825
0.328125 0.67918
0.328613 0.680109
0.329102 0.681037
0.32959 0.681965
0.330078 0.682893
0.330566 0.68382
0.331055 0.684747
0.331543 0.685673
0.332031 0.686599
0.33252 0.687525
0.333008 0.688449
0.333496 0.689374
0.333984 0.690298
0.334473 0.691221
0.334961 0.692144
0.335449 0.693067
0.335938 0.693989
0.336426 0.69491
0.336914 0.695831
0.337402 0.696752
0.337891 0.697672
0.338379 0.698591
0.338867 0.699511
0.339355 0.700429
0.339844 0.701347
0.340332 0.702265
0.34082 0.703182
0.341309 0.704099
0.341797 0.705015
0.342285 0.70593
0.342773 0.706846
0.343262 0.70776
0.34375 0.708674
0.344238 0.709588
0.344727 0.710501
0.345215 0.711413
0.345703 0.712326
0.346191 0.713237
0.34668 0.714148
0.347168 0.715059
0.347656 0.715969
0.348145 0.716878
0.348633 0.717787
0.349121 0.718695
0.349609 0.719603
0.350098 0.72051
0.350586 0.721417
0.351074 0.722323
0.351562 0.723229
0.352051 0.724134
0.352539 0.725039
0.353027 0.725943
0.353516 0.726847
0.354004 0.72775
0.354492 0.728652
0.35498 0.729554
0.355469 0.730455
0.355957 0.731356
0.356445 0.732256
0.356934 0.733156
0.357422 0.734055
0.35791 0.734954
0.358398 0.735852
0.358887 0.736749
0.359375 0.737646
0.359863 0.738542
0.360352 0.739438
0.36084 0.740333
0.361328 0.741227
0.361816 0.742121
0.362305 0.743015
0.362793 0.743908
0.363281 0.7448
0.36377 0.745691
0.364258 0.746582
0.364746 0.747473
0.365234 0.748363
0.365723 0.749252
0.366211 0.75014
0.366699 0.751028
0.367188 0.751916
0.367676 0.752803
0.368164 0.753689
0.368652 0.754574
0.369141 0.755459
0.369629 0.756344
0.370117 0.757227
0.370605 0.75811
0.371094 0.758993
0.371582 0.759875
0.37207 0.760756
0.372559 0.761637
0.373047 0.762516
0.373535 0.763396
0.374023 0.764274
0.374512 0.765152
0.375 0.76603
0.375488 0.766907
0.375977 0.767783
0.376465 0.768658
0.376953 0.769533
0.377441 0.770407
0.37793 0.77128
0.378418 0.772153
0.378906 0.773025
0.379395 0.773897
0.379883 0.774768
0.380371 0.775638
0.380859 0.776507
0.381348 0.777376
0.381836 0.778244
0.382324 0.779112
0.382812 0.779978
0.383301 0.780844
0.383789 0.78171
0.384277 0.782574
0.384766 0.783438
0.385254 0.784301
0.385742 0.785164
0.38623 0.786026
0.386719 0.786887
0.387207 0.787747
0.387695 0.788607
0.388184 0.789466
0.388672 0.790324
0.38916 0.791182
0.389648 0.792039
0.390137 0.792895
0.390625 0.79375
0.391113 0.794605
0.391602 0.795459
0.39209 0.796312
0.392578 0.797164
0.393066 0.798016
0.393555 0.798867
0.394043 0.799717
0.394531 0.800566
0.39502 0.801415
0.395508 0.802263
0.395996 0.80311
0.396484 0.803956
0.396973 0.804802
0.397461 0.805647
0.397949 0.806491
0.398438 0.807334
0.398926 0.808176
0.399414 0.809018
0.399902 0.809859
0.400391 0.810699
0.400879 0.811538
0.401367 0.812376
0.401855 0.813214
0.402344 0.814051
0.402832 0.814887
0.40332 0.815722
0.403809 0.816557
0.404297 0.81739
0.404785 0.818223
0.405273 0.819055
0.405762 0.819886
0.40625 0.820716
0.406738 0.821545
0.407227 0.822374
0.407715 0.823202
0.408203 0.824029
0.408691 0.824855
0.40918 0.82568
0.409668 0.826504
0.410156 0.827327
0.410645 0.82815
0.411133 0.828972
0.411621 0.829792
0.412109 0.830612
0.412598 0.831431
0.413086 0.832249
0.413574 0.833067
0.414062 0.833883
0.414551 0.834698
0.415039 0.835513
0.415527 0.836326
0.416016 0.837139
0.416504 0.837951
0.416992 0.838762
0.41748 0.839572
0.417969 0.84038
0.418457 0.841189
0.418945 0.841996
0.419434 0.842802
0.419922 0.843607
0.42041 0.844411
0.420898 0.845214
0.421387 0.846017
0.421875 0.846818
0.422363 0.847619
0.422852 0.848418
0.42334 0.849216
0.423828 0.850014
0.424316 0.85081
0.424805 0.851606
0.425293 0.8524
0.425781 0.853194
0.42627 0.853986
0.426758 0.854777
0.427246 0.855568
0.427734 0.856357
0.428223 0.857146
0.428711 0.857933
0.429199 0.858719
0.429688 0.859504
0.430176 0.860289
0.430664 0.861072
0.431152 0.861854
0.431641 0.862635
0.432129 0.863415
0.432617 0.864194
0.433105 0.864971
0.433594 0.865748
0.434082 0.866524
0.43457 0.867298
0.435059 0.868071
0.435547 0.868844
0.436035 0.869615
0.436523 0.870385
0.437012 0.871154
0.4375 0.871922
0.437988 0.872688
0.438477 0.873454
0.438965 0.874218
0.439453 0.874982
0.439941 0.875744
0.44043 0.876504
0.440918 0.877264
0.441406 0.878023
0.441895 0.87878
0.442383 0.879536
0.442871 0.880291
0.443359 0.881045
0.443848 0.881798
0.444336 0.882549
0.444824 0.883299
0.445312 0.884048
0.445801 0.884796
0.446289 0.885542
0.446777 0.886287
0.447266 0.887031
0.447754 0.887774
0.448242 0.888515
0.44873 0.889256
0.449219 0.889994
0.449707 0.890732
0.450195 0.891468
0.450684 0.892203
0.451172 0.892937
0.45166 0.893669
0.452148 0.8944
0.452637 0.89513
0.453125 0.895858
0.453613 0.896585
0.454102 0.897311
0.45459 0.898035
0.455078 0.898758
0.455566 0.89948
0.456055 0.9002
0.456543 0.900919
0.457031 0.901636
0.45752 0.902352
0.458008 0.903066
0.458496 0.90378
0.458984 0.904491
0.459473 0.905202
0.459961 0.90591
0.460449 0.906618
0.460938 0.907324
0.461426 0.908028
0.461914 0.908731
0.462402 0.909432
0.462891 0.910132
0.463379 0.910831
0.463867 0.911528
0.464355 0.912223
0.464844 0.912917
0.465332 0.913609
0.46582 0.9143
0.466309 0.914989
0.466797 0.915677
0.467285 0.916363
0.467773 0.917047
0.468262 0.91773
0.46875 0.918411
0.469238 0.919091
0.469727 0.919769
0.470215 0.920445
0.470703 0.92112
0.471191 0.921793
0.47168 0.922465
0.472168 0.923134
0.472656 0.923802
0.473145 0.924468
0.473633 0.925133
0.474121 0.925796
0.474609 0.926457
0.475098 0.927116
0.475586 0.927774
0.476074 0.92843
0.476562 0.929084
0.477051 0.929736
0.477539 0.930387
0.478027 0.931035
0.478516 0.931682
0.479004 0.932327
0.479492 0.93297
0.47998 0.933611
0.480469 0.934251
0.480957 0.934888
0.481445 0.935524
0.481934 0.936157
0.482422 0.936789
0.48291 0.937419
0.483398 0.938047
0.483887 0.938672
0.484375 0.939296
0.484863 0.939918
0.485352 0.940538
0.48584 0.941156
0.486328 0.941772
0.486816 0.942386
0.487305 0.942997
0.487793 0.943607
0.488281 0.944214
0.48877 0.94482
0.489258 0.945423
0.489746 0.946024
0.490234 0.946623
0.490723 0.94722
0.491211 0.947814
0.491699 0.948407
0.492188 0.948997
0.492676 0.949585
0.493164 0.950171
0.493652 0.950754
0.494141 0.951335
0.494629 0.951914
0.495117 0.952489
0.495605 0.95306
0.496094 0.953617
0.496582 0.95413
0.49707 0.954468
0.497559 0.954117
0.498047 0.951022
0.498535 0.936939
0.499023 0.879906
0.499512 0.653786
0.5 4.68984e-14
0.500488 -0.653786
0.500977 -0.879906
0.501465 -0.936939
0.501953 -0.951022
0.502441 -0.954117
0.50293 -0.954468
0.503418 -0.95413
0.503906 -0.953617
0.504395 -0.95306
0.504883 -0.952489
0.505371 -0.951914
0.505859 -0.951335
0.506348 -0.950754
0.506836 -0.950171
0.507324 -0.949585
0.507812 -0.948997
0.508301 -0.948407
0.508789 -0.947814
0.509277 -0.94722
0.509766 -0.946623
0.510254 -0.946024
0.510742 -0.945423
0.51123 -0.94482
0.511719 -0.944214
0.512207 -0.943607
0.512695 -0.942997
0.513184 -0.942386
0.513672 -0.941772
0.51416 -0.941156
0.514648 -0.940538
0.515137 -0.939918
0.515625 -0.939296
0.516113 -0.938672
0.516602 -0.938047
0.51709 -0.937419
0.517578 -0.936789
0.518066 -0.936157
0.518555 -0.935524
0.519043 -0.934888
0.519531 -0.934251
0.52002 -0.933611
0.520508 -0.93297
0.520996 -0.932327
0.521484 -0.931682
0.521973 -0.931035
0.522461 -0.930387
0.522949 -0.929736
0.523438 -0.929084
0.523926 -0.92843
0.524414 -0.927774
0.524902 -0.927116
0.525391 -0.926457
0.525879 -0.925796
0.526367 -0.925133
0.526855 -0.924468
0.527344 -0.923802
0.527832 -0.923134
0.52832 -0.922465
0.528809 -0.921793
0.529297 -0.92112
0.529785 -0.920445
0.530273 -0.919769
0.530762 -0.919091
0.53125 -0.918411
0.531738 -0.91773
0.532227 -0.917047
0.532715 -0.916363
0.533203 -0.915677
0.533691 -0.914989
0.53418 -0.9143
0.534668 -0.913609
0.535156 -0.912917
0.535645 -0.912223
0.536133 -0.911528
0.536621 -0.910831
0.537109 -0.910132
0.537598 -0.909432
0.538086 -0.908731
0.538574 -0.908028
0.539062 -0.907324
0.539551 -0.906618
0.540039 -0.90591
0.540527 -0.905202
0.541016 -0.904491
0.541504 -0.90378
0.541992 -0.903066
0.54248 -0.902352
0.542969 -0.901636
0.543457 -0.900919
0.543945 -0.9002
0.544434 -0.89948
0.544922 -0.898758
0.54541 -0.898035
0.545898 -0.897311
0.546387 -0.896585
0.546875 -0.895858
0.547363 -0.89513
0.547852 -0.8944
0.54834 -0.893669
0.548828 -0.892937
0.549316 -0.892203
0.549805 -0.891468
0.550293 -0.890732
0.550781 -0.889994
0.55127 -0.889256
0.551758 -0.888515
0.552246 -0.887774
0.552734 -0.887031
0.553223 -0.886287
0.553711 -0.885542
0.554199 -0.884796
0.554688 -0.884048
0.555176 -0.883299
0.555664 -0.882549
0.556152 -0.881798
0.556641 -0.881045
0.557129 -0.880291
0.557617 -0.879536
0.558105 -0.87878
0.558594 -0.878023
0.559082 -0.877264
0.55957 -0.876504
0.560059 -0.875744
0.560547 -0.874982
0.561035 -0.874218
0.561523 -0.873454
0.562012 -0.872688
0.5625 -0.871922
0.562988 -0.871154
0.563477 -0.870385
0.563965 -0.869615
0.564453 -0.868844
0.564941 -0.868071
0.56543 -0.867298
0.565918 -0.866524
0.566406 -0.865748
0.566895 -0.864971
0.567383 -0.864194
0.567871 -0.863415
0.568359 -0.862635
0.568848 -0.861854
0.569336 -0.861072
0.569824 -0.860289
0.570312 -0.859504
0.570801 -0.858719
0.571289 -0.857933
0.571777 -0.857146
0.572266 -0.856357
0.572754 -0.855568
0.573242 -0.854777
0.57373 -0.853986
0.574219 -0.853194
0.574707 -0.8524
0.575195 -0.851606
0.575684 -0.85081
0.576172 -0.850014
0.57666 -0.849216
0.577148 -0.848418
0.577637 -0.847619
0.578125 -0.846818
0.578613 -0.846017
0.579102 -0.845214
0.57959 -0.844411
0.580078 -0.843607
0.580566 -0.842802
0.581055 -0.841996
0.581543 -0.841189
0.582031 -0.84038
0.58252 -0.839572
0.583008 -0.838762
0.583496 -0.837951
0.583984 -0.837139
0.584473 -0.836326
0.584961 -0.835513
0.585449 -0.834698
0.585938 -0.833883
0.586426 -0.833067
0.586914 -0.832249
0.587402 -0.831431
0.587891 -0.830612
0.588379 -0.829792
0.588867 -0.828972
0.589355 -0.82815
0.589844 -0.827327
0.590332 -0.826504
0.59082 -0.82568
0.591309 -0.824855
0.591797 -0.824029
0.592285 -0.823202
0.592773 -0.822374
0.593262 -0.821545
0.59375 -0.820716
0.594238 -0.819886
0.594727 -0.819055
0.595215 -0.818223
0.595703 -0.81739
0.596191 -0.816557
0.59668 -0.815722
0.597168 -0.814887
0.597656 -0.814051
0.598145 -0.813214
0.598633 -0.812376
0.599121 -0.811538
0.599609 -0.810699
0.600098 -0.809859
0.600586 -0.809018
0.601074 -0.808176
0.601562 -0.807334
0.602051 -0.806491
0.602539 -0.805647
0.603027 -0.804802
0.603516 -0.803956
0.604004 -0.80311
0.604492 -0.802263
0.60498 -0.801415
0.605469 -0.800566
0.605957 -0.799717
0.606445 -0.798867
0.606934 -0.798016
0.607422 -0.797164
0.60791 -0.796312
0.608398 -0.795459
0.608887 -0.794605
0.609375 -0.79375
0.609863 -0.792895
0.610352 -0.792039
0.61084 -0.791182
0.611328 -0.790324
0.611816 -0.789466
0.612305 -0.788607
0.612793 -0.787747
0.613281 -0.786887
0.61377 -0.786026
0.614258 -0.785164
0.614746 -0.784301
0.615234 -0.783438
0.615723 -0.782574
0.616211 -0.78171
0.616699 -0.780844
0.617188 -0.779978
0.617676 -0.779112
0.618164 -0.778244
0.618652 -0.777376
0.619141 -0.776507
0.619629 -0.775638
0.620117 -0.774768
0.620605 -0.773897
0.621094 -0.773025
0.621582 -0.772153
0.62207 -0.77128
0.622559 -0.770407
0.623047 -0.769533
0.623535 -0.768658
0.624023 -0.767783
0.624512 -0.766907
0.625 -0.76603
0.625488 -0.765152
0.625977 -0.764274
0.626465 -0.763396
0.626953 -0.762516
0.627441 -0.761637
0.62793 -0.760756
0.628418 -0.759875
0.628906 -0.758993
0.629395 -0.75811
0.629883 -0.757227
0.630371 -0.756344
0.630859 -0.755459
0.631348 -0.754574
0.631836 -0.753689
0.632324 -0.752803
0.632812 -0.751916
0.633301 -0.751028
0.633789 -0.75014
0.634277 -0.749252
0.634766 -0.748363
0.635254 -0.747473
0.635742 -0.746582
0.63623 -0.745691
0.636719 -0.7448
0.637207 -0.743908
0.637695 -0.743015
0.638184 -0.742121
0.638672 -0.741227
0.63916 -0.740333
0.639648 -0.739438
0.640137 -0.738542
0.640625 -0.737646
0.641113 -0.736749
0.641602 -0.735852
0.64209 -0.734954
0.642578 -0.734055
0.643066 -0.733156
0.643555 -0.732256
0.644043 -0.731356
0.644531 -0.730455
0.64502 -0.729554
0.645508 -0.728652
0.645996 -0.72775
0.646484 -0.726847
0.646973 -0.725943
0.647461 -0.725039
0.647949 -0.724134
0.648438 -0.723229
0.648926 -0.722323
0.649414 -0.721417
0.649902 -0.72051
0.650391 -0.719603
0.650879 -0.718695
0.651367 -0.717787
0.651855 -0.716878
0.652344 -0.715969
0.652832 -0.715059
0.65332 -0.714148
0.653809 -0.713237
0.654297 -0.712326
0.654785 -0.711413
0.655273 -0.710501
0.655762 -0.709588
0.65625 -0.708674
0.656738 -0.70776
0.657227 -0.706846
0.657715 -0.70593
0.658203 -0.705015
0.658691 -0.704099
0.65918 -0.703182
0.659668 -0.702265
0.660156 -0.701347
0.660645 -0.700429
0.661133 -0.699511
0.661621 -0.698591
0.662109 -0.697672
0.662598 -0.696752
0.663086 -0.695831
0.663574 -0.69491
0.664062 -0.693989
0.664551 -0.693067
0.665039 -0.692144
0.665527 -0.691221
0.666016 -0.690298
0.666504 -0.689374
0.666992 -0.688449
0.66748 -0.687525
0.667969 -0.686599
0.668457 -0.685673
0.668945 -0.684747
0.669434 -0.68382
0.669922 -0.682893
0.67041 -0.681965
0.670898 -0.681037
0.671387 -0.680109
0.671875 -0.67918
0.672363 -0.67825
0.672852 -0.67732
0.67334 -0.67639
0.673828 -0.675459
0.674316 -0.674528
0.674805 -0.673596
0.675293 -0.672664
0.675781 -0.671731
0.67627 -0.670798
0.676758 -0.669864
0.677246 -0.66893
0.677734 -0.667996
0.678223 -0.667061
0.678711 -0.666126
0.679199 -0.66519
0.679688 -0.664254
0.680176 -0.663317
0.680664 -0.66238
0.681152 -0.661443
0.681641 -0.660505
0.682129 -0.659567
0.682617 -0.658628
0.683105 -0.657689
0.683594 -0.656749
0.684082 -0.655809
0.68457 -0.654869
0.685059 -0.653928
0.685547 -0.652987
0.686035 -0.652045
0.686523 -0.651103
0.687012 -0.650161
0.6875 -0.649218
0.687988 -0.648275
0.688477 -0.647331
0.688965 -0.646387
0.689453 -0.645442
0.689941 -0.644497
0.69043 -0.643552
0.690918 -0.642606
0.691406 -0.64166
0.691895 -0.640714
0.692383 -0.639767
0.692871 -0.63882
0.693359 -0.637872
0.693848 -0.636924
0.694336 -0.635975
0.694824 -0.635026
0.695312 -0.634077
0.695801 -0.633127
0.696289 -0.632177
0.696777 -0.631227
0.697266 -0.630276
0.697754 -0.629325
0.698242 -0.628373
0.69873 -0.627422
0.699219 -0.626469
0.699707 -0.625516
0.700195 -0.624563
0.700684 -0.62361
0.701172 -0.622656
0.70166 -0.621702
0.702148 -0.620747
0.702637 -0.619792
0.703125 -0.618837
0.703613 -0.617881
0.704102 -0.616925
0.70459 -0.615969
0.705078 -0.615012
0.705566 -0.614055
0.706055 -0.613098
0.706543 -0.61214
0.707031 -0.611182
0.70752 -0.610223
0.708008 -0.609264
0.708496 -0.608305
0.708984 -0.607345
0.709473 -0.606385
0.709961 -0.605425
0.710449 -0.604464
0.710938 -0.603503
0.711426 -0.602542
0.711914 -0.60158
0.712402 -0.600618
0.712891 -0.599655
0.713379 -0.598693
0.713867 -0.59773
0.714355 -0.596766
0.714844 -0.595802
0.715332 -0.594838
0.71582 -0.593874
0.716309 -0.592909
0.716797 -0.591944
0.717285 -0.590978
0.717773 -0.590012
0.718262 -0.589046
0.71875 -0.58808
0.719238 -0.587113
0.719727 -0.586146
0.720215 -0.585178
0.720703 -0.58421
0.721191 -0.583242
0.72168 -0.582274
0.722168 -0.581305
0.722656 -0.580336
0.723145 -0.579367
0.723633 -0.578397
0.724121 -0.577427
0.724609 -0.576456
0.725098 -0.575486
0.725586 -0.574515
0.726074 -0.573543
0.726562 -0.572572
0.727051 -0.5716
0.727539 -0.570627
0.728027 -0.569655
0.728516 -0.568682
0.729004 -0.567709
0.729492 -0.566735
0.72998 -0.565761
0.730469 -0.564787
0.730957 -0.563813
0.731445 -0.562838
0.731934 -0.561863
0.732422 -0.560888
0.73291 -0.559912
0.733398 -0.558936
0.733887 -0.55796
0.734375 -0.556983
0.734863 -0.556006
0.735352 -0.555029
0.73584 -0.554052
0.736328 -0.553074
0.736816 -0.552096
0.737305 -0.551118
0.737793 -0.550139
0.738281 -0.54916
0.73877 -0.548181
0.739258 -0.547201
0.739746 -0.546221
0.740234 -0.545241
0.740723 -0.544261
0.741211 -0.54328
0.741699 -0.542299
0.742188 -0.541318
0.742676 -0.540337
0.743164 -0.539355
0.743652 -0.538373
0.744141 -0.537391
0.744629 -0.536408
0.745117 -0.535425
0.745605 -0.534442
0.746094 -0.533458
0.746582 -0.532475
0.74707 -0.531491
0.747559 -0.530506
0.748047 -0.529522
0.748535 -0.528537
0.749023 -0.527552
0.749512 -0.526566
0.75 -0.525581
0.750488 -0.524595
0.750977 -0.523609
0.751465 -0.522622
0.751953 -0.521635
0.752441 -0.520649
0.75293 -0.519661
0.753418 -0.518674
0.753906 -0.517686
0.754395 -0.516698
0.754883 -0.51571
0.755371 -0.514721
0.755859 -0.513732
0.756348 -0.512743
0.756836 -0.511754
0.757324 -0.510764
0.757812 -0.509774
0.758301 -0.508784
0.758789 -0.507794
0.759277 -0.506803
0.759766 -0.505812
0.760254 -0.504821
0.760742 -0.50383
0.76123 -0.502838
0.761719 -0.501846
0.762207 -0.500854
0.762695 -0.499862
0.763184 -0.498869
0.763672 -0.497876
0.76416 -0.496883
0.764648 -0.49589
0.765137 -0.494896
0.765625 -0.493903
0.766113 -0.492908
0.766602 -0.491914
0.76709 -0.49092
0.767578 -0.489925
0.768066 -0.48893
0.768555 -0.487934
0.769043 -0.486939
0.769531 -0.485943
0.77002 -0.484947
0.770508 -0.483951
0.770996 -0.482954
0.771484 -0.481958
0.771973 -0.480961
0.772461 -0.479964
0.772949 -0.478966
0.773438 -0.477969
0.773926 -0.476971
0.774414 -0.475973
0.774902 -0.474974
0.775391 -0.473976
0.775879 -0.472977
0.776367 -0.471978
0.776855 -0.470979
0.777344 -0.469979
0.777832 -0.46898
0.77832 -0.46798
0.778809 -0.46698
0.779297 -0.465979
0.779785 -0.464979
0.780273 -0.463978
0.780762 -0.462977
0.78125 -0.461976
0.781738 -0.460974
0.782227 -0.459973
0.782715 -0.458971
0.783203 -0.457969
0.783691 -0.456966
0.78418 -0.455964
0.784668 -0.454961
0.785156 -0.453958
0.785645 -0.452955
0.786133 -0.451951
0.786621 -0.450948
0.787109 -0.449944
0.787598 -0.44894
0.788086 -0.447936
0.788574 -0.446931
0.789062 -0.445927
0.789551 -0.444922
0.790039 -0.443917
0.790527 -0.442912
0.791016 -0.441906
0.791504 -0.4409
0.791992 -0.439895
0.79248 -0.438889
0.792969 -0.437882
0.793457 -0.436876
0.793945 -0.435869
0.794434 -0.434862
0.794922 -0.433855
0.79541 -0.432848
0.795898 -0.43184
0.796387 -0.430833
0.796875 -0.429825
0.797363 -0.428817
0.797852 -0.427808
0.79834 -0.4268
0.798828 -0.425791
0.799316 -0.424782
0.799805 -0.423773
0.800293 -0.422764
0.800781 -0.421755
0.80127 -0.420745
0.801758 -0.419735
0.802246 -0.418725
0.802734 -0.417715
0.803223 -0.416705
0.803711 -0.415694
0.804199 -0.414683
0.804688 -0.413672
0.805176 -0.412661
0.805664 -0.41165
0.806152 -0.410639
0.806641 -0.409627
0.807129 -0.408615
0.807617 -0.407603
0.808105 -0.406591
0.808594 -0.405578
0.809082 -0.404566
0.80957 -0.403553
0.810059 -0.40254
0.810547 -0.401527
0.811035 -0.400513
0.811523 -0.3995
0.812012 -0.398486
0.8125 -0.397472
0.812988 -0.396458
0.813477 -0.395444
0.813965 -0.39443
0.814453 -0.393415
0.814941 -0.392401
0.81543 -0.391386
0.815918 -0.390371
0.816406 -0.389355
0.816895 -0.38834
0.817383 -0.387324
0.817871 -0.386309
0.818359 -0.385293
0.818848 -0.384277
0.819336 -0.38326
0.819824 -0.382244
0.820312 -0.381227
0.820801 -0.380211
0.821289 -0.379194
0.821777 -0.378177
0.822266 -0.377159
0.822754 -0.376142
0.823242 -0.375124
0.82373 -0.374107
0.824219 -0.373089
0.824707 -0.372071
0.825195 -0.371052
0.825684 -0.370034
0.826172 -0.369015
0.82666 -0.367997
0.827148 -0.366978
0.827637 -0.365959
0.828125 -0.36494
0.828613 -0.36392
0.829102 -0.362901
0.82959 -0.361881
0.830078 -0.360861
0.830566 -0.359841
0.831055 -0.358821
0.831543 -0.357801
0.832031 -0.356781
0.83252 -0.35576
0.833008 -0.354739
0.833496 -0.353718
0.833984 -0.352697
0.834473 -0.351676
0.834961 -0.350655
0.835449 -0.349633
0.835938 -0.348612
0.836426 -0.34759
0.836914 -0.346568
0.837402 -0.345546
0.837891 -0.344524
0.838379 -0.343501
0.838867 -0.342479
0.839355 -0.341456
0.839844 -0.340433
0.840332 -0.33941
0.84082 -0.338387
0.841309 -0.337364
0.841797 -0.336341
0.842285 -0.335317
0.842773 -0.334293
0.843262 -0.33327
0.84375 -0.332246
0.844238 -0.331222
0.844727 -0.330197
0.845215 -0.329173
0.845703 -0.328148
0.846191 -0.327124
0.84668 -0.326099
0.847168 -0.325074
0.847656 -0.324049
0.848145 -0.323024
0.848633 -0.321999
0.849121 -0.320973
0.849609 -0.319948
0.850098 -0.318922
0.850586 -0.317896
0.851074 -0.31687
0.851562 -0.315844
0.852051 -0.314818
0.852539 -0.313791
0.853027 -0.312765
0.853516 -0.311738
0.854004 -0.310711
0.854492 -0.309685
0.85498 -0.308657
0.855469 -0.30763
0.855957 -0.306603
0.856445 -0.305576
0.856934 -0.304548
0.857422 -0.30352
0.85791 -0.302493
0.858398 -0.301465
0.858887 -0.300437
0.859375 -0.299409
0.859863 -0.29838
0.860352 -0.297352
0.86084 -0.296323
0.861328 -0.295295
0.861816 -0.294266
0.862305 -0.293237
0.862793 -0.292208
0.863281 -0.291179
0.86377 -0.29015
0.864258 -0.28912
0.864746 -0.288091
0.865234 -0.287061
0.865723 -0.286032
0.866211 -0.285002
0.866699 -0.283972
0.867188 -0.282942
0.867676 -0.281912
0.868164 -0.280881
0.868652 -0.279851
0.869141 -0.27882
0.869629 -0.27779
0.870117 -0.276759
0.870605 -0.275728
0.871094 -0.274697
0.871582 -0.273666
0.87207 -0.272635
0.872559 -0.271604
0.873047 -0.270572
0.873535 -0.269541
0.874023 -0.268509
0.874512 -0.267477
0.875 -0.266446
0.875488 -0.265414
0.875977 -0.264382
0.876465 -0.263349
0.876953 -0.262317
0.877441 -0.261285
0.87793 -0.260252
0.878418 -0.25922
0.878906 -0.258187
0.879395 -0.257154
0.879883 -0.256121
0.880371 -0.255088
0.880859 -0.254055
0.881348 -0.253022
0.881836 -0.251989
0.882324 -0.250955
0.882812 -0.249922
0.883301 -0.248888
0.883789 -0.247855
0.884277 -0.246821
0.884766 -0.245787
0.885254 -0.244753
0.885742 -0.243719
0.88623 -0.242685
0.886719 -0.24165
0.887207 -0.240616
0.887695 -0.239581
0.888184 -0.238547
0.888672 -0.237512
0.88916 -0.236477
0.889648 -0.235443
0.890137 -0.234408
0.890625 -0.233373
0.891113 -0.232337
0.891602 -0.231302
0.89209 -0.230267
0.892578 -0.229231
0.893066 -0.228196
0.893555 -0.22716
0.894043 -0.226125
0.894531 -0.225089
0.89502 -0.224053
0.895508 -0.223017
0.895996 -0.221981
0.896484 -0.220945
0.896973 -0.219909
0.897461 -0.218872
0.897949 -0.217836
0.898438 -0.2168
0.898926 -0.215763
0.899414 -0.214726
0.899902 -0.21369
0.900391 -0.212653
0.900879 -0.211616
0.901367 -0.210579
0.901855 -0.209542
0.902344 -0.208505
0.902832 -0.207468
0.90332 -0.20643
0.903809 -0.205393
0.904297 -0.204356
0.904785 -0.203318
0.905273 -0.20228
0.905762 -0.201243
0.90625 -0.200205
0.906738 -0.199167
0.907227 -0.198129
0.907715 -0.197091
0.908203 -0.196053
0.908691 -0.195015
0.90918 -0.193977
0.909668 -0.192938
0.910156 -0.1919
0.910645 -0.190862
0.911133 -0.189823
0.911621 -0.188784
0.912109 -0.187746
0.912598 -0.186707
0.913086 -0.185668
0.913574 -0.184629
0.914062 -0.18359
0.914551 -0.182551
0.915039 -0.181512
0.915527 -0.180473
0.916016 -0.179434
0.916504 -0.178394
0.916992 -0.177355
0.91748 -0.176316
0.917969 -0.175276
0.918457 -0.174237
0.918945 -0.173197
0.919434 -0.172157
0.919922 -0.171117
0.92041 -0.170078
0.920898 -0.169038
0.921387 -0.167998
0.921875 -0.166958
0.922363 -0.165918
0.922852 -0.164877
0.92334 -0.163837
0.923828 -0.162797
0.924316 -0.161757
0.924805 -0.160716
0.925293 -0.159676
0.925781 -0.158635
0.92627 -0.157595
0.926758 -0.156554
0.927246 -0.155513
0.927734 -0.154473
0.928223 -0.153432
0.928711 -0.152391
0.929199 -0.15135
0.929688 -0.150309
0.930176 -0.149268
0.930664 -0.148227
0.931152 -0.147186
0.931641 -0.146145
0.932129 -0.145104
0.932617 -0.144062
0.933105 -0.143021
0.933594 -0.14198
0.934082 -0.140938
0.93457 -0.139897
0.935059 -0.138855
0.935547 -0.137814
0.936035 -0.136772
0.936523 -0.135731
0.937012 -0.134689
0.9375 -0.133647
0.937988 -0.132606
0.938477 -0.131564
0.938965 -0.130522
0.939453 -0.12948
0.939941 -0.128438
0.94043 -0.127396
0.940918 -0.126354
0.941406 -0.125312
0.941895 -0.12427
0.942383 -0.123228
0.942871 -0.122186
0.943359 -0.121144
0.943848 -0.120102
0.944336 -0.11906
0.944824 -0.118018
0.945312 -0.116976
0.945801 -0.115934
0.946289 -0.114891
0.946777 -0.113849
0.947266 -0.112807
0.947754 -0.111765
0.948242 -0.110722
0.94873 -0.10968
0.949219 -0.108638
0.949707 -0.107596
0.950195 -0.106553
0.950684 -0.105511
0.951172 -0.104469
0.95166 -0.103426
0.952148 -0.102384
0.952637 -0.101342
0.953125 -0.1003
0.953613 -0.0992574
0.954102 -0.0982152
0.95459 -0.0971729
0.955078 -0.0961307
0.955566 -0.0950885
0.956055 -0.0940464
0.956543 -0.0930042
0.957031 -0.0919621
0.95752 -0.09092
0.958008 -0.0898779
0.958496 -0.0888358
0.958984 -0.0877938
0.959473 -0.0867518
0.959961 -0.0857099
0.960449 -0.084668
0.960938 -0.0836261
0.961426 -0.0825843
0.961914 -0.0815425
0.962402 -0.0805008
0.962891 -0.0794591
0.963379 -0.0784175
0.963867 -0.0773759
0.964355 -0.0763344
0.964844 -0.0752929
0.965332 -0.0742515
0.96582 -0.0732102
0.966309 -0.0721689
0.966797 -0.0711277
0.967285 -0.0700865
0.967773 -0.0690455
0.968262 -0.0680045
0.96875 -0.0669635
0.969238 -0.0659227
0.969727 -0.0648819
0.970215 -0.0638412
0.970703 -0.0628006
0.971191 -0.06176
0.97168 -0.0607196
0.972168 -0.0596792
0.972656 -0.0586389
0.973145 -0.0575987
0.973633 -0.0565586
0.974121 -0.0555186
0.974609 -0.0544787
0.975098 -0.0534388
0.975586 -0.0523991
0.976074 -0.0513594
0.976562 -0.0503199
0.977051 -0.0492804
0.977539 -0.0482411
0.978027 -0.0472018
0.978516 -0.0461626
0.979004 -0.0451235
0.979492 -0.0440845
0.97998 -0.0430457
0.980469 -0.0420069
0.980957 -0.0409682
0.981445 -0.0399296
0.981934 -0.0388911
0.982422 -0.0378526
0.98291 -0.0368143
0.983398 -0.0357761
0.983887 -0.034738
0.984375 -0.0336999
0.984863 -0.032662
0.985352 -0.0316241
0.98584 -0.0305863
0.986328 -0.0295486
0.986816 -0.028511
0.987305 -0.0274735
0.987793 -0.026436
0.988281 -0.0253986
0.98877 -0.0243613
0.989258 -0.0233241
0.989746 -0.022287
0.990234 -0.0212499
0.990723 -0.0202129
0.991211 -0.0191759
0.991699 -0.018139
0.992188 -0.0171022
0.992676 -0.0160654
0.993164 -0.0150287
0.993652 -0.013992
0.994141 -0.0129553
0.994629 -0.0119188
0.995117 -0.0108822
0.995605 -0.00984569
0.996094 -0.00880921
0.996582 -0.00777276
0.99707 -0.00673634
0.997559 -0.00569994
0.998047 -0.00466356
0.998535 -0.0036272
0.999023 -0.00259085
0.999512 -0.0015545
1 -0.000518168
