0 0.000192742
0.000488281 0.000578227
0.000976562 0.000963711
0.00146484 0.0013492
0.00195312 0.00173468
0.00244141 0.00212017
0.00292969 0.00250565
0.00341797 0.00289114
0.00390625 0.00327662
0.00439453 0.00366211
0.00488281 0.00404759
0.00537109 0.00443308
0.00585938 0.00481857
0.00634766 0.00520406
0.00683594 0.00558954
0.00732422 0.00597503
0.0078125 0.00636052
0.00830078 0.00674601
0.00878906 0.00713151
0.00927734 0.007517
0.00976562 0.00790249
0.0102539 0.00828798
0.0107422 0.00867348
0.0112305 0.00905897
0.0117188 0.00944447
0.012207 0.00982997
0.0126953 0.0102155
0.0131836 0.010601
0.0136719 0.0109865
0.0141602 0.011372
0.0146484 0.0117575
0.0151367 0.012143
0.015625 0.0125285
0.0161133 0.012914
0.0166016 0.0132995
0.0170898 0.013685
0.0175781 0.0140705
0.0180664 0.014456
0.0185547 0.0148415
0.019043 0.0152271
0.0195312 0.0156126
0.0200195 0.0159981
0.0205078 0.0163836
0.0209961 0.0167691
0.0214844 0.0171547
0.0219727 0.0175402
0.0224609 0.0179257
0.0229492 0.0183112
0.0234375 0.0186968
0.0239258 0.0190823
0.0244141 0.0194678
0.0249023 0.0198534
0.0253906 0.0202389
0.0258789 0.0206245
0.0263672 0.02101
0.0268555 0.0213955
0.0273438 0.0217811
0.027832 0.0221666
0.0283203 0.0225522
0.0288086 0.0229377
0.0292969 0.0233233
0.0297852 0.0237089
0.0302734 0.0240944
0.0307617 0.02448
0.03125 0.0248655
0.0317383 0.0252511
0.0322266 0.0256367
0.0327148 0.0260223
0.0332031 0.0264078
0.0336914 0.0267934
0.0341797 0.027179
0.034668 0.0275646
0.0351562 0.0279502
0.0356445 0.0283357
0.0361328 0.0287213
0.0366211 0.0291069
0.0371094 0.0294925
0.0375977 0.0298781
0.0380859 0.0302637
0.0385742 0.0306493
0.0390625 0.0310349
0.0395508 0.0314205
0.0400391 0.0318062
0.0405273 0.0321918
0.0410156 0.0325774
0.0415039 0.032963
0.0419922 0.0333486
0.0424805 0.0337343
0.0429688 0.0341199
0.043457 0.0345055
0.0439453 0.0348912
0.0444336 0.0352768
0.0449219 0.0356624
0.0454102 0.0360481
0.0458984 0.0364337
0.0463867 0.0368194
0.046875 0.037205
0.0473633 0.0375907
0.0478516 0.0379763
0.0483398 0.038362
0.0488281 0.0387477
0.0493164 0.0391333
0.0498047 0.039519
0.050293 0.0399047
0.0507812 0.0402904
0.0512695 0.0406761
0.0517578 0.0410617
0.0522461 0.0414474
0.0527344 0.0418331
0.0532227 0.0422188
0.0537109 0.0426045
0.0541992 0.0429902
0.0546875 0.0433759
0.0551758 0.0437616
0.0556641 0.0441473
0.0561523 0.0445331
0.0566406 0.0449188
0.0571289 0.0453045
0.0576172 0.0456902
0.0581055 0.0460759
0.0585938 0.0464617
0.059082 0.0468474
0.0595703 0.0472331
0.0600586 0.0476189
0.0605469 0.0480046
0.0610352 0.0483904
0.0615234 0.0487761
0.0620117 0.0491619
0.0625 0.0495476
0.0629883 0.0499334
0.0634766 0.0503192
0.0639648 0.0507049
0.0644531 0.0510907
0.0649414 0.0514765
0.0654297 0.0518623
0.065918 0.052248
0.0664062 0.0526338
0.0668945 0.0530196
0.0673828 0.0534054
0.0678711 0.0537912
0.0683594 0.054177
0.0688477 0.0545628
0.0693359 0.0549486
0.0698242 0.0553344
0.0703125 0.0557202
0.0708008 0.056106
0.0712891 0.0564918
0.0717773 0.0568777
0.0722656 0.0572635
0.0727539 0.0576493
0.0732422 0.0580351
0.0737305 0.058421
0.0742188 0.0588068
0.074707 0.0591927
0.0751953 0.0595785
0.0756836 0.0599643
0.0761719 0.0603502
0.0766602 0.060736
0.0771484 0.0611219
0.0776367 0.0615078
0.078125 0.0618936
0.0786133 0.0622795
0.0791016 0.0626654
0.0795898 0.0630512
0.0800781 0.0634371
0.0805664 0.063823
0.0810547 0.0642089
0.081543 0.0645947
0.0820312 0.0649806
0.0825195 0.0653665
0.0830078 0.0657524
0.0834961 0.0661383
0.0839844 0.0665242
0.0844727 0.0669101
0.0849609 0.067296
0.0854492 0.0676819
0.0859375 0.0680678
0.0864258 0.0684537
0.0869141 0.0688397
0.0874023 0.0692256
0.0878906 0.0696115
0.0883789 0.0699974
0.0888672 0.0703833
0.0893555 0.0707693
0.0898438 0.0711552
0.090332 0.0715411
0.0908203 0.0719271
0.0913086 0.072313
0.0917969 0.072699
0.0922852 0.0730849
0.0927734 0.0734709
0.0932617 0.0738568
0.09375 0.0742428
0.0942383 0.0746287
0.0947266 0.0750147
0.0952148 0.0754006
0.0957031 0.0757866
0.0961914 0.0761726
0.0966797 0.0765585
0.097168 0.0769445
0.0976562 0.0773305
0.0981445 0.0777165
0.0986328 0.0781024
0.0991211 0.0784884
0.0996094 0.0788744
0.100098 0.0792604
0.100586 0.0796464
0.101074 0.0800324
0.101562 0.0804184
0.102051 0.0808043
0.102539 0.0811903
0.103027 0.0815763
0.103516 0.0819623
0.104004 0.0823483
0.104492 0.0827343
0.10498 0.0831204
0.105469 0.0835064
0.105957 0.0838924
0.106445 0.0842784
0.106934 0.0846644
0.107422 0.0850504
0.10791 0.0854364
0.108398 0.0858224
0.108887 0.0862085
0.109375 0.0865945
0.109863 0.0869805
0.110352 0.0873665
0.11084 0.0877526
0.111328 0.0881386
0.111816 0.0885246
0.112305 0.0889107
0.112793 0.0892967
0.113281 0.0896827
0.11377 0.0900688
0.114258 0.0904548
0.114746 0.0908409
0.115234 0.0912269
0.115723 0.0916129
0.116211 0.091999
0.116699 0.092385
0.117188 0.0927711
0.117676 0.0931571
0.118164 0.0935432
0.118652 0.0939292
0.119141 0.0943153
0.119629 0.0947013
0.120117 0.0950874
0.120605 0.0954734
0.121094 0.0958595
0.121582 0.0962455
0.12207 0.0966316
0.122559 0.0970177
0.123047 0.0974037
0.123535 0.0977898
0.124023 0.0981759
0.124512 0.0985619
0.125 0.098948
0.125488 0.099334
0.125977 0.0997201
0.126465 0.100106
0.126953 0.100492
0.127441 0.100878
0.12793 0.101264
0.128418 0.10165
0.128906 0.102037
0.129395 0.102423
0.129883 0.102809
0.130371 0.103195
0.130859 0.103581
0.131348 0.103967
0.131836 0.104353
0.132324 0.104739
0.132812 0.105125
0.133301 0.105511
0.133789 0.105897
0.134277 0.106283
0.134766 0.106669
0.135254 0.107055
0.135742 0.107442
0.13623 0.107828
0.136719 0.108214
0.137207 0.1086
0.137695 0.108986
0.138184 0.109372
0.138672 0.109758
0.13916 0.110144
0.139648 0.11053
0.140137 0.110916
0.140625 0.111302
0.141113 0.111688
0.141602 0.112074
0.14209 0.112461
0.142578 0.112847
0.143066 0.113233
0.143555 0.113619
0.144043 0.114005
0.144531 0.114391
0.14502 0.114777
0.145508 0.115163
0.145996 0.115549
0.146484 0.115935
0.146973 0.116321
0.147461 0.116707
0.147949 0.117093
0.148438 0.117479
0.148926 0.117866
0.149414 0.118252
0.149902 0.118638
0.150391 0.119024
0.150879 0.11941
0.151367 0.119796
0.151855 0.120182
0.152344 0.120568
0.152832 0.120954
0.15332 0.12134
0.153809 0.121726
0.154297 0.122112
0.154785 0.122498
0.155273 0.122884
0.155762 0.12327
0.15625 0.123656
0.156738 0.124043
0.157227 0.124429
0.157715 0.124815
0.158203 0.125201
0.158691 0.125587
0.15918 0.125973
0.159668 0.126359
0.160156 0.126745
0.160645 0.127131
0.161133 0.127517
0.161621 0.127903
0.162109 0.128289
0.162598 0.128675
0.163086 0.129061
0.163574 0.129447
0.164062 0.129833
0.164551 0.130219
0.165039 0.130605
0.165527 0.130991
0.166016 0.131377
0.166504 0.131763
0.166992 0.132149
0.16748 0.132536
0.167969 0.132922
0.168457 0.133308
0.168945 0.133694
0.169434 0.13408
0.169922 0.134466
0.17041 0.134852
0.170898 0.135238
0.171387 0.135624
0.171875 0.13601
0.172363 0.136396
0.172852 0.136782
0.17334 0.137168
0.173828 0.137554
0.174316 0.13794
0.174805 0.138326
0.175293 0.138712
0.175781 0.139098
0.17627 0.139484
0.176758 0.13987
0.177246 0.140256
0.177734 0.140642
0.178223 0.141028
0.178711 0.141414
0.179199 0.1418
0.179688 0.142186
0.180176 0.142572
0.180664 0.142958
0.181152 0.143344
0.181641 0.14373
0.182129 0.144116
0.182617 0.144502
0.183105 0.144888
0.183594 0.145274
0.184082 0.14566
0.18457 0.146045
0.185059 0.146431
0.185547 0.146817
0.186035 0.147203
0.186523 0.147589
0.187012 0.147975
0.1875 0.148361
0.187988 0.148747
0.188477 0.149133
0.188965 0.149519
0.189453 0.149905
0.189941 0.150291
0.19043 0.150677
0.190918 0.151063
0.191406 0.151449
0.191895 0.151835
0.192383 0.152221
0.192871 0.152607
0.193359 0.152992
0.193848 0.153378
0.194336 0.153764
0.194824 0.15415
0.195312 0.154536
0.195801 0.154922
0.196289 0.155308
0.196777 0.155694
0.197266 0.15608
0.197754 0.156466
0.198242 0.156852
0.19873 0.157237
0.199219 0.157623
0.199707 0.158009
0.200195 0.158395
0.200684 0.158781
0.201172 0.159167
0.20166 0.159553
0.202148 0.159939
0.202637 0.160325
0.203125 0.16071
0.203613 0.161096
0.204102 0.161482
0.20459 0.161868
0.205078 0.162254
0.205566 0.16264
0.206055 0.163026
0.206543 0.163411
0.207031 0.163797
0.20752 0.164183
0.208008 0.164569
0.208496 0.164955
0.208984 0.165341
0.209473 0.165726
0.209961 0.166112
0.210449 0.166498
0.210938 0.166884
0.211426 0.16727
0.211914 0.167656
0.212402 0.168041
0.212891 0.168427
0.213379 0.168813
0.213867 0.169199
0.214355 0.169585
0.214844 0.16997
0.215332 0.170356
0.21582 0.170742
0.216309 0.171128
0.216797 0.171514
0.217285 0.171899
0.217773 0.172285
0.218262 0.172671
0.21875 0.173057
0.219238 0.173442
0.219727 0.173828
0.220215 0.174214
0.220703 0.1746
0.221191 0.174986
0.22168 0.175371
0.222168 0.175757
0.222656 0.176143
0.223145 0.176529
0.223633 0.176914
0.224121 0.1773
0.224609 0.177686
0.225098 0.178071
0.225586 0.178457
0.226074 0.178843
0.226562 0.179229
0.227051 0.179614
0.227539 0.18
0.228027 0.180386
0.228516 0.180772
0.229004 0.181157
0.229492 0.181543
0.22998 0.181929
0.230469 0.182314
0.230957 0.1827
0.231445 0.183086
0.231934 0.183471
0.232422 0.183857
0.23291 0.184243
0.233398 0.184628
0.233887 0.185014
0.234375 0.1854
0.234863 0.185785
0.235352 0.186171
0.23584 0.186557
0.236328 0.186942
0.236816 0.187328
0.237305 0.187714
0.237793 0.188099
0.238281 0.188485
0.23877 0.188871
0.239258 0.189256
0.239746 0.189642
0.240234 0.190027
0.240723 0.190413
0.241211 0.190799
0.241699 0.191184
0.242188 0.19157
0.242676 0.191955
0.243164 0.192341
0.243652 0.192727
0.244141 0.193112
0.244629 0.193498
0.245117 0.193883
0.245605 0.194269
0.246094 0.194655
0.246582 0.19504
0.24707 0.195426
0.247559 0.195811
0.248047 0.196197
0.248535 0.196582
0.249023 0.196968
0.249512 0.197354
0.25 0.197739
0.250488 0.198125
0.250977 0.19851
0.251465 0.198896
0.251953 0.199281
0.252441 0.199667
0.25293 0.200052
0.253418 0.200438
0.253906 0.200823
0.254395 0.201209
0.254883 0.201594
0.255371 0.20198
0.255859 0.202365
0.256348 0.202751
0.256836 0.203136
0.257324 0.203522
0.257812 0.203907
0.258301 0.204293
0.258789 0.204678
0.259277 0.205064
0.259766 0.205449
0.260254 0.205835
0.260742 0.20622
0.26123 0.206606
0.261719 0.206991
0.262207 0.207376
0.262695 0.207762
0.263184 0.208147
0.263672 0.208533
0.26416 0.208918
0.264648 0.209304
0.265137 0.209689
0.265625 0.210074
0.266113 0.21046
0.266602 0.210845
0.26709 0.211231
0.267578 0.211616
0.268066 0.212001
0.268555 0.212387
0.269043 0.212772
0.269531 0.213158
0.27002 0.213543
0.270508 0.213928
0.270996 0.214314
0.271484 0.214699
0.271973 0.215085
0.272461 0.21547
0.272949 0.215855
0.273438 0.216241
0.273926 0.216626
0.274414 0.217011
0.274902 0.217397
0.275391 0.217782
0.275879 0.218167
0.276367 0.218553
0.276855 0.218938
0.277344 0.219323
0.277832 0.219709
0.27832 0.220094
0.278809 0.220479
0.279297 0.220864
0.279785 0.22125
0.280273 0.221635
0.280762 0.22202
0.28125 0.222406
0.281738 0.222791
0.282227 0.223176
0.282715 0.223561
0.283203 0.223947
0.283691 0.224332
0.28418 0.224717
0.284668 0.225102
0.285156 0.225488
0.285645 0.225873
0.286133 0.226258
0.286621 0.226643
0.287109 0.227029
0.287598 0.227414
0.288086 0.227799
0.288574 0.228184
0.289062 0.228569
0.289551 0.228955
0.290039 0.22934
0.290527 0.229725
0.291016 0.23011
0.291504 0.230495
0.291992 0.23088
0.29248 0.231266
0.292969 0.231651
0.293457 0.232036
0.293945 0.232421
0.294434 0.232806
0.294922 0.233191
0.29541 0.233577
0.295898 0.233962
0.296387 0.234347
0.296875 0.234732
0.297363 0.235117
0.297852 0.235502
0.29834 0.235887
0.298828 0.236272
0.299316 0.236658
0.299805 0.237043
0.300293 0.237428
0.300781 0.237813
0.30127 0.238198
0.301758 0.238583
0.302246 0.238968
0.302734 0.239353
0.303223 0.239738
0.303711 0.240123
0.304199 0.240508
0.304688 0.240893
0.305176 0.241278
0.305664 0.241663
0.306152 0.242049
0.306641 0.242434
0.307129 0.242819
0.307617 0.243204
0.308105 0.243589
0.308594 0.243974
0.309082 0.244359
0.30957 0.244744
0.310059 0.245129
0.310547 0.245514
0.311035 0.245899
0.311523 0.246284
0.312012 0.246669
0.3125 0.247054
0.312988 0.247438
0.313477 0.247823
0.313965 0.248208
0.314453 0.248593
0.314941 0.248978
0.31543 0.249363
0.315918 0.249748
0.316406 0.250133
0.316895 0.250518
0.317383 0.250903
0.317871 0.251288
0.318359 0.251673
0.318848 0.252058
0.319336 0.252443
0.319824 0.252827
0.320312 0.253212
0.320801 0.253597
0.321289 0.253982
0.321777 0.254367
0.322266 0.254752
0.322754 0.255137
0.323242 0.255522
0.32373 0.255906
0.324219 0.256291
0.324707 0.256676
0.325195 0.257061
0.325684 0.257446
0.326172 0.257831
0.32666 0.258215
0.327148 0.2586
0.327637 0.258985
0.328125 0.25937
0.328613 0.259755
0.329102 0.260139
0.32959 0.260524
0.330078 0.260909
0.330566 0.261294
0.331055 0.261679
0.331543 0.262063
0.332031 0.262448
0.33252 0.262833
0.333008 0.263218
0.333496 0.263602
0.333984 0.263987
0.334473 0.264372
0.334961 0.264757
0.335449 0.265141
0.335938 0.265526
0.336426 0.265911
0.336914 0.266295
0.337402 0.26668
0.337891 0.267065
0.338379 0.267449
0.338867 0.267834
0.339355 0.268219
0.339844 0.268603
0.340332 0.268988
0.34082 0.269373
0.341309 0.269757
0.341797 0.270142
0.342285 0.270527
0.342773 0.270911
0.343262 0.271296
0.34375 0.271681
0.344238 0.272065
0.344727 0.27245
0.345215 0.272834
0.345703 0.273219
0.346191 0.273604
0.34668 0.273988
0.347168 0.274373
0.347656 0.274757
0.348145 0.275142
0.348633 0.275527
0.349121 0.275911
0.349609 0.276296
0.350098 0.27668
0.350586 0.277065
0.351074 0.277449
0.351562 0.277834
0.352051 0.278218
0.352539 0.278603
0.353027 0.278987
0.353516 0.279372
0.354004 0.279756
0.354492 0.280141
0.35498 0.280525
0.355469 0.28091
0.355957 0.281294
0.356445 0.281679
0.356934 0.282063
0.357422 0.282448
0.35791 0.282832
0.358398 0.283217
0.358887 0.283601
0.359375 0.283986
0.359863 0.28437
0.360352 0.284754
0.36084 0.285139
0.361328 0.285523
0.361816 0.285908
0.362305 0.286292
0.362793 0.286676
0.363281 0.287061
0.36377 0.287445
0.364258 0.28783
0.364746 0.288214
0.365234 0.288598
0.365723 0.288983
0.366211 0.289367
0.366699 0.289751
0.367188 0.290136
0.367676 0.29052
0.368164 0.290904
0.368652 0.291289
0.369141 0.291673
0.369629 0.292057
0.370117 0.292442
0.370605 0.292826
0.371094 0.29321
0.371582 0.293594
0.37207 0.293979
0.372559 0.294363
0.373047 0.294747
0.373535 0.295132
0.374023 0.295516
0.374512 0.2959
0.375 0.296284
0.375488 0.296669
0.375977 0.297053
0.376465 0.297437
0.376953 0.297821
0.377441 0.298205
0.37793 0.29859
0.378418 0.298974
0.378906 0.299358
0.379395 0.299742
0.379883 0.300126
0.380371 0.300511
0.380859 0.300895
0.381348 0.301279
0.381836 0.301663
0.382324 0.302047
0.382812 0.302431
0.383301 0.302815
0.383789 0.3032
0.384277 0.303584
0.384766 0.303968
0.385254 0.304352
0.385742 0.304736
0.38623 0.30512
0.386719 0.305504
0.387207 0.305888
0.387695 0.306272
0.388184 0.306656
0.388672 0.30704
0.38916 0.307424
0.389648 0.307808
0.390137 0.308193
0.390625 0.308577
0.391113 0.308961
0.391602 0.309345
0.39209 0.309729
0.392578 0.310113
0.393066 0.310497
0.393555 0.310881
0.394043 0.311265
0.394531 0.311649
0.39502 0.312033
0.395508 0.312416
0.395996 0.3128
0.396484 0.313184
0.396973 0.313568
0.397461 0.313952
0.397949 0.314336
0.398438 0.31472
0.398926 0.315104
0.399414 0.315488
0.399902 0.315872
0.400391 0.316256
0.400879 0.31664
0.401367 0.317024
0.401855 0.317407
0.402344 0.317791
0.402832 0.318175
0.40332 0.318559
0.403809 0.318943
0.404297 0.319327
0.404785 0.31971
0.405273 0.320094
0.405762 0.320478
0.40625 0.320862
0.406738 0.321246
0.407227 0.32163
0.407715 0.322013
0.408203 0.322397
0.408691 0.322781
0.40918 0.323165
0.409668 0.323548
0.410156 0.323932
0.410645 0.324316
0.411133 0.3247
0.411621 0.325083
0.412109 0.325467
0.412598 0.325851
0.413086 0.326235
0.413574 0.326618
0.414062 0.327002
0.414551 0.327386
0.415039 0.327769
0.415527 0.328153
0.416016 0.328537
0.416504 0.32892
0.416992 0.329304
0.41748 0.329688
0.417969 0.330071
0.418457 0.330455
0.418945 0.330839
0.419434 0.331222
0.419922 0.331606
0.42041 0.331989
0.420898 0.332373
0.421387 0.332757
0.421875 0.33314
0.422363 0.333524
0.422852 0.333907
0.42334 0.334291
0.423828 0.334674
0.424316 0.335058
0.424805 0.335441
0.425293 0.335825
0.425781 0.336208
0.42627 0.336592
0.426758 0.336976
0.427246 0.337359
0.427734 0.337742
0.428223 0.338126
0.428711 0.338509
0.429199 0.338893
0.429688 0.339276
0.430176 0.33966
0.430664 0.340043
0.431152 0.340427
0.431641 0.34081
0.432129 0.341194
0.432617 0.341577
0.433105 0.34196
0.433594 0.342344
0.434082 0.342727
0.43457 0.343111
0.435059 0.343494
0.435547 0.343877
0.436035 0.344261
0.436523 0.344644
0.437012 0.345027
0.4375 0.345411
0.437988 0.345794
0.438477 0.346177
0.438965 0.346561
0.439453 0.346944
0.439941 0.347327
0.44043 0.347711
0.440918 0.348094
0.441406 0.348477
0.441895 0.34886
0.442383 0.349244
0.442871 0.349627
0.443359 0.35001
0.443848 0.350393
0.444336 0.350777
0.444824 0.35116
0.445312 0.351543
0.445801 0.351926
0.446289 0.352309
0.446777 0.352693
0.447266 0.353076
0.447754 0.353459
0.448242 0.353842
0.44873 0.354225
0.449219 0.354608
0.449707 0.354992
0.450195 0.355375
0.450684 0.355758
0.451172 0.356141
0.45166 0.356524
0.452148 0.356907
0.452637 0.35729
0.453125 0.357673
0.453613 0.358056
0.454102 0.35844
0.45459 0.358823
0.455078 0.359206
0.455566 0.359589
0.456055 0.359972
0.456543 0.360355
0.457031 0.360738
0.45752 0.361121
0.458008 0.361504
0.458496 0.361887
0.458984 0.36227
0.459473 0.362653
0.459961 0.363036
0.460449 0.363419
0.460938 0.363802
0.461426 0.364185
0.461914 0.364567
0.462402 0.36495
0.462891 0.365333
0.463379 0.365716
0.463867 0.366099
0.464355 0.366482
0.464844 0.366865
0.465332 0.367248
0.46582 0.367631
0.466309 0.368014
0.466797 0.368396
0.467285 0.368779
0.467773 0.369162
0.468262 0.369545
0.46875 0.369928
0.469238 0.370311
0.469727 0.370693
0.470215 0.371076
0.470703 0.371459
0.471191 0.371842
0.47168 0.372224
0.472168 0.372607
0.472656 0.37299
0.473145 0.373373
0.473633 0.373755
0.474121 0.374138
0.474609 0.374521
0.475098 0.374904
0.475586 0.375286
0.476074 0.375669
0.476562 0.376052
0.477051 0.376434
0.477539 0.376817
0.478027 0.3772
0.478516 0.377582
0.479004 0.377965
0.479492 0.378348
0.47998 0.37873
0.480469 0.379113
0.480957 0.379495
0.481445 0.379878
0.481934 0.380261
0.482422 0.380643
0.48291 0.381026
0.483398 0.381408
0.483887 0.381791
0.484375 0.382173
0.484863 0.382556
0.485352 0.382938
0.48584 0.383321
0.486328 0.383703
0.486816 0.384086
0.487305 0.384468
0.487793 0.384851
0.488281 0.385233
0.48877 0.385615
0.489258 0.385998
0.489746 0.386379
0.490234 0.386761
0.490723 0.387141
0.491211 0.38752
0.491699 0.387896
0.492188 0.388265
0.492676 0.388623
0.493164 0.388958
0.493652 0.389251
0.494141 0.389464
0.494629 0.389526
0.495117 0.389301
0.495605 0.388534
0.496094 0.386744
0.496582 0.383037
0.49707 0.375775
0.497559 0.362047
0.498047 0.336991
0.498535 0.293419
0.499023 0.223186
0.499512 0.12251
0.5 1.96885e-14
0.500488 -0.12251
0.500977 -0.223186
0.501465 -0.293419
0.501953 -0.336991
0.502441 -0.362047
0.50293 -0.375775
0.503418 -0.383037
0.503906 -0.386744
0.504395 -0.388534
0.504883 -0.389301
0.505371 -0.389526
0.505859 -0.389464
0.506348 -0.389251
0.506836 -0.388958
0.507324 -0.388623
0.507812 -0.388265
0.508301 -0.387896
0.508789 -0.38752
0.509277 -0.387141
0.509766 -0.386761
0.510254 -0.386379
0.510742 -0.385998
0.51123 -0.385615
0.511719 -0.385233
0.512207 -0.384851
0.512695 -0.384468
0.513184 -0.384086
0.513672 -0.383703
0.51416 -0.383321
0.514648 -0.382938
0.515137 -0.382556
0.515625 -0.382173
0.516113 -0.381791
0.516602 -0.381408
0.51709 -0.381026
0.517578 -0.380643
0.518066 -0.380261
0.518555 -0.379878
0.519043 -0.379495
0.519531 -0.379113
0.52002 -0.37873
0.520508 -0.378348
0.520996 -0.377965
0.521484 -0.377582
0.521973 -0.3772
0.522461 -0.376817
0.522949 -0.376434
0.523438 -0.376052
0.523926 -0.375669
0.524414 -0.375286
0.524902 -0.374904
0.525391 -0.374521
0.525879 -0.374138
0.526367 -0.373755
0.526855 -0.373373
0.527344 -0.37299
0.527832 -0.372607
0.52832 -0.372224
0.528809 -0.371842
0.529297 -0.371459
0.529785 -0.371076
0.530273 -0.370693
0.530762 -0.370311
0.53125 -0.369928
0.531738 -0.369545
0.532227 -0.369162
0.532715 -0.368779
0.533203 -0.368396
0.533691 -0.368014
0.53418 -0.367631
0.534668 -0.367248
0.535156 -0.366865
0.535645 -0.366482
0.536133 -0.366099
0.536621 -0.365716
0.537109 -0.365333
0.537598 -0.36495
0.538086 -0.364567
0.538574 -0.364185
0.539062 -0.363802
0.539551 -0.363419
0.540039 -0.363036
0.540527 -0.362653
0.541016 -0.36227
0.541504 -0.361887
0.541992 -0.361504
0.54248 -0.361121
0.542969 -0.360738
0.543457 -0.360355
0.543945 -0.359972
0.544434 -0.359589
0.544922 -0.359206
0.54541 -0.358823
0.545898 -0.35844
0.546387 -0.358056
0.546875 -0.357673
0.547363 -0.35729
0.547852 -0.356907
0.54834 -0.356524
0.548828 -0.356141
0.549316 -0.355758
0.549805 -0.355375
0.550293 -0.354992
0.550781 -0.354608
0.55127 -0.354225
0.551758 -0.353842
0.552246 -0.353459
0.552734 -0.353076
0.553223 -0.352693
0.553711 -0.352309
0.554199 -0.351926
0.554688 -0.351543
0.555176 -0.35116
0.555664 -0.350777
0.556152 -0.350393
0.556641 -0.35001
0.557129 -0.349627
0.557617 -0.349244
0.558105 -0.34886
0.558594 -0.348477
0.559082 -0.348094
0.55957 -0.347711
0.560059 -0.347327
0.560547 -0.346944
0.561035 -0.346561
0.561523 -0.346177
0.562012 -0.345794
0.5625 -0.345411
0.562988 -0.345027
0.563477 -0.344644
0.563965 -0.344261
0.564453 -0.343877
0.564941 -0.343494
0.56543 -0.343111
0.565918 -0.342727
0.566406 -0.342344
0.566895 -0.34196
0.567383 -0.341577
0.567871 -0.341194
0.568359 -0.34081
0.568848 -0.340427
0.569336 -0.340043
0.569824 -0.33966
0.570312 -0.339276
0.570801 -0.338893
0.571289 -0.338509
0.571777 -0.338126
0.572266 -0.337742
0.572754 -0.337359
0.573242 -0.336976
0.57373 -0.336592
0.574219 -0.336208
0.574707 -0.335825
0.575195 -0.335441
0.575684 -0.335058
0.576172 -0.334674
0.57666 -0.334291
0.577148 -0.333907
0.577637 -0.333524
0.578125 -0.33314
0.578613 -0.332757
0.579102 -0.332373
0.57959 -0.331989
0.580078 -0.331606
0.580566 -0.331222
0.581055 -0.330839
0.581543 -0.330455
0.582031 -0.330071
0.58252 -0.329688
0.583008 -0.329304
0.583496 -0.32892
0.583984 -0.328537
0.584473 -0.328153
0.584961 -0.327769
0.585449 -0.327386
0.585938 -0.327002
0.586426 -0.326618
0.586914 -0.326235
0.587402 -0.325851
0.587891 -0.325467
0.588379 -0.325083
0.588867 -0.3247
0.589355 -0.324316
0.589844 -0.323932
0.590332 -0.323548
0.59082 -0.323165
0.591309 -0.322781
0.591797 -0.322397
0.592285 -0.322013
0.592773 -0.32163
0.593262 -0.321246
0.59375 -0.320862
0.594238 -0.320478
0.594727 -0.320094
0.595215 -0.31971
0.595703 -0.319327
0.596191 -0.318943
0.59668 -0.318559
0.597168 -0.318175
0.597656 -0.317791
0.598145 -0.317407
0.598633 -0.317024
0.599121 -0.31664
0.599609 -0.316256
0.600098 -0.315872
0.600586 -0.315488
0.601074 -0.315104
0.601562 -0.31472
0.602051 -0.314336
0.602539 -0.313952
0.603027 -0.313568
0.603516 -0.313184
0.604004 -0.3128
0.604492 -0.312416
0.60498 -0.312033
0.605469 -0.311649
0.605957 -0.311265
0.606445 -0.310881
0.606934 -0.310497
0.607422 -0.310113
0.60791 -0.309729
0.608398 -0.309345
0.608887 -0.308961
0.609375 -0.308577
0.609863 -0.308193
0.610352 -0.307808
0.61084 -0.307424
0.611328 -0.30704
0.611816 -0.306656
0.612305 -0.306272
0.612793 -0.305888
0.613281 -0.305504
0.61377 -0.30512
0.614258 -0.304736
0.614746 -0.304352
0.615234 -0.303968
0.615723 -0.303584
0.616211 -0.3032
0.616699 -0.302815
0.617188 -0.302431
0.617676 -0.302047
0.618164 -0.301663
0.618652 -0.301279
0.619141 -0.300895
0.619629 -0.300511
0.620117 -0.300126
0.620605 -0.299742
0.621094 -0.299358
0.621582 -0.298974
0.62207 -0.29859
0.622559 -0.298205
0.623047 -0.297821
0.623535 -0.297437
0.624023 -0.297053
0.624512 -0.296669
0.625 -0.296284
0.625488 -0.2959
0.625977 -0.295516
0.626465 -0.295132
0.626953 -0.294747
0.627441 -0.294363
0.62793 -0.293979
0.628418 -0.293594
0.628906 -0.29321
0.629395 -0.292826
0.629883 -0.292442
0.630371 -0.292057
0.630859 -0.291673
0.631348 -0.291289
0.631836 -0.290904
0.632324 -0.29052
0.632812 -0.290136
0.633301 -0.289751
0.633789 -0.289367
0.634277 -0.288983
0.634766 -0.288598
0.635254 -0.288214
0.635742 -0.28783
0.63623 -0.287445
0.636719 -0.287061
0.637207 -0.286676
0.637695 -0.286292
0.638184 -0.285908
0.638672 -0.285523
0.63916 -0.285139
0.639648 -0.284754
0.640137 -0.28437
0.640625 -0.283986
0.641113 -0.283601
0.641602 -0.283217
0.64209 -0.282832
0.642578 -0.282448
0.643066 -0.282063
0.643555 -0.281679
0.644043 -0.281294
0.644531 -0.28091
0.64502 -0.280525
0.645508 -0.280141
0.645996 -0.279756
0.646484 -0.279372
0.646973 -0.278987
0.647461 -0.278603
0.647949 -0.278218
0.648438 -0.277834
0.648926 -0.277449
0.649414 -0.277065
0.649902 -0.27668
0.650391 -0.276296
0.650879 -0.275911
0.651367 -0.275527
0.651855 -0.275142
0.652344 -0.274757
0.652832 -0.274373
0.65332 -0.273988
0.653809 -0.273604
0.654297 -0.273219
0.654785 -0.272834
0.655273 -0.27245
0.655762 -0.272065
0.65625 -0.271681
0.656738 -0.271296
0.657227 -0.270911
0.657715 -0.270527
0.658203 -0.270142
0.658691 -0.269757
0.65918 -0.269373
0.659668 -0.268988
0.660156 -0.268603
0.660645 -0.268219
0.661133 -0.267834
0.661621 -0.267449
0.662109 -0.267065
0.662598 -0.26668
0.663086 -0.266295
0.663574 -0.265911
0.664062 -0.265526
0.664551 -0.265141
0.665039 -0.264757
0.665527 -0.264372
0.666016 -0.263987
0.666504 -0.263602
0.666992 -0.263218
0.66748 -0.262833
0.667969 -0.262448
0.668457 -0.262063
0.668945 -0.261679
0.669434 -0.261294
0.669922 -0.260909
0.67041 -0.260524
0.670898 -0.260139
0.671387 -0.259755
0.671875 -0.25937
0.672363 -0.258985
0.672852 -0.2586
0.67334 -0.258215
0.673828 -0.257831
0.674316 -0.257446
0.674805 -0.257061
0.675293 -0.256676
0.675781 -0.256291
0.67627 -0.255906
0.676758 -0.255522
0.677246 -0.255137
0.677734 -0.254752
0.678223 -0.254367
0.678711 -0.253982
0.679199 -0.253597
0.679688 -0.253212
0.680176 -0.252827
0.680664 -0.252443
0.681152 -0.252058
0.681641 -0.251673
0.682129 -0.251288
0.682617 -0.250903
0.683105 -0.250518
0.683594 -0.250133
0.684082 -0.249748
0.68457 -0.249363
0.685059 -0.248978
0.685547 -0.248593
0.686035 -0.248208
0.686523 -0.247823
0.687012 -0.247438
0.6875 -0.247054
0.687988 -0.246669
0.688477 -0.246284
0.688965 -0.245899
0.689453 -0.245514
0.689941 -0.245129
0.69043 -0.244744
0.690918 -0.244359
0.691406 -0.243974
0.691895 -0.243589
0.692383 -0.243204
0.692871 -0.242819
0.693359 -0.242434
0.693848 -0.242049
0.694336 -0.241663
0.694824 -0.241278
0.695312 -0.240893
0.695801 -0.240508
0.696289 -0.240123
0.696777 -0.239738
0.697266 -0.239353
0.697754 -0.238968
0.698242 -0.238583
0.69873 -0.238198
0.699219 -0.237813
0.699707 -0.237428
0.700195 -0.237043
0.700684 -0.236658
0.701172 -0.236272
0.70166 -0.235887
0.702148 -0.235502
0.702637 -0.235117
0.703125 -0.234732
0.703613 -0.234347
0.704102 -0.233962
0.70459 -0.233577
0.705078 -0.233191
0.705566 -0.232806
0.706055 -0.232421
0.706543 -0.232036
0.707031 -0.231651
0.70752 -0.231266
0.708008 -0.23088
0.708496 -0.230495
0.708984 -0.23011
0.709473 -0.229725
0.709961 -0.22934
0.710449 -0.228955
0.710938 -0.228569
0.711426 -0.228184
0.711914 -0.227799
0.712402 -0.227414
0.712891 -0.227029
0.713379 -0.226643
0.713867 -0.226258
0.714355 -0.225873
0.714844 -0.225488
0.715332 -0.225102
0.71582 -0.224717
0.716309 -0.224332
0.716797 -0.223947
0.717285 -0.223561
0.717773 -0.223176
0.718262 -0.222791
0.71875 -0.222406
0.719238 -0.22202
0.719727 -0.221635
0.720215 -0.22125
0.720703 -0.220864
0.721191 -0.220479
0.72168 -0.220094
0.722168 -0.219709
0.722656 -0.219323
0.723145 -0.218938
0.723633 -0.218553
0.724121 -0.218167
0.724609 -0.217782
0.725098 -0.217397
0.725586 -0.217011
0.726074 -0.216626
0.726562 -0.216241
0.727051 -0.215855
0.727539 -0.21547
0.728027 -0.215085
0.728516 -0.214699
0.729004 -0.214314
0.729492 -0.213928
0.72998 -0.213543
0.730469 -0.213158
0.730957 -0.212772
0.731445 -0.212387
0.731934 -0.212001
0.732422 -0.211616
0.73291 -0.211231
0.733398 -0.210845
0.733887 -0.21046
0.734375 -0.210074
0.734863 -0.209689
0.735352 -0.209304
0.73584 -0.208918
0.736328 -0.208533
0.736816 -0.208147
0.737305 -0.207762
0.737793 -0.207376
0.738281 -0.206991
0.73877 -0.206606
0.739258 -0.20622
0.739746 -0.205835
0.740234 -0.205449
0.740723 -0.205064
0.741211 -0.204678
0.741699 -0.204293
0.742188 -0.203907
0.742676 -0.203522
0.743164 -0.203136
0.743652 -0.202751
0.744141 -0.202365
0.744629 -0.20198
0.745117 -0.201594
0.745605 -0.201209
0.746094 -0.200823
0.746582 -0.200438
0.74707 -0.200052
0.747559 -0.199667
0.748047 -0.199281
0.748535 -0.198896
0.749023 -0.19851
0.749512 -0.198125
0.75 -0.197739
0.750488 -0.197354
0.750977 -0.196968
0.751465 -0.196582
0.751953 -0.196197
0.752441 -0.195811
0.75293 -0.195426
0.753418 -0.19504
0.753906 -0.194655
0.754395 -0.194269
0.754883 -0.193883
0.755371 -0.193498
0.755859 -0.193112
0.756348 -0.192727
0.756836 -0.192341
0.757324 -0.191955
0.757812 -0.19157
0.758301 -0.191184
0.758789 -0.190799
0.759277 -0.190413
0.759766 -0.190027
0.760254 -0.189642
0.760742 -0.189256
0.76123 -0.188871
0.761719 -0.188485
0.762207 -0.188099
0.762695 -0.187714
0.763184 -0.187328
0.763672 -0.186942
0.76416 -0.186557
0.764648 -0.186171
0.765137 -0.185785
0.765625 -0.1854
0.766113 -0.185014
0.766602 -0.184628
0.76709 -0.184243
0.767578 -0.183857
0.768066 -0.183471
0.768555 -0.183086
0.769043 -0.1827
0.769531 -0.182314
0.77002 -0.181929
0.770508 -0.181543
0.770996 -0.181157
0.771484 -0.180772
0.771973 -0.180386
0.772461 -0.18
0.772949 -0.179614
0.773438 -0.179229
0.773926 -0.178843
0.774414 -0.178457
0.774902 -0.178071
0.775391 -0.177686
0.775879 -0.1773
0.776367 -0.176914
0.776855 -0.176529
0.777344 -0.176143
0.777832 -0.175757
0.77832 -0.175371
0.778809 -0.174986
0.779297 -0.1746
0.779785 -0.174214
0.780273 -0.173828
0.780762 -0.173442
0.78125 -0.173057
0.781738 -0.172671
0.782227 -0.172285
0.782715 -0.171899
0.783203 -0.171514
0.783691 -0.171128
0.78418 -0.170742
0.784668 -0.170356
0.785156 -0.16997
0.785645 -0.169585
0.786133 -0.169199
0.786621 -0.168813
0.787109 -0.168427
0.787598 -0.168041
0.788086 -0.167656
0.788574 -0.16727
0.789062 -0.166884
0.789551 -0.166498
0.790039 -0.166112
0.790527 -0.165726
0.791016 -0.165341
0.791504 -0.164955
0.791992 -0.164569
0.79248 -0.164183
0.792969 -0.163797
0.793457 -0.163411
0.793945 -0.163026
0.794434 -0.16264
0.794922 -0.162254
0.79541 -0.161868
0.795898 -0.161482
0.796387 -0.161096
0.796875 -0.16071
0.797363 -0.160325
0.797852 -0.159939
0.79834 -0.159553
0.798828 -0.159167
0.799316 -0.158781
0.799805 -0.158395
0.800293 -0.158009
0.800781 -0.157623
0.80127 -0.157237
0.801758 -0.156852
0.802246 -0.156466
0.802734 -0.15608
0.803223 -0.155694
0.803711 -0.155308
0.804199 -0.154922
0.804688 -0.154536
0.805176 -0.15415
0.805664 -0.153764
0.806152 -0.153378
0.806641 -0.152992
0.807129 -0.152607
0.807617 -0.152221
0.808105 -0.151835
0.808594 -0.151449
0.809082 -0.151063
0.80957 -0.150677
0.810059 -0.150291
0.810547 -0.149905
0.811035 -0.149519
0.811523 -0.149133
0.812012 -0.148747
0.8125 -0.148361
0.812988 -0.147975
0.813477 -0.147589
0.813965 -0.147203
0.814453 -0.146817
0.814941 -0.146431
0.81543 -0.146045
0.815918 -0.14566
0.816406 -0.145274
0.816895 -0.144888
0.817383 -0.144502
0.817871 -0.144116
0.818359 -0.14373
0.818848 -0.143344
0.819336 -0.142958
0.819824 -0.142572
0.820312 -0.142186
0.820801 -0.1418
0.821289 -0.141414
0.821777 -0.141028
0.822266 -0.140642
0.822754 -0.140256
0.823242 -0.13987
0.82373 -0.139484
0.824219 -0.139098
0.824707 -0.138712
0.825195 -0.138326
0.825684 -0.13794
0.826172 -0.137554
0.82666 -0.137168
0.827148 -0.136782
0.827637 -0.136396
0.828125 -0.13601
0.828613 -0.135624
0.829102 -0.135238
0.82959 -0.134852
0.830078 -0.134466
0.830566 -0.13408
0.831055 -0.133694
0.831543 -0.133308
0.832031 -0.132922
0.83252 -0.132536
0.833008 -0.132149
0.833496 -0.131763
0.833984 -0.131377
0.834473 -0.130991
0.834961 -0.130605
0.835449 -0.130219
0.835938 -0.129833
0.836426 -0.129447
0.836914 -0.129061
0.837402 -0.128675
0.837891 -0.128289
0.838379 -0.127903
0.838867 -0.127517
0.839355 -0.127131
0.839844 -0.126745
0.840332 -0.126359
0.84082 -0.125973
0.841309 -0.125587
0.841797 -0.125201
0.842285 -0.124815
0.842773 -0.124429
0.843262 -0.124043
0.84375 -0.123656
0.844238 -0.12327
0.844727 -0.122884
0.845215 -0.122498
0.845703 -0.122112
0.846191 -0.121726
0.84668 -0.12134
0.847168 -0.120954
0.847656 -0.120568
0.848145 -0.120182
0.848633 -0.119796
0.849121 -0.11941
0.849609 -0.119024
0.850098 -0.118638
0.850586 -0.118252
0.851074 -0.117866
0.851562 -0.117479
0.852051 -0.117093
0.852539 -0.116707
0.853027 -0.116321
0.853516 -0.115935
0.854004 -0.115549
0.854492 -0.115163
0.85498 -0.114777
0.855469 -0.114391
0.855957 -0.114005
0.856445 -0.113619
0.856934 -0.113233
0.857422 -0.112847
0.85791 -0.112461
0.858398 -0.112074
0.858887 -0.111688
0.859375 -0.111302
0.859863 -0.110916
0.860352 -0.11053
0.86084 -0.110144
0.861328 -0.109758
0.861816 -0.109372
0.862305 -0.108986
0.862793 -0.1086
0.863281 -0.108214
0.86377 -0.107828
0.864258 -0.107442
0.864746 -0.107055
0.865234 -0.106669
0.865723 -0.106283
0.866211 -0.105897
0.866699 -0.105511
0.867188 -0.105125
0.867676 -0.104739
0.868164 -0.104353
0.868652 -0.103967
0.869141 -0.103581
0.869629 -0.103195
0.870117 -0.102809
0.870605 -0.102423
0.871094 -0.102037
0.871582 -0.10165
0.87207 -0.101264
0.872559 -0.100878
0.873047 -0.100492
0.873535 -0.100106
0.874023 -0.0997201
0.874512 -0.099334
0.875 -0.098948
0.875488 -0.0985619
0.875977 -0.0981759
0.876465 -0.0977898
0.876953 -0.0974037
0.877441 -0.0970177
0.87793 -0.0966316
0.878418 -0.0962455
0.878906 -0.0958595
0.879395 -0.0954734
0.879883 -0.0950874
0.880371 -0.0947013
0.880859 -0.0943153
0.881348 -0.0939292
0.881836 -0.0935432
0.882324 -0.0931571
0.882812 -0.0927711
0.883301 -0.092385
0.883789 -0.091999
0.884277 -0.0916129
0.884766 -0.0912269
0.885254 -0.0908409
0.885742 -0.0904548
0.88623 -0.0900688
0.886719 -0.0896827
0.887207 -0.0892967
0.887695 -0.0889107
0.888184 -0.0885246
0.888672 -0.0881386
0.88916 -0.0877526
0.889648 -0.0873665
0.890137 -0.0869805
0.890625 -0.0865945
0.891113 -0.0862085
0.891602 -0.0858224
0.89209 -0.0854364
0.892578 -0.0850504
0.893066 -0.0846644
0.893555 -0.0842784
0.894043 -0.0838924
0.894531 -0.0835064
0.89502 -0.0831204
0.895508 -0.0827343
0.895996 -0.0823483
0.896484 -0.0819623
0.896973 -0.0815763
0.897461 -0.0811903
0.897949 -0.0808043
0.898438 -0.0804184
0.898926 -0.0800324
0.899414 -0.0796464
0.899902 -0.0792604
0.900391 -0.0788744
0.900879 -0.0784884
0.901367 -0.0781024
0.901855 -0.0777165
0.902344 -0.0773305
0.902832 -0.0769445
0.90332 -0.0765585
0.903809 -0.0761726
0.904297 -0.0757866
0.904785 -0.0754006
0.905273 -0.0750147
0.905762 -0.0746287
0.90625 -0.0742428
0.906738 -0.0738568
0.907227 -0.0734709
0.907715 -0.0730849
0.908203 -0.072699
0.908691 -0.072313
0.90918 -0.0719271
0.909668 -0.0715411
0.910156 -0.0711552
0.910645 -0.0707693
0.911133 -0.0703833
0.911621 -0.0699974
0.912109 -0.0696115
0.912598 -0.0692256
0.913086 -0.0688397
0.913574 -0.0684537
0.914062 -0.0680678
0.914551 -0.0676819
0.915039 -0.067296
0.915527 -0.0669101
0.916016 -0.0665242
0.916504 -0.0661383
0.916992 -0.0657524
0.91748 -0.0653665
0.917969 -0.0649806
0.918457 -0.0645947
0.918945 -0.0642089
0.919434 -0.063823
0.919922 -0.0634371
0.92041 -0.0630512
0.920898 -0.0626654
0.921387 -0.0622795
0.921875 -0.0618936
0.922363 -0.0615078
0.922852 -0.0611219
0.92334 -0.060736
0.923828 -0.0603502
0.924316 -0.0599643
0.924805 -0.0595785
0.925293 -0.0591927
0.925781 -0.0588068
0.92627 -0.058421
0.926758 -0.0580351
0.927246 -0.0576493
0.927734 -0.0572635
0.928223 -0.0568777
0.928711 -0.0564918
0.929199 -0.056106
0.929688 -0.0557202
0.930176 -0.0553344
0.930664 -0.0549486
0.931152 -0.0545628
0.931641 -0.054177
0.932129 -0.0537912
0.932617 -0.0534054
0.933105 -0.0530196
0.933594 -0.0526338
0.934082 -0.052248
0.93457 -0.0518623
0.935059 -0.0514765
0.935547 -0.0510907
0.936035 -0.0507049
0.936523 -0.0503192
0.937012 -0.0499334
0.9375 -0.0495476
0.937988 -0.0491619
0.938477 -0.0487761
0.938965 -0.0483904
0.939453 -0.0480046
0.939941 -0.0476189
0.94043 -0.0472331
0.940918 -0.0468474
0.941406 -0.0464617
0.941895 -0.0460759
0.942383 -0.0456902
0.942871 -0.0453045
0.943359 -0.0449188
0.943848 -0.0445331
0.944336 -0.0441473
0.944824 -0.0437616
0.945312 -0.0433759
0.945801 -0.0429902
0.946289 -0.0426045
0.946777 -0.0422188
0.947266 -0.0418331
0.947754 -0.0414474
0.948242 -0.0410617
0.94873 -0.0406761
0.949219 -0.0402904
0.949707 -0.0399047
0.950195 -0.039519
0.950684 -0.0391333
0.951172 -0.0387477
0.95166 -0.038362
0.952148 -0.0379763
0.952637 -0.0375907
0.953125 -0.037205
0.953613 -0.0368194
0.954102 -0.0364337
0.95459 -0.0360481
0.955078 -0.0356624
0.955566 -0.0352768
0.956055 -0.0348912
0.956543 -0.0345055
0.957031 -0.0341199
0.95752 -0.0337343
0.958008 -0.0333486
0.958496 -0.032963
0.958984 -0.0325774
0.959473 -0.0321918
0.959961 -0.0318062
0.960449 -0.0314205
0.960938 -0.0310349
0.961426 -0.0306493
0.961914 -0.0302637
0.962402 -0.0298781
0.962891 -0.0294925
0.963379 -0.0291069
0.963867 -0.0287213
0.964355 -0.0283357
0.964844 -0.0279502
0.965332 -0.0275646
0.96582 -0.027179
0.966309 -0.0267934
0.966797 -0.0264078
0.967285 -0.0260223
0.967773 -0.0256367
0.968262 -0.0252511
0.96875 -0.0248655
0.969238 -0.02448
0.969727 -0.0240944
0.970215 -0.0237089
0.970703 -0.0233233
0.971191 -0.0229377
0.97168 -0.0225522
0.972168 -0.0221666
0.972656 -0.0217811
0.973145 -0.0213955
0.973633 -0.02101
0.974121 -0.0206245
0.974609 -0.0202389
0.975098 -0.0198534
0.975586 -0.0194678
0.976074 -0.0190823
0.976562 -0.0186968
0.977051 -0.0183112
0.977539 -0.0179257
0.978027 -0.0175402
0.978516 -0.0171547
0.979004 -0.0167691
0.979492 -0.0163836
0.97998 -0.0159981
0.980469 -0.0156126
0.980957 -0.0152271
0.981445 -0.0148415
0.981934 -0.014456
0.982422 -0.0140705
0.98291 -0.013685
0.983398 -0.0132995
0.983887 -0.012914
0.984375 -0.0125285
0.984863 -0.012143
0.985352 -0.0117575
0.98584 -0.011372
0.986328 -0.0109865
0.986816 -0.010601
0.987305 -0.0102155
0.987793 -0.00982997
0.988281 -0.00944447
0.98877 -0.00905897
0.989258 -0.00867348
0.989746 -0.00828798
0.990234 -0.00790249
0.990723 -0.007517
0.991211 -0.00713151
0.991699 -0.00674601
0.992188 -0.00636052
0.992676 -0.00597503
0.993164 -0.00558954
0.993652 -0.00520406
0.994141 -0.00481857
0.994629 -0.00443308
0.995117 -0.00404759
0.995605 -0.00366211
0.996094 -0.00327662
0.996582 -0.00289114
0.99707 -0.00250565
0.997559 -0.00212017
0.998047 -0.00173468
0.998535 -0.0013492
0.999023 -0.000963711
0.999512 -0.000578227
1 -0.000192742
