0 0.000269525
0.000488281 0.000808576
0.000976562 0.00134763
0.00146484 0.00188668
0.00195312 0.00242573
0.00244141 0.00296478
0.00292969 0.00350384
0.00341797 0.00404289
0.00390625 0.00458195
0.00439453 0.005121
0.00488281 0.00566006
0.00537109 0.00619912
0.00585938 0.00673819
0.00634766 0.00727725
0.00683594 0.00781632
0.00732422 0.00835539
0.0078125 0.00889446
0.00830078 0.00943354
0.00878906 0.00997262
0.00927734 0.0105117
0.00976562 0.0110508
0.0102539 0.0115899
0.0107422 0.012129
0.0112305 0.0126681
0.0117188 0.0132072
0.012207 0.0137463
0.0126953 0.0142854
0.0131836 0.0148245
0.0136719 0.0153636
0.0141602 0.0159027
0.0146484 0.0164419
0.0151367 0.016981
0.015625 0.0175201
0.0161133 0.0180593
0.0166016 0.0185984
0.0170898 0.0191376
0.0175781 0.0196767
0.0180664 0.0202159
0.0185547 0.0207551
0.019043 0.0212943
0.0195312 0.0218335
0.0200195 0.0223726
0.0205078 0.0229118
0.0209961 0.0234511
0.0214844 0.0239903
0.0219727 0.0245295
0.0224609 0.0250687
0.0229492 0.0256079
0.0234375 0.0261472
0.0239258 0.0266864
0.0244141 0.0272257
0.0249023 0.027765
0.0253906 0.0283042
0.0258789 0.0288435
0.0263672 0.0293828
0.0268555 0.0299221
0.0273438 0.0304614
0.027832 0.0310007
0.0283203 0.03154
0.0288086 0.0320794
0.0292969 0.0326187
0.0297852 0.0331581
0.0302734 0.0336974
0.0307617 0.0342368
0.03125 0.0347762
0.0317383 0.0353155
0.0322266 0.0358549
0.0327148 0.0363943
0.0332031 0.0369337
0.0336914 0.0374732
0.0341797 0.0380126
0.034668 0.038552
0.0351562 0.0390915
0.0356445 0.0396309
0.0361328 0.0401704
0.0366211 0.0407099
0.0371094 0.0412494
0.0375977 0.0417889
0.0380859 0.0423284
0.0385742 0.0428679
0.0390625 0.0434074
0.0395508 0.043947
0.0400391 0.0444865
0.0405273 0.0450261
0.0410156 0.0455656
0.0415039 0.0461052
0.0419922 0.0466448
0.0424805 0.0471844
0.0429688 0.047724
0.043457 0.0482636
0.0439453 0.0488032
0.0444336 0.0493429
0.0449219 0.0498825
0.0454102 0.0504222
0.0458984 0.0509618
0.0463867 0.0515015
0.046875 0.0520412
0.0473633 0.0525809
0.0478516 0.0531206
0.0483398 0.0536603
0.0488281 0.0542
0.0493164 0.0547397
0.0498047 0.0552795
0.050293 0.0558192
0.0507812 0.056359
0.0512695 0.0568988
0.0517578 0.0574386
0.0522461 0.0579783
0.0527344 0.0585182
0.0532227 0.059058
0.0537109 0.0595978
0.0541992 0.0601376
0.0546875 0.0606774
0.0551758 0.0612173
0.0556641 0.0617572
0.0561523 0.062297
0.0566406 0.0628369
0.0571289 0.0633768
0.0576172 0.0639167
0.0581055 0.0644566
0.0585938 0.0649965
0.059082 0.0655364
0.0595703 0.0660763
0.0600586 0.0666163
0.0605469 0.0671562
0.0610352 0.0676962
0.0615234 0.0682361
0.0620117 0.0687761
0.0625 0.0693161
0.0629883 0.0698561
0.0634766 0.0703961
0.0639648 0.0709361
0.0644531 0.0714761
0.0649414 0.0720161
0.0654297 0.0725561
0.065918 0.0730962
0.0664062 0.0736362
0.0668945 0.0741763
0.0673828 0.0747163
0.0678711 0.0752564
0.0683594 0.0757965
0.0688477 0.0763366
0.0693359 0.0768766
0.0698242 0.0774167
0.0703125 0.0779568
0.0708008 0.0784969
0.0712891 0.0790371
0.0717773 0.0795772
0.0722656 0.0801173
0.0727539 0.0806574
0.0732422 0.0811976
0.0737305 0.0817377
0.0742188 0.0822779
0.074707 0.082818
0.0751953 0.0833582
0.0756836 0.0838984
0.0761719 0.0844385
0.0766602 0.0849787
0.0771484 0.0855189
0.0776367 0.0860591
0.078125 0.0865993
0.0786133 0.0871395
0.0791016 0.0876797
0.0795898 0.0882199
0.0800781 0.0887601
0.0805664 0.0893003
0.0810547 0.0898405
0.081543 0.0903808
0.0820312 0.090921
0.0825195 0.0914612
0.0830078 0.0920015
0.0834961 0.0925417
0.0839844 0.0930819
0.0844727 0.0936222
0.0849609 0.0941624
0.0854492 0.0947027
0.0859375 0.095243
0.0864258 0.0957832
0.0869141 0.0963235
0.0874023 0.0968638
0.0878906 0.097404
0.0883789 0.0979443
0.0888672 0.0984846
0.0893555 0.0990248
0.0898438 0.0995651
0.090332 0.100105
0.0908203 0.100646
0.0913086 0.101186
0.0917969 0.101726
0.0922852 0.102267
0.0927734 0.102807
0.0932617 0.103347
0.09375 0.103887
0.0942383 0.104428
0.0947266 0.104968
0.0952148 0.105508
0.0957031 0.106049
0.0961914 0.106589
0.0966797 0.107129
0.097168 0.107669
0.0976562 0.10821
0.0981445 0.10875
0.0986328 0.10929
0.0991211 0.109831
0.0996094 0.110371
0.100098 0.110911
0.100586 0.111452
0.101074 0.111992
0.101562 0.112532
0.102051 0.113072
0.102539 0.113613
0.103027 0.114153
0.103516 0.114693
0.104004 0.115234
0.104492 0.115774
0.10498 0.116314
0.105469 0.116854
0.105957 0.117395
0.106445 0.117935
0.106934 0.118475
0.107422 0.119016
0.10791 0.119556
0.108398 0.120096
0.108887 0.120636
0.109375 0.121177
0.109863 0.121717
0.110352 0.122257
0.11084 0.122798
0.111328 0.123338
0.111816 0.123878
0.112305 0.124418
0.112793 0.124959
0.113281 0.125499
0.11377 0.126039
0.114258 0.126579
0.114746 0.12712
0.115234 0.12766
0.115723 0.1282
0.116211 0.12874
0.116699 0.12928
0.117188 0.129821
0.117676 0.130361
0.118164 0.130901
0.118652 0.131441
0.119141 0.131981
0.119629 0.132522
0.120117 0.133062
0.120605 0.133602
0.121094 0.134142
0.121582 0.134682
0.12207 0.135223
0.122559 0.135763
0.123047 0.136303
0.123535 0.136843
0.124023 0.137383
0.124512 0.137923
0.125 0.138464
0.125488 0.139004
0.125977 0.139544
0.126465 0.140084
0.126953 0.140624
0.127441 0.141164
0.12793 0.141704
0.128418 0.142244
0.128906 0.142785
0.129395 0.143325
0.129883 0.143865
0.130371 0.144405
0.130859 0.144945
0.131348 0.145485
0.131836 0.146025
0.132324 0.146565
0.132812 0.147105
0.133301 0.147645
0.133789 0.148185
0.134277 0.148725
0.134766 0.149265
0.135254 0.149805
0.135742 0.150345
0.13623 0.150885
0.136719 0.151425
0.137207 0.151965
0.137695 0.152505
0.138184 0.153045
0.138672 0.153585
0.13916 0.154125
0.139648 0.154665
0.140137 0.155205
0.140625 0.155745
0.141113 0.156285
0.141602 0.156825
0.14209 0.157365
0.142578 0.157905
0.143066 0.158445
0.143555 0.158985
0.144043 0.159525
0.144531 0.160065
0.14502 0.160604
0.145508 0.161144
0.145996 0.161684
0.146484 0.162224
0.146973 0.162764
0.147461 0.163304
0.147949 0.163844
0.148438 0.164383
0.148926 0.164923
0.149414 0.165463
0.149902 0.166003
0.150391 0.166543
0.150879 0.167082
0.151367 0.167622
0.151855 0.168162
0.152344 0.168702
0.152832 0.169241
0.15332 0.169781
0.153809 0.170321
0.154297 0.170861
0.154785 0.1714
0.155273 0.17194
0.155762 0.17248
0.15625 0.173019
0.156738 0.173559
0.157227 0.174099
0.157715 0.174638
0.158203 0.175178
0.158691 0.175718
0.15918 0.176257
0.159668 0.176797
0.160156 0.177337
0.160645 0.177876
0.161133 0.178416
0.161621 0.178955
0.162109 0.179495
0.162598 0.180035
0.163086 0.180574
0.163574 0.181114
0.164062 0.181653
0.164551 0.182193
0.165039 0.182732
0.165527 0.183272
0.166016 0.183811
0.166504 0.184351
0.166992 0.18489
0.16748 0.18543
0.167969 0.185969
0.168457 0.186509
0.168945 0.187048
0.169434 0.187588
0.169922 0.188127
0.17041 0.188666
0.170898 0.189206
0.171387 0.189745
0.171875 0.190285
0.172363 0.190824
0.172852 0.191363
0.17334 0.191903
0.173828 0.192442
0.174316 0.192981
0.174805 0.193521
0.175293 0.19406
0.175781 0.194599
0.17627 0.195139
0.176758 0.195678
0.177246 0.196217
0.177734 0.196756
0.178223 0.197296
0.178711 0.197835
0.179199 0.198374
0.179688 0.198913
0.180176 0.199453
0.180664 0.199992
0.181152 0.200531
0.181641 0.20107
0.182129 0.201609
0.182617 0.202148
0.183105 0.202688
0.183594 0.203227
0.184082 0.203766
0.18457 0.204305
0.185059 0.204844
0.185547 0.205383
0.186035 0.205922
0.186523 0.206461
0.187012 0.207
0.1875 0.207539
0.187988 0.208078
0.188477 0.208617
0.188965 0.209156
0.189453 0.209695
0.189941 0.210234
0.19043 0.210773
0.190918 0.211312
0.191406 0.211851
0.191895 0.21239
0.192383 0.212929
0.192871 0.213468
0.193359 0.214007
0.193848 0.214546
0.194336 0.215085
0.194824 0.215624
0.195312 0.216162
0.195801 0.216701
0.196289 0.21724
0.196777 0.217779
0.197266 0.218318
0.197754 0.218856
0.198242 0.219395
0.19873 0.219934
0.199219 0.220473
0.199707 0.221012
0.200195 0.22155
0.200684 0.222089
0.201172 0.222628
0.20166 0.223166
0.202148 0.223705
0.202637 0.224244
0.203125 0.224782
0.203613 0.225321
0.204102 0.22586
0.20459 0.226398
0.205078 0.226937
0.205566 0.227476
0.206055 0.228014
0.206543 0.228553
0.207031 0.229091
0.20752 0.22963
0.208008 0.230168
0.208496 0.230707
0.208984 0.231245
0.209473 0.231784
0.209961 0.232322
0.210449 0.232861
0.210938 0.233399
0.211426 0.233938
0.211914 0.234476
0.212402 0.235015
0.212891 0.235553
0.213379 0.236091
0.213867 0.23663
0.214355 0.237168
0.214844 0.237706
0.215332 0.238245
0.21582 0.238783
0.216309 0.239321
0.216797 0.23986
0.217285 0.240398
0.217773 0.240936
0.218262 0.241474
0.21875 0.242013
0.219238 0.242551
0.219727 0.243089
0.220215 0.243627
0.220703 0.244166
0.221191 0.244704
0.22168 0.245242
0.222168 0.24578
0.222656 0.246318
0.223145 0.246856
0.223633 0.247394
0.224121 0.247932
0.224609 0.248471
0.225098 0.249009
0.225586 0.249547
0.226074 0.250085
0.226562 0.250623
0.227051 0.251161
0.227539 0.251699
0.228027 0.252237
0.228516 0.252775
0.229004 0.253313
0.229492 0.253851
0.22998 0.254388
0.230469 0.254926
0.230957 0.255464
0.231445 0.256002
0.231934 0.25654
0.232422 0.257078
0.23291 0.257616
0.233398 0.258154
0.233887 0.258691
0.234375 0.259229
0.234863 0.259767
0.235352 0.260305
0.23584 0.260842
0.236328 0.26138
0.236816 0.261918
0.237305 0.262456
0.237793 0.262993
0.238281 0.263531
0.23877 0.264069
0.239258 0.264606
0.239746 0.265144
0.240234 0.265681
0.240723 0.266219
0.241211 0.266757
0.241699 0.267294
0.242188 0.267832
0.242676 0.268369
0.243164 0.268907
0.243652 0.269444
0.244141 0.269982
0.244629 0.270519
0.245117 0.271057
0.245605 0.271594
0.246094 0.272132
0.246582 0.272669
0.24707 0.273206
0.247559 0.273744
0.248047 0.274281
0.248535 0.274818
0.249023 0.275356
0.249512 0.275893
0.25 0.27643
0.250488 0.276968
0.250977 0.277505
0.251465 0.278042
0.251953 0.278579
0.252441 0.279117
0.25293 0.279654
0.253418 0.280191
0.253906 0.280728
0.254395 0.281265
0.254883 0.281803
0.255371 0.28234
0.255859 0.282877
0.256348 0.283414
0.256836 0.283951
0.257324 0.284488
0.257812 0.285025
0.258301 0.285562
0.258789 0.286099
0.259277 0.286636
0.259766 0.287173
0.260254 0.28771
0.260742 0.288247
0.26123 0.288784
0.261719 0.289321
0.262207 0.289858
0.262695 0.290395
0.263184 0.290931
0.263672 0.291468
0.26416 0.292005
0.264648 0.292542
0.265137 0.293079
0.265625 0.293615
0.266113 0.294152
0.266602 0.294689
0.26709 0.295226
0.267578 0.295762
0.268066 0.296299
0.268555 0.296836
0.269043 0.297372
0.269531 0.297909
0.27002 0.298446
0.270508 0.298982
0.270996 0.299519
0.271484 0.300055
0.271973 0.300592
0.272461 0.301128
0.272949 0.301665
0.273438 0.302201
0.273926 0.302738
0.274414 0.303274
0.274902 0.303811
0.275391 0.304347
0.275879 0.304884
0.276367 0.30542
0.276855 0.305956
0.277344 0.306493
0.277832 0.307029
0.27832 0.307565
0.278809 0.308102
0.279297 0.308638
0.279785 0.309174
0.280273 0.309711
0.280762 0.310247
0.28125 0.310783
0.281738 0.311319
0.282227 0.311855
0.282715 0.312391
0.283203 0.312928
0.283691 0.313464
0.28418 0.314
0.284668 0.314536
0.285156 0.315072
0.285645 0.315608
0.286133 0.316144
0.286621 0.31668
0.287109 0.317216
0.287598 0.317752
0.288086 0.318288
0.288574 0.318824
0.289062 0.31936
0.289551 0.319896
0.290039 0.320432
0.290527 0.320967
0.291016 0.321503
0.291504 0.322039
0.291992 0.322575
0.29248 0.323111
0.292969 0.323646
0.293457 0.324182
0.293945 0.324718
0.294434 0.325253
0.294922 0.325789
0.29541 0.326325
0.295898 0.32686
0.296387 0.327396
0.296875 0.327932
0.297363 0.328467
0.297852 0.329003
0.29834 0.329538
0.298828 0.330074
0.299316 0.330609
0.299805 0.331145
0.300293 0.33168
0.300781 0.332216
0.30127 0.332751
0.301758 0.333287
0.302246 0.333822
0.302734 0.334357
0.303223 0.334893
0.303711 0.335428
0.304199 0.335963
0.304688 0.336499
0.305176 0.337034
0.305664 0.337569
0.306152 0.338104
0.306641 0.338639
0.307129 0.339175
0.307617 0.33971
0.308105 0.340245
0.308594 0.34078
0.309082 0.341315
0.30957 0.34185
0.310059 0.342385
0.310547 0.34292
0.311035 0.343455
0.311523 0.34399
0.312012 0.344525
0.3125 0.34506
0.312988 0.345595
0.313477 0.34613
0.313965 0.346665
0.314453 0.3472
0.314941 0.347735
0.31543 0.348269
0.315918 0.348804
0.316406 0.349339
0.316895 0.349874
0.317383 0.350409
0.317871 0.350943
0.318359 0.351478
0.318848 0.352013
0.319336 0.352547
0.319824 0.353082
0.320312 0.353616
0.320801 0.354151
0.321289 0.354686
0.321777 0.35522
0.322266 0.355755
0.322754 0.356289
0.323242 0.356824
0.32373 0.357358
0.324219 0.357893
0.324707 0.358427
0.325195 0.358961
0.325684 0.359496
0.326172 0.36003
0.32666 0.360564
0.327148 0.361099
0.327637 0.361633
0.328125 0.362167
0.328613 0.362701
0.329102 0.363236
0.32959 0.36377
0.330078 0.364304
0.330566 0.364838
0.331055 0.365372
0.331543 0.365906
0.332031 0.36644
0.33252 0.366974
0.333008 0.367508
0.333496 0.368042
0.333984 0.368576
0.334473 0.36911
0.334961 0.369644
0.335449 0.370178
0.335938 0.370712
0.336426 0.371246
0.336914 0.37178
0.337402 0.372314
0.337891 0.372847
0.338379 0.373381
0.338867 0.373915
0.339355 0.374449
0.339844 0.374982
0.340332 0.375516
0.34082 0.37605
0.341309 0.376583
0.341797 0.377117
0.342285 0.377651
0.342773 0.378184
0.343262 0.378718
0.34375 0.379251
0.344238 0.379785
0.344727 0.380318
0.345215 0.380852
0.345703 0.381385
0.346191 0.381918
0.34668 0.382452
0.347168 0.382985
0.347656 0.383518
0.348145 0.384052
0.348633 0.384585
0.349121 0.385118
0.349609 0.385651
0.350098 0.386185
0.350586 0.386718
0.351074 0.387251
0.351562 0.387784
0.352051 0.388317
0.352539 0.38885
0.353027 0.389383
0.353516 0.389916
0.354004 0.390449
0.354492 0.390982
0.35498 0.391515
0.355469 0.392048
0.355957 0.392581
0.356445 0.393114
0.356934 0.393647
0.357422 0.39418
0.35791 0.394712
0.358398 0.395245
0.358887 0.395778
0.359375 0.396311
0.359863 0.396843
0.360352 0.397376
0.36084 0.397909
0.361328 0.398441
0.361816 0.398974
0.362305 0.399506
0.362793 0.400039
0.363281 0.400571
0.36377 0.401104
0.364258 0.401636
0.364746 0.402169
0.365234 0.402701
0.365723 0.403234
0.366211 0.403766
0.366699 0.404298
0.367188 0.404831
0.367676 0.405363
0.368164 0.405895
0.368652 0.406427
0.369141 0.40696
0.369629 0.407492
0.370117 0.408024
0.370605 0.408556
0.371094 0.409088
0.371582 0.40962
0.37207 0.410152
0.372559 0.410684
0.373047 0.411216
0.373535 0.411748
0.374023 0.41228
0.374512 0.412812
0.375 0.413344
0.375488 0.413876
0.375977 0.414408
0.376465 0.414939
0.376953 0.415471
0.377441 0.416003
0.37793 0.416535
0.378418 0.417066
0.378906 0.417598
0.379395 0.41813
0.379883 0.418661
0.380371 0.419193
0.380859 0.419724
0.381348 0.420256
0.381836 0.420787
0.382324 0.421319
0.382812 0.42185
0.383301 0.422382
0.383789 0.422913
0.384277 0.423444
0.384766 0.423976
0.385254 0.424507
0.385742 0.425038
0.38623 0.42557
0.386719 0.426101
0.387207 0.426632
0.387695 0.427163
0.388184 0.427694
0.388672 0.428225
0.38916 0.428756
0.389648 0.429287
0.390137 0.429818
0.390625 0.430349
0.391113 0.43088
0.391602 0.431411
0.39209 0.431942
0.392578 0.432473
0.393066 0.433004
0.393555 0.433535
0.394043 0.434065
0.394531 0.434596
0.39502 0.435127
0.395508 0.435658
0.395996 0.436188
0.396484 0.436719
0.396973 0.43725
0.397461 0.43778
0.397949 0.438311
0.398438 0.438841
0.398926 0.439372
0.399414 0.439902
0.399902 0.440433
0.400391 0.440963
0.400879 0.441493
0.401367 0.442024
0.401855 0.442554
0.402344 0.443084
0.402832 0.443614
0.40332 0.444145
0.403809 0.444675
0.404297 0.445205
0.404785 0.445735
0.405273 0.446265
0.405762 0.446795
0.40625 0.447325
0.406738 0.447855
0.407227 0.448385
0.407715 0.448915
0.408203 0.449445
0.408691 0.449975
0.40918 0.450505
0.409668 0.451035
0.410156 0.451564
0.410645 0.452094
0.411133 0.452624
0.411621 0.453154
0.412109 0.453683
0.412598 0.454213
0.413086 0.454742
0.413574 0.455272
0.414062 0.455802
0.414551 0.456331
0.415039 0.456861
0.415527 0.45739
0.416016 0.457919
0.416504 0.458449
0.416992 0.458978
0.41748 0.459507
0.417969 0.460037
0.418457 0.460566
0.418945 0.461095
0.419434 0.461624
0.419922 0.462153
0.42041 0.462683
0.420898 0.463212
0.421387 0.463741
0.421875 0.46427
0.422363 0.464799
0.422852 0.465328
0.42334 0.465857
0.423828 0.466386
0.424316 0.466914
0.424805 0.467443
0.425293 0.467972
0.425781 0.468501
0.42627 0.469029
0.426758 0.469558
0.427246 0.470087
0.427734 0.470615
0.428223 0.471144
0.428711 0.471673
0.429199 0.472201
0.429688 0.47273
0.430176 0.473258
0.430664 0.473786
0.431152 0.474315
0.431641 0.474843
0.432129 0.475371
0.432617 0.4759
0.433105 0.476428
0.433594 0.476956
0.434082 0.477484
0.43457 0.478013
0.435059 0.478541
0.435547 0.479069
0.436035 0.479597
0.436523 0.480125
0.437012 0.480653
0.4375 0.481181
0.437988 0.481709
0.438477 0.482237
0.438965 0.482764
0.439453 0.483292
0.439941 0.48382
0.44043 0.484348
0.440918 0.484875
0.441406 0.485403
0.441895 0.485931
0.442383 0.486458
0.442871 0.486986
0.443359 0.487513
0.443848 0.488041
0.444336 0.488568
0.444824 0.489096
0.445312 0.489623
0.445801 0.49015
0.446289 0.490678
0.446777 0.491205
0.447266 0.491732
0.447754 0.492259
0.448242 0.492787
0.44873 0.493314
0.449219 0.493841
0.449707 0.494368
0.450195 0.494895
0.450684 0.495422
0.451172 0.495949
0.45166 0.496476
0.452148 0.497003
0.452637 0.497529
0.453125 0.498056
0.453613 0.498583
0.454102 0.49911
0.45459 0.499636
0.455078 0.500163
0.455566 0.50069
0.456055 0.501216
0.456543 0.501743
0.457031 0.502269
0.45752 0.502796
0.458008 0.503322
0.458496 0.503849
0.458984 0.504375
0.459473 0.504901
0.459961 0.505427
0.460449 0.505954
0.460938 0.50648
0.461426 0.507006
0.461914 0.507532
0.462402 0.508058
0.462891 0.508584
0.463379 0.50911
0.463867 0.509636
0.464355 0.510162
0.464844 0.510688
0.465332 0.511214
0.46582 0.51174
0.466309 0.512266
0.466797 0.512791
0.467285 0.513317
0.467773 0.513843
0.468262 0.514368
0.46875 0.514894
0.469238 0.515419
0.469727 0.515945
0.470215 0.51647
0.470703 0.516996
0.471191 0.517521
0.47168 0.518047
0.472168 0.518572
0.472656 0.519097
0.473145 0.519622
0.473633 0.520148
0.474121 0.520673
0.474609 0.521198
0.475098 0.521723
0.475586 0.522248
0.476074 0.522773
0.476562 0.523298
0.477051 0.523823
0.477539 0.524348
0.478027 0.524872
0.478516 0.525397
0.479004 0.525922
0.479492 0.526447
0.47998 0.526971
0.480469 0.527496
0.480957 0.52802
0.481445 0.528545
0.481934 0.52907
0.482422 0.529594
0.48291 0.530118
0.483398 0.530643
0.483887 0.531167
0.484375 0.531691
0.484863 0.532216
0.485352 0.53274
0.48584 0.533264
0.486328 0.533788
0.486816 0.534312
0.487305 0.534836
0.487793 0.53536
0.488281 0.535884
0.48877 0.536408
0.489258 0.536932
0.489746 0.537456
0.490234 0.53798
0.490723 0.538503
0.491211 0.539027
0.491699 0.53955
0.492188 0.540073
0.492676 0.540596
0.493164 0.541117
0.493652 0.541634
0.494141 0.542142
0.494629 0.542627
0.495117 0.54306
0.495605 0.543364
0.496094 0.543359
0.496582 0.54261
0.49707 0.540074
0.497559 0.533278
0.498047 0.516488
0.498535 0.477168
0.499023 0.391746
0.499512 0.231374
0.5 3.3885e-14
0.500488 -0.231374
0.500977 -0.391746
0.501465 -0.477168
0.501953 -0.516488
0.502441 -0.533278
0.50293 -0.540074
0.503418 -0.54261
0.503906 -0.543359
0.504395 -0.543364
0.504883 -0.54306
0.505371 -0.542627
0.505859 -0.542142
0.506348 -0.541634
0.506836 -0.541117
0.507324 -0.540596
0.507812 -0.540073
0.508301 -0.53955
0.508789 -0.539027
0.509277 -0.538503
0.509766 -0.53798
0.510254 -0.537456
0.510742 -0.536932
0.51123 -0.536408
0.511719 -0.535884
0.512207 -0.53536
0.512695 -0.534836
0.513184 -0.534312
0.513672 -0.533788
0.51416 -0.533264
0.514648 -0.53274
0.515137 -0.532216
0.515625 -0.531691
0.516113 -0.531167
0.516602 -0.530643
0.51709 -0.530118
0.517578 -0.529594
0.518066 -0.52907
0.518555 -0.528545
0.519043 -0.52802
0.519531 -0.527496
0.52002 -0.526971
0.520508 -0.526447
0.520996 -0.525922
0.521484 -0.525397
0.521973 -0.524872
0.522461 -0.524348
0.522949 -0.523823
0.523438 -0.523298
0.523926 -0.522773
0.524414 -0.522248
0.524902 -0.521723
0.525391 -0.521198
0.525879 -0.520673
0.526367 -0.520148
0.526855 -0.519622
0.527344 -0.519097
0.527832 -0.518572
0.52832 -0.518047
0.528809 -0.517521
0.529297 -0.516996
0.529785 -0.51647
0.530273 -0.515945
0.530762 -0.515419
0.53125 -0.514894
0.531738 -0.514368
0.532227 -0.513843
0.532715 -0.513317
0.533203 -0.512791
0.533691 -0.512266
0.53418 -0.51174
0.534668 -0.511214
0.535156 -0.510688
0.535645 -0.510162
0.536133 -0.509636
0.536621 -0.50911
0.537109 -0.508584
0.537598 -0.508058
0.538086 -0.507532
0.538574 -0.507006
0.539062 -0.50648
0.539551 -0.505954
0.540039 -0.505427
0.540527 -0.504901
0.541016 -0.504375
0.541504 -0.503849
0.541992 -0.503322
0.54248 -0.502796
0.542969 -0.502269
0.543457 -0.501743
0.543945 -0.501216
0.544434 -0.50069
0.544922 -0.500163
0.54541 -0.499636
0.545898 -0.49911
0.546387 -0.498583
0.546875 -0.498056
0.547363 -0.497529
0.547852 -0.497003
0.54834 -0.496476
0.548828 -0.495949
0.549316 -0.495422
0.549805 -0.494895
0.550293 -0.494368
0.550781 -0.493841
0.55127 -0.493314
0.551758 -0.492787
0.552246 -0.492259
0.552734 -0.491732
0.553223 -0.491205
0.553711 -0.490678
0.554199 -0.49015
0.554688 -0.489623
0.555176 -0.489096
0.555664 -0.488568
0.556152 -0.488041
0.556641 -0.487513
0.557129 -0.486986
0.557617 -0.486458
0.558105 -0.485931
0.558594 -0.485403
0.559082 -0.484875
0.55957 -0.484348
0.560059 -0.48382
0.560547 -0.483292
0.561035 -0.482764
0.561523 -0.482237
0.562012 -0.481709
0.5625 -0.481181
0.562988 -0.480653
0.563477 -0.480125
0.563965 -0.479597
0.564453 -0.479069
0.564941 -0.478541
0.56543 -0.478013
0.565918 -0.477484
0.566406 -0.476956
0.566895 -0.476428
0.567383 -0.4759
0.567871 -0.475371
0.568359 -0.474843
0.568848 -0.474315
0.569336 -0.473786
0.569824 -0.473258
0.570312 -0.47273
0.570801 -0.472201
0.571289 -0.471673
0.571777 -0.471144
0.572266 -0.470615
0.572754 -0.470087
0.573242 -0.469558
0.57373 -0.469029
0.574219 -0.468501
0.574707 -0.467972
0.575195 -0.467443
0.575684 -0.466914
0.576172 -0.466386
0.57666 -0.465857
0.577148 -0.465328
0.577637 -0.464799
0.578125 -0.46427
0.578613 -0.463741
0.579102 -0.463212
0.57959 -0.462683
0.580078 -0.462153
0.580566 -0.461624
0.581055 -0.461095
0.581543 -0.460566
0.582031 -0.460037
0.58252 -0.459507
0.583008 -0.458978
0.583496 -0.458449
0.583984 -0.457919
0.584473 -0.45739
0.584961 -0.456861
0.585449 -0.456331
0.585938 -0.455802
0.586426 -0.455272
0.586914 -0.454742
0.587402 -0.454213
0.587891 -0.453683
0.588379 -0.453154
0.588867 -0.452624
0.589355 -0.452094
0.589844 -0.451564
0.590332 -0.451035
0.59082 -0.450505
0.591309 -0.449975
0.591797 -0.449445
0.592285 -0.448915
0.592773 -0.448385
0.593262 -0.447855
0.59375 -0.447325
0.594238 -0.446795
0.594727 -0.446265
0.595215 -0.445735
0.595703 -0.445205
0.596191 -0.444675
0.59668 -0.444145
0.597168 -0.443614
0.597656 -0.443084
0.598145 -0.442554
0.598633 -0.442024
0.599121 -0.441493
0.599609 -0.440963
0.600098 -0.440433
0.600586 -0.439902
0.601074 -0.439372
0.601562 -0.438841
0.602051 -0.438311
0.602539 -0.43778
0.603027 -0.43725
0.603516 -0.436719
0.604004 -0.436188
0.604492 -0.435658
0.60498 -0.435127
0.605469 -0.434596
0.605957 -0.434065
0.606445 -0.433535
0.606934 -0.433004
0.607422 -0.432473
0.60791 -0.431942
0.608398 -0.431411
0.608887 -0.43088
0.609375 -0.430349
0.609863 -0.429818
0.610352 -0.429287
0.61084 -0.428756
0.611328 -0.428225
0.611816 -0.427694
0.612305 -0.427163
0.612793 -0.426632
0.613281 -0.426101
0.61377 -0.42557
0.614258 -0.425038
0.614746 -0.424507
0.615234 -0.423976
0.615723 -0.423444
0.616211 -0.422913
0.616699 -0.422382
0.617188 -0.42185
0.617676 -0.421319
0.618164 -0.420787
0.618652 -0.420256
0.619141 -0.419724
0.619629 -0.419193
0.620117 -0.418661
0.620605 -0.41813
0.621094 -0.417598
0.621582 -0.417066
0.62207 -0.416535
0.622559 -0.416003
0.623047 -0.415471
0.623535 -0.414939
0.624023 -0.414408
0.624512 -0.413876
0.625 -0.413344
0.625488 -0.412812
0.625977 -0.41228
0.626465 -0.411748
0.626953 -0.411216
0.627441 -0.410684
0.62793 -0.410152
0.628418 -0.40962
0.628906 -0.409088
0.629395 -0.408556
0.629883 -0.408024
0.630371 -0.407492
0.630859 -0.40696
0.631348 -0.406427
0.631836 -0.405895
0.632324 -0.405363
0.632812 -0.404831
0.633301 -0.404298
0.633789 -0.403766
0.634277 -0.403234
0.634766 -0.402701
0.635254 -0.402169
0.635742 -0.401636
0.63623 -0.401104
0.636719 -0.400571
0.637207 -0.400039
0.637695 -0.399506
0.638184 -0.398974
0.638672 -0.398441
0.63916 -0.397909
0.639648 -0.397376
0.640137 -0.396843
0.640625 -0.396311
0.641113 -0.395778
0.641602 -0.395245
0.64209 -0.394712
0.642578 -0.39418
0.643066 -0.393647
0.643555 -0.393114
0.644043 -0.392581
0.644531 -0.392048
0.64502 -0.391515
0.645508 -0.390982
0.645996 -0.390449
0.646484 -0.389916
0.646973 -0.389383
0.647461 -0.38885
0.647949 -0.388317
0.648438 -0.387784
0.648926 -0.387251
0.649414 -0.386718
0.649902 -0.386185
0.650391 -0.385651
0.650879 -0.385118
0.651367 -0.384585
0.651855 -0.384052
0.652344 -0.383518
0.652832 -0.382985
0.65332 -0.382452
0.653809 -0.381918
0.654297 -0.381385
0.654785 -0.380852
0.655273 -0.380318
0.655762 -0.379785
0.65625 -0.379251
0.656738 -0.378718
0.657227 -0.378184
0.657715 -0.377651
0.658203 -0.377117
0.658691 -0.376583
0.65918 -0.37605
0.659668 -0.375516
0.660156 -0.374982
0.660645 -0.374449
0.661133 -0.373915
0.661621 -0.373381
0.662109 -0.372847
0.662598 -0.372314
0.663086 -0.37178
0.663574 -0.371246
0.664062 -0.370712
0.664551 -0.370178
0.665039 -0.369644
0.665527 -0.36911
0.666016 -0.368576
0.666504 -0.368042
0.666992 -0.367508
0.66748 -0.366974
0.667969 -0.36644
0.668457 -0.365906
0.668945 -0.365372
0.669434 -0.364838
0.669922 -0.364304
0.67041 -0.36377
0.670898 -0.363236
0.671387 -0.362701
0.671875 -0.362167
0.672363 -0.361633
0.672852 -0.361099
0.67334 -0.360564
0.673828 -0.36003
0.674316 -0.359496
0.674805 -0.358961
0.675293 -0.358427
0.675781 -0.357893
0.67627 -0.357358
0.676758 -0.356824
0.677246 -0.356289
0.677734 -0.355755
0.678223 -0.35522
0.678711 -0.354686
0.679199 -0.354151
0.679688 -0.353616
0.680176 -0.353082
0.680664 -0.352547
0.681152 -0.352013
0.681641 -0.351478
0.682129 -0.350943
0.682617 -0.350409
0.683105 -0.349874
0.683594 -0.349339
0.684082 -0.348804
0.68457 -0.348269
0.685059 -0.347735
0.685547 -0.3472
0.686035 -0.346665
0.686523 -0.34613
0.687012 -0.345595
0.6875 -0.34506
0.687988 -0.344525
0.688477 -0.34399
0.688965 -0.343455
0.689453 -0.34292
0.689941 -0.342385
0.69043 -0.34185
0.690918 -0.341315
0.691406 -0.34078
0.691895 -0.340245
0.692383 -0.33971
0.692871 -0.339175
0.693359 -0.338639
0.693848 -0.338104
0.694336 -0.337569
0.694824 -0.337034
0.695312 -0.336499
0.695801 -0.335963
0.696289 -0.335428
0.696777 -0.334893
0.697266 -0.334357
0.697754 -0.333822
0.698242 -0.333287
0.69873 -0.332751
0.699219 -0.332216
0.699707 -0.33168
0.700195 -0.331145
0.700684 -0.330609
0.701172 -0.330074
0.70166 -0.329538
0.702148 -0.329003
0.702637 -0.328467
0.703125 -0.327932
0.703613 -0.327396
0.704102 -0.32686
0.70459 -0.326325
0.705078 -0.325789
0.705566 -0.325253
0.706055 -0.324718
0.706543 -0.324182
0.707031 -0.323646
0.70752 -0.323111
0.708008 -0.322575
0.708496 -0.322039
0.708984 -0.321503
0.709473 -0.320967
0.709961 -0.320432
0.710449 -0.319896
0.710938 -0.31936
0.711426 -0.318824
0.711914 -0.318288
0.712402 -0.317752
0.712891 -0.317216
0.713379 -0.31668
0.713867 -0.316144
0.714355 -0.315608
0.714844 -0.315072
0.715332 -0.314536
0.71582 -0.314
0.716309 -0.313464
0.716797 -0.312928
0.717285 -0.312391
0.717773 -0.311855
0.718262 -0.311319
0.71875 -0.310783
0.719238 -0.310247
0.719727 -0.309711
0.720215 -0.309174
0.720703 -0.308638
0.721191 -0.308102
0.72168 -0.307565
0.722168 -0.307029
0.722656 -0.306493
0.723145 -0.305956
0.723633 -0.30542
0.724121 -0.304884
0.724609 -0.304347
0.725098 -0.303811
0.725586 -0.303274
0.726074 -0.302738
0.726562 -0.302201
0.727051 -0.301665
0.727539 -0.301128
0.728027 -0.300592
0.728516 -0.300055
0.729004 -0.299519
0.729492 -0.298982
0.72998 -0.298446
0.730469 -0.297909
0.730957 -0.297372
0.731445 -0.296836
0.731934 -0.296299
0.732422 -0.295762
0.73291 -0.295226
0.733398 -0.294689
0.733887 -0.294152
0.734375 -0.293615
0.734863 -0.293079
0.735352 -0.292542
0.73584 -0.292005
0.736328 -0.291468
0.736816 -0.290931
0.737305 -0.290395
0.737793 -0.289858
0.738281 -0.289321
0.73877 -0.288784
0.739258 -0.288247
0.739746 -0.28771
0.740234 -0.287173
0.740723 -0.286636
0.741211 -0.286099
0.741699 -0.285562
0.742188 -0.285025
0.742676 -0.284488
0.743164 -0.283951
0.743652 -0.283414
0.744141 -0.282877
0.744629 -0.28234
0.745117 -0.281803
0.745605 -0.281265
0.746094 -0.280728
0.746582 -0.280191
0.74707 -0.279654
0.747559 -0.279117
0.748047 -0.278579
0.748535 -0.278042
0.749023 -0.277505
0.749512 -0.276968
0.75 -0.27643
0.750488 -0.275893
0.750977 -0.275356
0.751465 -0.274818
0.751953 -0.274281
0.752441 -0.273744
0.75293 -0.273206
0.753418 -0.272669
0.753906 -0.272132
0.754395 -0.271594
0.754883 -0.271057
0.755371 -0.270519
0.755859 -0.269982
0.756348 -0.269444
0.756836 -0.268907
0.757324 -0.268369
0.757812 -0.267832
0.758301 -0.267294
0.758789 -0.266757
0.759277 -0.266219
0.759766 -0.265681
0.760254 -0.265144
0.760742 -0.264606
0.76123 -0.264069
0.761719 -0.263531
0.762207 -0.262993
0.762695 -0.262456
0.763184 -0.261918
0.763672 -0.26138
0.76416 -0.260842
0.764648 -0.260305
0.765137 -0.259767
0.765625 -0.259229
0.766113 -0.258691
0.766602 -0.258154
0.76709 -0.257616
0.767578 -0.257078
0.768066 -0.25654
0.768555 -0.256002
0.769043 -0.255464
0.769531 -0.254926
0.77002 -0.254388
0.770508 -0.253851
0.770996 -0.253313
0.771484 -0.252775
0.771973 -0.252237
0.772461 -0.251699
0.772949 -0.251161
0.773438 -0.250623
0.773926 -0.250085
0.774414 -0.249547
0.774902 -0.249009
0.775391 -0.248471
0.775879 -0.247932
0.776367 -0.247394
0.776855 -0.246856
0.777344 -0.246318
0.777832 -0.24578
0.77832 -0.245242
0.778809 -0.244704
0.779297 -0.244166
0.779785 -0.243627
0.780273 -0.243089
0.780762 -0.242551
0.78125 -0.242013
0.781738 -0.241474
0.782227 -0.240936
0.782715 -0.240398
0.783203 -0.23986
0.783691 -0.239321
0.78418 -0.238783
0.784668 -0.238245
0.785156 -0.237706
0.785645 -0.237168
0.786133 -0.23663
0.786621 -0.236091
0.787109 -0.235553
0.787598 -0.235015
0.788086 -0.234476
0.788574 -0.233938
0.789062 -0.233399
0.789551 -0.232861
0.790039 -0.232322
0.790527 -0.231784
0.791016 -0.231245
0.791504 -0.230707
0.791992 -0.230168
0.79248 -0.22963
0.792969 -0.229091
0.793457 -0.228553
0.793945 -0.228014
0.794434 -0.227476
0.794922 -0.226937
0.79541 -0.226398
0.795898 -0.22586
0.796387 -0.225321
0.796875 -0.224782
0.797363 -0.224244
0.797852 -0.223705
0.79834 -0.223166
0.798828 -0.222628
0.799316 -0.222089
0.799805 -0.22155
0.800293 -0.221012
0.800781 -0.220473
0.80127 -0.219934
0.801758 -0.219395
0.802246 -0.218856
0.802734 -0.218318
0.803223 -0.217779
0.803711 -0.21724
0.804199 -0.216701
0.804688 -0.216162
0.805176 -0.215624
0.805664 -0.215085
0.806152 -0.214546
0.806641 -0.214007
0.807129 -0.213468
0.807617 -0.212929
0.808105 -0.21239
0.808594 -0.211851
0.809082 -0.211312
0.80957 -0.210773
0.810059 -0.210234
0.810547 -0.209695
0.811035 -0.209156
0.811523 -0.208617
0.812012 -0.208078
0.8125 -0.207539
0.812988 -0.207
0.813477 -0.206461
0.813965 -0.205922
0.814453 -0.205383
0.814941 -0.204844
0.81543 -0.204305
0.815918 -0.203766
0.816406 -0.203227
0.816895 -0.202688
0.817383 -0.202148
0.817871 -0.201609
0.818359 -0.20107
0.818848 -0.200531
0.819336 -0.199992
0.819824 -0.199453
0.820312 -0.198913
0.820801 -0.198374
0.821289 -0.197835
0.821777 -0.197296
0.822266 -0.196756
0.822754 -0.196217
0.823242 -0.195678
0.82373 -0.195139
0.824219 -0.194599
0.824707 -0.19406
0.825195 -0.193521
0.825684 -0.192981
0.826172 -0.192442
0.82666 -0.191903
0.827148 -0.191363
0.827637 -0.190824
0.828125 -0.190285
0.828613 -0.189745
0.829102 -0.189206
0.82959 -0.188666
0.830078 -0.188127
0.830566 -0.187588
0.831055 -0.187048
0.831543 -0.186509
0.832031 -0.185969
0.83252 -0.18543
0.833008 -0.18489
0.833496 -0.184351
0.833984 -0.183811
0.834473 -0.183272
0.834961 -0.182732
0.835449 -0.182193
0.835938 -0.181653
0.836426 -0.181114
0.836914 -0.180574
0.837402 -0.180035
0.837891 -0.179495
0.838379 -0.178955
0.838867 -0.178416
0.839355 -0.177876
0.839844 -0.177337
0.840332 -0.176797
0.84082 -0.176257
0.841309 -0.175718
0.841797 -0.175178
0.842285 -0.174638
0.842773 -0.174099
0.843262 -0.173559
0.84375 -0.173019
0.844238 -0.17248
0.844727 -0.17194
0.845215 -0.1714
0.845703 -0.170861
0.846191 -0.170321
0.84668 -0.169781
0.847168 -0.169241
0.847656 -0.168702
0.848145 -0.168162
0.848633 -0.167622
0.849121 -0.167082
0.849609 -0.166543
0.850098 -0.166003
0.850586 -0.165463
0.851074 -0.164923
0.851562 -0.164383
0.852051 -0.163844
0.852539 -0.163304
0.853027 -0.162764
0.853516 -0.162224
0.854004 -0.161684
0.854492 -0.161144
0.85498 -0.160604
0.855469 -0.160065
0.855957 -0.159525
0.856445 -0.158985
0.856934 -0.158445
0.857422 -0.157905
0.85791 -0.157365
0.858398 -0.156825
0.858887 -0.156285
0.859375 -0.155745
0.859863 -0.155205
0.860352 -0.154665
0.86084 -0.154125
0.861328 -0.153585
0.861816 -0.153045
0.862305 -0.152505
0.862793 -0.151965
0.863281 -0.151425
0.86377 -0.150885
0.864258 -0.150345
0.864746 -0.149805
0.865234 -0.149265
0.865723 -0.148725
0.866211 -0.148185
0.866699 -0.147645
0.867188 -0.147105
0.867676 -0.146565
0.868164 -0.146025
0.868652 -0.145485
0.869141 -0.144945
0.869629 -0.144405
0.870117 -0.143865
0.870605 -0.143325
0.871094 -0.142785
0.871582 -0.142244
0.87207 -0.141704
0.872559 -0.141164
0.873047 -0.140624
0.873535 -0.140084
0.874023 -0.139544
0.874512 -0.139004
0.875 -0.138464
0.875488 -0.137923
0.875977 -0.137383
0.876465 -0.136843
0.876953 -0.136303
0.877441 -0.135763
0.87793 -0.135223
0.878418 -0.134682
0.878906 -0.134142
0.879395 -0.133602
0.879883 -0.133062
0.880371 -0.132522
0.880859 -0.131981
0.881348 -0.131441
0.881836 -0.130901
0.882324 -0.130361
0.882812 -0.129821
0.883301 -0.12928
0.883789 -0.12874
0.884277 -0.1282
0.884766 -0.12766
0.885254 -0.12712
0.885742 -0.126579
0.88623 -0.126039
0.886719 -0.125499
0.887207 -0.124959
0.887695 -0.124418
0.888184 -0.123878
0.888672 -0.123338
0.88916 -0.122798
0.889648 -0.122257
0.890137 -0.121717
0.890625 -0.121177
0.891113 -0.120636
0.891602 -0.120096
0.89209 -0.119556
0.892578 -0.119016
0.893066 -0.118475
0.893555 -0.117935
0.894043 -0.117395
0.894531 -0.116854
0.89502 -0.116314
0.895508 -0.115774
0.895996 -0.115234
0.896484 -0.114693
0.896973 -0.114153
0.897461 -0.113613
0.897949 -0.113072
0.898438 -0.112532
0.898926 -0.111992
0.899414 -0.111452
0.899902 -0.110911
0.900391 -0.110371
0.900879 -0.109831
0.901367 -0.10929
0.901855 -0.10875
0.902344 -0.10821
0.902832 -0.107669
0.90332 -0.107129
0.903809 -0.106589
0.904297 -0.106049
0.904785 -0.105508
0.905273 -0.104968
0.905762 -0.104428
0.90625 -0.103887
0.906738 -0.103347
0.907227 -0.102807
0.907715 -0.102267
0.908203 -0.101726
0.908691 -0.101186
0.90918 -0.100646
0.909668 -0.100105
0.910156 -0.0995651
0.910645 -0.0990248
0.911133 -0.0984846
0.911621 -0.0979443
0.912109 -0.097404
0.912598 -0.0968638
0.913086 -0.0963235
0.913574 -0.0957832
0.914062 -0.095243
0.914551 -0.0947027
0.915039 -0.0941624
0.915527 -0.0936222
0.916016 -0.0930819
0.916504 -0.0925417
0.916992 -0.0920015
0.91748 -0.0914612
0.917969 -0.090921
0.918457 -0.0903808
0.918945 -0.0898405
0.919434 -0.0893003
0.919922 -0.0887601
0.92041 -0.0882199
0.920898 -0.0876797
0.921387 -0.0871395
0.921875 -0.0865993
0.922363 -0.0860591
0.922852 -0.0855189
0.92334 -0.0849787
0.923828 -0.0844385
0.924316 -0.0838984
0.924805 -0.0833582
0.925293 -0.082818
0.925781 -0.0822779
0.92627 -0.0817377
0.926758 -0.0811976
0.927246 -0.0806574
0.927734 -0.0801173
0.928223 -0.0795772
0.928711 -0.0790371
0.929199 -0.0784969
0.929688 -0.0779568
0.930176 -0.0774167
0.930664 -0.0768766
0.931152 -0.0763366
0.931641 -0.0757965
0.932129 -0.0752564
0.932617 -0.0747163
0.933105 -0.0741763
0.933594 -0.0736362
0.934082 -0.0730962
0.93457 -0.0725561
0.935059 -0.0720161
0.935547 -0.0714761
0.936035 -0.0709361
0.936523 -0.0703961
0.937012 -0.0698561
0.9375 -0.0693161
0.937988 -0.0687761
0.938477 -0.0682361
0.938965 -0.0676962
0.939453 -0.0671562
0.939941 -0.0666163
0.94043 -0.0660763
0.940918 -0.0655364
0.941406 -0.0649965
0.941895 -0.0644566
0.942383 -0.0639167
0.942871 -0.0633768
0.943359 -0.0628369
0.943848 -0.062297
0.944336 -0.0617572
0.944824 -0.0612173
0.945312 -0.0606774
0.945801 -0.0601376
0.946289 -0.0595978
0.946777 -0.059058
0.947266 -0.0585182
0.947754 -0.0579783
0.948242 -0.0574386
0.94873 -0.0568988
0.949219 -0.056359
0.949707 -0.0558192
0.950195 -0.0552795
0.950684 -0.0547397
0.951172 -0.0542
0.95166 -0.0536603
0.952148 -0.0531206
0.952637 -0.0525809
0.953125 -0.0520412
0.953613 -0.0515015
0.954102 -0.0509618
0.95459 -0.0504222
0.955078 -0.0498825
0.955566 -0.0493429
0.956055 -0.0488032
0.956543 -0.0482636
0.957031 -0.047724
0.95752 -0.0471844
0.958008 -0.0466448
0.958496 -0.0461052
0.958984 -0.0455656
0.959473 -0.0450261
0.959961 -0.0444865
0.960449 -0.043947
0.960938 -0.0434074
0.961426 -0.0428679
0.961914 -0.0423284
0.962402 -0.0417889
0.962891 -0.0412494
0.963379 -0.0407099
0.963867 -0.0401704
0.964355 -0.0396309
0.964844 -0.0390915
0.965332 -0.038552
0.96582 -0.0380126
0.966309 -0.0374732
0.966797 -0.0369337
0.967285 -0.0363943
0.967773 -0.0358549
0.968262 -0.0353155
0.96875 -0.0347762
0.969238 -0.0342368
0.969727 -0.0336974
0.970215 -0.0331581
0.970703 -0.0326187
0.971191 -0.0320794
0.97168 -0.03154
0.972168 -0.0310007
0.972656 -0.0304614
0.973145 -0.0299221
0.973633 -0.0293828
0.974121 -0.0288435
0.974609 -0.0283042
0.975098 -0.027765
0.975586 -0.0272257
0.976074 -0.0266864
0.976562 -0.0261472
0.977051 -0.0256079
0.977539 -0.0250687
0.978027 -0.0245295
0.978516 -0.0239903
0.979004 -0.0234511
0.979492 -0.0229118
0.97998 -0.0223726
0.980469 -0.0218335
0.980957 -0.0212943
0.981445 -0.0207551
0.981934 -0.0202159
0.982422 -0.0196767
0.98291 -0.0191376
0.983398 -0.0185984
0.983887 -0.0180593
0.984375 -0.0175201
0.984863 -0.016981
0.985352 -0.0164419
0.98584 -0.0159027
0.986328 -0.0153636
0.986816 -0.0148245
0.987305 -0.0142854
0.987793 -0.0137463
0.988281 -0.0132072
0.98877 -0.0126681
0.989258 -0.012129
0.989746 -0.0115899
0.990234 -0.0110508
0.990723 -0.0105117
0.991211 -0.00997262
0.991699 -0.00943354
0.992188 -0.00889446
0.992676 -0.00835539
0.993164 -0.00781632
0.993652 -0.00727725
0.994141 -0.00673819
0.994629 -0.00619912
0.995117 -0.00566006
0.995605 -0.005121
0.996094 -0.00458195
0.996582 -0.00404289
0.99707 -0.00350384
0.997559 -0.00296478
0.998047 -0.00242573
0.998535 -0.00188668
0.999023 -0.00134763
0.999512 -0.000808576
1 -0.000269525
