0 0.000198221
0.000488281 0.000594662
0.000976562 0.000991103
0.00146484 0.00138754
0.00195312 0.00178399
0.00244141 0.00218043
0.00292969 0.00257687
0.00341797 0.00297331
0.00390625 0.00336975
0.00439453 0.0037662
0.00488281 0.00416264
0.00537109 0.00455908
0.00585938 0.00495553
0.00634766 0.00535197
0.00683594 0.00574842
0.00732422 0.00614487
0.0078125 0.00654131
0.00830078 0.00693776
0.00878906 0.00733421
0.00927734 0.00773066
0.00976562 0.00812711
0.0102539 0.00852356
0.0107422 0.00892001
0.0112305 0.00931647
0.0117188 0.00971292
0.012207 0.0101094
0.0126953 0.0105058
0.0131836 0.0109023
0.0136719 0.0112988
0.0141602 0.0116952
0.0146484 0.0120917
0.0151367 0.0124881
0.015625 0.0128846
0.0161133 0.0132811
0.0166016 0.0136775
0.0170898 0.014074
0.0175781 0.0144705
0.0180664 0.0148669
0.0185547 0.0152634
0.019043 0.0156599
0.0195312 0.0160564
0.0200195 0.0164529
0.0205078 0.0168493
0.0209961 0.0172458
0.0214844 0.0176423
0.0219727 0.0180388
0.0224609 0.0184353
0.0229492 0.0188318
0.0234375 0.0192283
0.0239258 0.0196248
0.0244141 0.0200213
0.0249023 0.0204178
0.0253906 0.0208143
0.0258789 0.0212108
0.0263672 0.0216073
0.0268555 0.0220038
0.0273438 0.0224003
0.027832 0.0227968
0.0283203 0.0231933
0.0288086 0.0235898
0.0292969 0.0239864
0.0297852 0.0243829
0.0302734 0.0247794
0.0307617 0.0251759
0.03125 0.0255725
0.0317383 0.025969
0.0322266 0.0263656
0.0327148 0.0267621
0.0332031 0.0271586
0.0336914 0.0275552
0.0341797 0.0279517
0.034668 0.0283483
0.0351562 0.0287448
0.0356445 0.0291414
0.0361328 0.0295379
0.0366211 0.0299345
0.0371094 0.0303311
0.0375977 0.0307276
0.0380859 0.0311242
0.0385742 0.0315208
0.0390625 0.0319174
0.0395508 0.032314
0.0400391 0.0327105
0.0405273 0.0331071
0.0410156 0.0335037
0.0415039 0.0339003
0.0419922 0.0342969
0.0424805 0.0346935
0.0429688 0.0350901
0.043457 0.0354867
0.0439453 0.0358833
0.0444336 0.0362799
0.0449219 0.0366766
0.0454102 0.0370732
0.0458984 0.0374698
0.0463867 0.0378664
0.046875 0.0382631
0.0473633 0.0386597
0.0478516 0.0390563
0.0483398 0.039453
0.0488281 0.0398496
0.0493164 0.0402463
0.0498047 0.0406429
0.050293 0.0410396
0.0507812 0.0414362
0.0512695 0.0418329
0.0517578 0.0422296
0.0522461 0.0426262
0.0527344 0.0430229
0.0532227 0.0434196
0.0537109 0.0438163
0.0541992 0.0442129
0.0546875 0.0446096
0.0551758 0.0450063
0.0556641 0.045403
0.0561523 0.0457997
0.0566406 0.0461964
0.0571289 0.0465931
0.0576172 0.0469898
0.0581055 0.0473865
0.0585938 0.0477832
0.059082 0.04818
0.0595703 0.0485767
0.0600586 0.0489734
0.0605469 0.0493701
0.0610352 0.0497669
0.0615234 0.0501636
0.0620117 0.0505604
0.0625 0.0509571
0.0629883 0.0513539
0.0634766 0.0517506
0.0639648 0.0521474
0.0644531 0.0525441
0.0649414 0.0529409
0.0654297 0.0533377
0.065918 0.0537344
0.0664062 0.0541312
0.0668945 0.054528
0.0673828 0.0549248
0.0678711 0.0553215
0.0683594 0.0557183
0.0688477 0.0561151
0.0693359 0.0565119
0.0698242 0.0569087
0.0703125 0.0573055
0.0708008 0.0577023
0.0712891 0.0580991
0.0717773 0.0584959
0.0722656 0.0588928
0.0727539 0.0592896
0.0732422 0.0596864
0.0737305 0.0600832
0.0742188 0.0604801
0.074707 0.0608769
0.0751953 0.0612737
0.0756836 0.0616706
0.0761719 0.0620674
0.0766602 0.0624643
0.0771484 0.0628611
0.0776367 0.063258
0.078125 0.0636548
0.0786133 0.0640517
0.0791016 0.0644486
0.0795898 0.0648454
0.0800781 0.0652423
0.0805664 0.0656392
0.0810547 0.0660361
0.081543 0.0664329
0.0820312 0.0668298
0.0825195 0.0672267
0.0830078 0.0676236
0.0834961 0.0680205
0.0839844 0.0684174
0.0844727 0.0688143
0.0849609 0.0692112
0.0854492 0.0696081
0.0859375 0.070005
0.0864258 0.0704019
0.0869141 0.0707988
0.0874023 0.0711958
0.0878906 0.0715927
0.0883789 0.0719896
0.0888672 0.0723865
0.0893555 0.0727835
0.0898438 0.0731804
0.090332 0.0735773
0.0908203 0.0739743
0.0913086 0.0743712
0.0917969 0.0747681
0.0922852 0.0751651
0.0927734 0.075562
0.0932617 0.075959
0.09375 0.076356
0.0942383 0.0767529
0.0947266 0.0771499
0.0952148 0.0775468
0.0957031 0.0779438
0.0961914 0.0783408
0.0966797 0.0787377
0.097168 0.0791347
0.0976562 0.0795317
0.0981445 0.0799287
0.0986328 0.0803256
0.0991211 0.0807226
0.0996094 0.0811196
0.100098 0.0815166
0.100586 0.0819136
0.101074 0.0823106
0.101562 0.0827076
0.102051 0.0831046
0.102539 0.0835016
0.103027 0.0838986
0.103516 0.0842956
0.104004 0.0846926
0.104492 0.0850896
0.10498 0.0854866
0.105469 0.0858836
0.105957 0.0862806
0.106445 0.0866776
0.106934 0.0870746
0.107422 0.0874717
0.10791 0.0878687
0.108398 0.0882657
0.108887 0.0886627
0.109375 0.0890597
0.109863 0.0894568
0.110352 0.0898538
0.11084 0.0902508
0.111328 0.0906479
0.111816 0.0910449
0.112305 0.0914419
0.112793 0.091839
0.113281 0.092236
0.11377 0.092633
0.114258 0.0930301
0.114746 0.0934271
0.115234 0.0938242
0.115723 0.0942212
0.116211 0.0946183
0.116699 0.0950153
0.117188 0.0954124
0.117676 0.0958094
0.118164 0.0962065
0.118652 0.0966035
0.119141 0.0970006
0.119629 0.0973976
0.120117 0.0977947
0.120605 0.0981917
0.121094 0.0985888
0.121582 0.0989858
0.12207 0.0993829
0.122559 0.09978
0.123047 0.100177
0.123535 0.100574
0.124023 0.100971
0.124512 0.101368
0.125 0.101765
0.125488 0.102162
0.125977 0.102559
0.126465 0.102956
0.126953 0.103354
0.127441 0.103751
0.12793 0.104148
0.128418 0.104545
0.128906 0.104942
0.129395 0.105339
0.129883 0.105736
0.130371 0.106133
0.130859 0.10653
0.131348 0.106927
0.131836 0.107324
0.132324 0.107721
0.132812 0.108118
0.133301 0.108515
0.133789 0.108912
0.134277 0.10931
0.134766 0.109707
0.135254 0.110104
0.135742 0.110501
0.13623 0.110898
0.136719 0.111295
0.137207 0.111692
0.137695 0.112089
0.138184 0.112486
0.138672 0.112883
0.13916 0.11328
0.139648 0.113677
0.140137 0.114074
0.140625 0.114471
0.141113 0.114869
0.141602 0.115266
0.14209 0.115663
0.142578 0.11606
0.143066 0.116457
0.143555 0.116854
0.144043 0.117251
0.144531 0.117648
0.14502 0.118045
0.145508 0.118442
0.145996 0.118839
0.146484 0.119236
0.146973 0.119633
0.147461 0.12003
0.147949 0.120427
0.148438 0.120824
0.148926 0.121222
0.149414 0.121619
0.149902 0.122016
0.150391 0.122413
0.150879 0.12281
0.151367 0.123207
0.151855 0.123604
0.152344 0.124001
0.152832 0.124398
0.15332 0.124795
0.153809 0.125192
0.154297 0.125589
0.154785 0.125986
0.155273 0.126383
0.155762 0.12678
0.15625 0.127177
0.156738 0.127574
0.157227 0.127971
0.157715 0.128368
0.158203 0.128765
0.158691 0.129162
0.15918 0.129559
0.159668 0.129956
0.160156 0.130354
0.160645 0.130751
0.161133 0.131148
0.161621 0.131545
0.162109 0.131942
0.162598 0.132339
0.163086 0.132736
0.163574 0.133133
0.164062 0.13353
0.164551 0.133927
0.165039 0.134324
0.165527 0.134721
0.166016 0.135118
0.166504 0.135515
0.166992 0.135912
0.16748 0.136309
0.167969 0.136706
0.168457 0.137103
0.168945 0.1375
0.169434 0.137897
0.169922 0.138294
0.17041 0.138691
0.170898 0.139088
0.171387 0.139485
0.171875 0.139882
0.172363 0.140279
0.172852 0.140676
0.17334 0.141073
0.173828 0.14147
0.174316 0.141867
0.174805 0.142264
0.175293 0.142661
0.175781 0.143058
0.17627 0.143455
0.176758 0.143851
0.177246 0.144248
0.177734 0.144645
0.178223 0.145042
0.178711 0.145439
0.179199 0.145836
0.179688 0.146233
0.180176 0.14663
0.180664 0.147027
0.181152 0.147424
0.181641 0.147821
0.182129 0.148218
0.182617 0.148615
0.183105 0.149012
0.183594 0.149409
0.184082 0.149806
0.18457 0.150203
0.185059 0.1506
0.185547 0.150996
0.186035 0.151393
0.186523 0.15179
0.187012 0.152187
0.1875 0.152584
0.187988 0.152981
0.188477 0.153378
0.188965 0.153775
0.189453 0.154172
0.189941 0.154569
0.19043 0.154966
0.190918 0.155362
0.191406 0.155759
0.191895 0.156156
0.192383 0.156553
0.192871 0.15695
0.193359 0.157347
0.193848 0.157744
0.194336 0.158141
0.194824 0.158537
0.195312 0.158934
0.195801 0.159331
0.196289 0.159728
0.196777 0.160125
0.197266 0.160522
0.197754 0.160919
0.198242 0.161315
0.19873 0.161712
0.199219 0.162109
0.199707 0.162506
0.200195 0.162903
0.200684 0.1633
0.201172 0.163696
0.20166 0.164093
0.202148 0.16449
0.202637 0.164887
0.203125 0.165284
0.203613 0.165681
0.204102 0.166077
0.20459 0.166474
0.205078 0.166871
0.205566 0.167268
0.206055 0.167665
0.206543 0.168061
0.207031 0.168458
0.20752 0.168855
0.208008 0.169252
0.208496 0.169649
0.208984 0.170045
0.209473 0.170442
0.209961 0.170839
0.210449 0.171236
0.210938 0.171632
0.211426 0.172029
0.211914 0.172426
0.212402 0.172823
0.212891 0.173219
0.213379 0.173616
0.213867 0.174013
0.214355 0.17441
0.214844 0.174806
0.215332 0.175203
0.21582 0.1756
0.216309 0.175997
0.216797 0.176393
0.217285 0.17679
0.217773 0.177187
0.218262 0.177583
0.21875 0.17798
0.219238 0.178377
0.219727 0.178774
0.220215 0.17917
0.220703 0.179567
0.221191 0.179964
0.22168 0.18036
0.222168 0.180757
0.222656 0.181154
0.223145 0.18155
0.223633 0.181947
0.224121 0.182344
0.224609 0.18274
0.225098 0.183137
0.225586 0.183534
0.226074 0.18393
0.226562 0.184327
0.227051 0.184724
0.227539 0.18512
0.228027 0.185517
0.228516 0.185913
0.229004 0.18631
0.229492 0.186707
0.22998 0.187103
0.230469 0.1875
0.230957 0.187897
0.231445 0.188293
0.231934 0.18869
0.232422 0.189086
0.23291 0.189483
0.233398 0.18988
0.233887 0.190276
0.234375 0.190673
0.234863 0.191069
0.235352 0.191466
0.23584 0.191862
0.236328 0.192259
0.236816 0.192656
0.237305 0.193052
0.237793 0.193449
0.238281 0.193845
0.23877 0.194242
0.239258 0.194638
0.239746 0.195035
0.240234 0.195431
0.240723 0.195828
0.241211 0.196224
0.241699 0.196621
0.242188 0.197017
0.242676 0.197414
0.243164 0.197811
0.243652 0.198207
0.244141 0.198604
0.244629 0.199
0.245117 0.199397
0.245605 0.199793
0.246094 0.200189
0.246582 0.200586
0.24707 0.200982
0.247559 0.201379
0.248047 0.201775
0.248535 0.202172
0.249023 0.202568
0.249512 0.202965
0.25 0.203361
0.250488 0.203758
0.250977 0.204154
0.251465 0.20455
0.251953 0.204947
0.252441 0.205343
0.25293 0.20574
0.253418 0.206136
0.253906 0.206533
0.254395 0.206929
0.254883 0.207325
0.255371 0.207722
0.255859 0.208118
0.256348 0.208515
0.256836 0.208911
0.257324 0.209307
0.257812 0.209704
0.258301 0.2101
0.258789 0.210496
0.259277 0.210893
0.259766 0.211289
0.260254 0.211686
0.260742 0.212082
0.26123 0.212478
0.261719 0.212875
0.262207 0.213271
0.262695 0.213667
0.263184 0.214064
0.263672 0.21446
0.26416 0.214856
0.264648 0.215253
0.265137 0.215649
0.265625 0.216045
0.266113 0.216441
0.266602 0.216838
0.26709 0.217234
0.267578 0.21763
0.268066 0.218027
0.268555 0.218423
0.269043 0.218819
0.269531 0.219215
0.27002 0.219612
0.270508 0.220008
0.270996 0.220404
0.271484 0.2208
0.271973 0.221197
0.272461 0.221593
0.272949 0.221989
0.273438 0.222385
0.273926 0.222782
0.274414 0.223178
0.274902 0.223574
0.275391 0.22397
0.275879 0.224366
0.276367 0.224763
0.276855 0.225159
0.277344 0.225555
0.277832 0.225951
0.27832 0.226347
0.278809 0.226743
0.279297 0.22714
0.279785 0.227536
0.280273 0.227932
0.280762 0.228328
0.28125 0.228724
0.281738 0.22912
0.282227 0.229517
0.282715 0.229913
0.283203 0.230309
0.283691 0.230705
0.28418 0.231101
0.284668 0.231497
0.285156 0.231893
0.285645 0.232289
0.286133 0.232685
0.286621 0.233082
0.287109 0.233478
0.287598 0.233874
0.288086 0.23427
0.288574 0.234666
0.289062 0.235062
0.289551 0.235458
0.290039 0.235854
0.290527 0.23625
0.291016 0.236646
0.291504 0.237042
0.291992 0.237438
0.29248 0.237834
0.292969 0.23823
0.293457 0.238626
0.293945 0.239022
0.294434 0.239418
0.294922 0.239814
0.29541 0.24021
0.295898 0.240606
0.296387 0.241002
0.296875 0.241398
0.297363 0.241794
0.297852 0.24219
0.29834 0.242586
0.298828 0.242982
0.299316 0.243378
0.299805 0.243774
0.300293 0.24417
0.300781 0.244566
0.30127 0.244962
0.301758 0.245358
0.302246 0.245754
0.302734 0.246149
0.303223 0.246545
0.303711 0.246941
0.304199 0.247337
0.304688 0.247733
0.305176 0.248129
0.305664 0.248525
0.306152 0.248921
0.306641 0.249317
0.307129 0.249712
0.307617 0.250108
0.308105 0.250504
0.308594 0.2509
0.309082 0.251296
0.30957 0.251692
0.310059 0.252088
0.310547 0.252483
0.311035 0.252879
0.311523 0.253275
0.312012 0.253671
0.3125 0.254067
0.312988 0.254462
0.313477 0.254858
0.313965 0.255254
0.314453 0.25565
0.314941 0.256045
0.31543 0.256441
0.315918 0.256837
0.316406 0.257233
0.316895 0.257629
0.317383 0.258024
0.317871 0.25842
0.318359 0.258816
0.318848 0.259211
0.319336 0.259607
0.319824 0.260003
0.320312 0.260399
0.320801 0.260794
0.321289 0.26119
0.321777 0.261586
0.322266 0.261981
0.322754 0.262377
0.323242 0.262773
0.32373 0.263168
0.324219 0.263564
0.324707 0.26396
0.325195 0.264355
0.325684 0.264751
0.326172 0.265147
0.32666 0.265542
0.327148 0.265938
0.327637 0.266333
0.328125 0.266729
0.328613 0.267125
0.329102 0.26752
0.32959 0.267916
0.330078 0.268311
0.330566 0.268707
0.331055 0.269103
0.331543 0.269498
0.332031 0.269894
0.33252 0.270289
0.333008 0.270685
0.333496 0.27108
0.333984 0.271476
0.334473 0.271871
0.334961 0.272267
0.335449 0.272663
0.335938 0.273058
0.336426 0.273454
0.336914 0.273849
0.337402 0.274245
0.337891 0.27464
0.338379 0.275036
0.338867 0.275431
0.339355 0.275826
0.339844 0.276222
0.340332 0.276617
0.34082 0.277013
0.341309 0.277408
0.341797 0.277804
0.342285 0.278199
0.342773 0.278595
0.343262 0.27899
0.34375 0.279385
0.344238 0.279781
0.344727 0.280176
0.345215 0.280572
0.345703 0.280967
0.346191 0.281362
0.34668 0.281758
0.347168 0.282153
0.347656 0.282548
0.348145 0.282944
0.348633 0.283339
0.349121 0.283735
0.349609 0.28413
0.350098 0.284525
0.350586 0.28492
0.351074 0.285316
0.351562 0.285711
0.352051 0.286106
0.352539 0.286502
0.353027 0.286897
0.353516 0.287292
0.354004 0.287688
0.354492 0.288083
0.35498 0.288478
0.355469 0.288873
0.355957 0.289269
0.356445 0.289664
0.356934 0.290059
0.357422 0.290454
0.35791 0.290849
0.358398 0.291245
0.358887 0.29164
0.359375 0.292035
0.359863 0.29243
0.360352 0.292825
0.36084 0.293221
0.361328 0.293616
0.361816 0.294011
0.362305 0.294406
0.362793 0.294801
0.363281 0.295196
0.36377 0.295592
0.364258 0.295987
0.364746 0.296382
0.365234 0.296777
0.365723 0.297172
0.366211 0.297567
0.366699 0.297962
0.367188 0.298357
0.367676 0.298752
0.368164 0.299148
0.368652 0.299543
0.369141 0.299938
0.369629 0.300333
0.370117 0.300728
0.370605 0.301123
0.371094 0.301518
0.371582 0.301913
0.37207 0.302308
0.372559 0.302703
0.373047 0.303098
0.373535 0.303493
0.374023 0.303888
0.374512 0.304283
0.375 0.304678
0.375488 0.305073
0.375977 0.305468
0.376465 0.305863
0.376953 0.306258
0.377441 0.306653
0.37793 0.307048
0.378418 0.307443
0.378906 0.307837
0.379395 0.308232
0.379883 0.308627
0.380371 0.309022
0.380859 0.309417
0.381348 0.309812
0.381836 0.310207
0.382324 0.310602
0.382812 0.310997
0.383301 0.311391
0.383789 0.311786
0.384277 0.312181
0.384766 0.312576
0.385254 0.312971
0.385742 0.313366
0.38623 0.31376
0.386719 0.314155
0.387207 0.31455
0.387695 0.314945
0.388184 0.31534
0.388672 0.315734
0.38916 0.316129
0.389648 0.316524
0.390137 0.316919
0.390625 0.317313
0.391113 0.317708
0.391602 0.318103
0.39209 0.318498
0.392578 0.318892
0.393066 0.319287
0.393555 0.319682
0.394043 0.320076
0.394531 0.320471
0.39502 0.320866
0.395508 0.32126
0.395996 0.321655
0.396484 0.32205
0.396973 0.322444
0.397461 0.322839
0.397949 0.323234
0.398438 0.323628
0.398926 0.324023
0.399414 0.324417
0.399902 0.324812
0.400391 0.325207
0.400879 0.325601
0.401367 0.325996
0.401855 0.32639
0.402344 0.326785
0.402832 0.327179
0.40332 0.327574
0.403809 0.327968
0.404297 0.328363
0.404785 0.328758
0.405273 0.329152
0.405762 0.329547
0.40625 0.329941
0.406738 0.330336
0.407227 0.33073
0.407715 0.331124
0.408203 0.331519
0.408691 0.331913
0.40918 0.332308
0.409668 0.332702
0.410156 0.333097
0.410645 0.333491
0.411133 0.333886
0.411621 0.33428
0.412109 0.334674
0.412598 0.335069
0.413086 0.335463
0.413574 0.335858
0.414062 0.336252
0.414551 0.336646
0.415039 0.337041
0.415527 0.337435
0.416016 0.337829
0.416504 0.338224
0.416992 0.338618
0.41748 0.339012
0.417969 0.339407
0.418457 0.339801
0.418945 0.340195
0.419434 0.340589
0.419922 0.340984
0.42041 0.341378
0.420898 0.341772
0.421387 0.342166
0.421875 0.342561
0.422363 0.342955
0.422852 0.343349
0.42334 0.343743
0.423828 0.344137
0.424316 0.344532
0.424805 0.344926
0.425293 0.34532
0.425781 0.345714
0.42627 0.346108
0.426758 0.346503
0.427246 0.346897
0.427734 0.347291
0.428223 0.347685
0.428711 0.348079
0.429199 0.348473
0.429688 0.348867
0.430176 0.349261
0.430664 0.349655
0.431152 0.350049
0.431641 0.350444
0.432129 0.350838
0.432617 0.351232
0.433105 0.351626
0.433594 0.35202
0.434082 0.352414
0.43457 0.352808
0.435059 0.353202
0.435547 0.353596
0.436035 0.35399
0.436523 0.354384
0.437012 0.354778
0.4375 0.355172
0.437988 0.355566
0.438477 0.35596
0.438965 0.356353
0.439453 0.356747
0.439941 0.357141
0.44043 0.357535
0.440918 0.357929
0.441406 0.358323
0.441895 0.358717
0.442383 0.359111
0.442871 0.359505
0.443359 0.359899
0.443848 0.360292
0.444336 0.360686
0.444824 0.36108
0.445312 0.361474
0.445801 0.361868
0.446289 0.362261
0.446777 0.362655
0.447266 0.363049
0.447754 0.363443
0.448242 0.363837
0.44873 0.36423
0.449219 0.364624
0.449707 0.365018
0.450195 0.365412
0.450684 0.365805
0.451172 0.366199
0.45166 0.366593
0.452148 0.366986
0.452637 0.36738
0.453125 0.367774
0.453613 0.368167
0.454102 0.368561
0.45459 0.368955
0.455078 0.369348
0.455566 0.369742
0.456055 0.370136
0.456543 0.370529
0.457031 0.370923
0.45752 0.371316
0.458008 0.37171
0.458496 0.372104
0.458984 0.372497
0.459473 0.372891
0.459961 0.373284
0.460449 0.373678
0.460938 0.374071
0.461426 0.374465
0.461914 0.374858
0.462402 0.375252
0.462891 0.375645
0.463379 0.376039
0.463867 0.376432
0.464355 0.376826
0.464844 0.377219
0.465332 0.377613
0.46582 0.378006
0.466309 0.378399
0.466797 0.378793
0.467285 0.379186
0.467773 0.37958
0.468262 0.379973
0.46875 0.380366
0.469238 0.38076
0.469727 0.381153
0.470215 0.381546
0.470703 0.38194
0.471191 0.382333
0.47168 0.382726
0.472168 0.38312
0.472656 0.383513
0.473145 0.383906
0.473633 0.3843
0.474121 0.384693
0.474609 0.385086
0.475098 0.385479
0.475586 0.385873
0.476074 0.386266
0.476562 0.386659
0.477051 0.387052
0.477539 0.387445
0.478027 0.387839
0.478516 0.388232
0.479004 0.388625
0.479492 0.389018
0.47998 0.389411
0.480469 0.389804
0.480957 0.390198
0.481445 0.390591
0.481934 0.390984
0.482422 0.391377
0.48291 0.39177
0.483398 0.392163
0.483887 0.392556
0.484375 0.392949
0.484863 0.393342
0.485352 0.393735
0.48584 0.394128
0.486328 0.394521
0.486816 0.394914
0.487305 0.395307
0.487793 0.3957
0.488281 0.396093
0.48877 0.396486
0.489258 0.396879
0.489746 0.397271
0.490234 0.397663
0.490723 0.398055
0.491211 0.398445
0.491699 0.398833
0.492188 0.399215
0.492676 0.399588
0.493164 0.399943
0.493652 0.400261
0.494141 0.400511
0.494629 0.400628
0.495117 0.400488
0.495605 0.399855
0.496094 0.398273
0.496582 0.394878
0.49707 0.388054
0.497559 0.374859
0.498047 0.350244
0.498535 0.306489
0.499023 0.234452
0.499512 0.129314
0.5 2.03693e-14
0.500488 -0.129314
0.500977 -0.234452
0.501465 -0.306489
0.501953 -0.350244
0.502441 -0.374859
0.50293 -0.388054
0.503418 -0.394878
0.503906 -0.398273
0.504395 -0.399855
0.504883 -0.400488
0.505371 -0.400628
0.505859 -0.400511
0.506348 -0.400261
0.506836 -0.399943
0.507324 -0.399588
0.507812 -0.399215
0.508301 -0.398833
0.508789 -0.398445
0.509277 -0.398055
0.509766 -0.397663
0.510254 -0.397271
0.510742 -0.396879
0.51123 -0.396486
0.511719 -0.396093
0.512207 -0.3957
0.512695 -0.395307
0.513184 -0.394914
0.513672 -0.394521
0.51416 -0.394128
0.514648 -0.393735
0.515137 -0.393342
0.515625 -0.392949
0.516113 -0.392556
0.516602 -0.392163
0.51709 -0.39177
0.517578 -0.391377
0.518066 -0.390984
0.518555 -0.390591
0.519043 -0.390198
0.519531 -0.389804
0.52002 -0.389411
0.520508 -0.389018
0.520996 -0.388625
0.521484 -0.388232
0.521973 -0.387839
0.522461 -0.387445
0.522949 -0.387052
0.523438 -0.386659
0.523926 -0.386266
0.524414 -0.385873
0.524902 -0.385479
0.525391 -0.385086
0.525879 -0.384693
0.526367 -0.3843
0.526855 -0.383906
0.527344 -0.383513
0.527832 -0.38312
0.52832 -0.382726
0.528809 -0.382333
0.529297 -0.38194
0.529785 -0.381546
0.530273 -0.381153
0.530762 -0.38076
0.53125 -0.380366
0.531738 -0.379973
0.532227 -0.37958
0.532715 -0.379186
0.533203 -0.378793
0.533691 -0.378399
0.53418 -0.378006
0.534668 -0.377613
0.535156 -0.377219
0.535645 -0.376826
0.536133 -0.376432
0.536621 -0.376039
0.537109 -0.375645
0.537598 -0.375252
0.538086 -0.374858
0.538574 -0.374465
0.539062 -0.374071
0.539551 -0.373678
0.540039 -0.373284
0.540527 -0.372891
0.541016 -0.372497
0.541504 -0.372104
0.541992 -0.37171
0.54248 -0.371316
0.542969 -0.370923
0.543457 -0.370529
0.543945 -0.370136
0.544434 -0.369742
0.544922 -0.369348
0.54541 -0.368955
0.545898 -0.368561
0.546387 -0.368167
0.546875 -0.367774
0.547363 -0.36738
0.547852 -0.366986
0.54834 -0.366593
0.548828 -0.366199
0.549316 -0.365805
0.549805 -0.365412
0.550293 -0.365018
0.550781 -0.364624
0.55127 -0.36423
0.551758 -0.363837
0.552246 -0.363443
0.552734 -0.363049
0.553223 -0.362655
0.553711 -0.362261
0.554199 -0.361868
0.554688 -0.361474
0.555176 -0.36108
0.555664 -0.360686
0.556152 -0.360292
0.556641 -0.359899
0.557129 -0.359505
0.557617 -0.359111
0.558105 -0.358717
0.558594 -0.358323
0.559082 -0.357929
0.55957 -0.357535
0.560059 -0.357141
0.560547 -0.356747
0.561035 -0.356353
0.561523 -0.35596
0.562012 -0.355566
0.5625 -0.355172
0.562988 -0.354778
0.563477 -0.354384
0.563965 -0.35399
0.564453 -0.353596
0.564941 -0.353202
0.56543 -0.352808
0.565918 -0.352414
0.566406 -0.35202
0.566895 -0.351626
0.567383 -0.351232
0.567871 -0.350838
0.568359 -0.350444
0.568848 -0.350049
0.569336 -0.349655
0.569824 -0.349261
0.570312 -0.348867
0.570801 -0.348473
0.571289 -0.348079
0.571777 -0.347685
0.572266 -0.347291
0.572754 -0.346897
0.573242 -0.346503
0.57373 -0.346108
0.574219 -0.345714
0.574707 -0.34532
0.575195 -0.344926
0.575684 -0.344532
0.576172 -0.344137
0.57666 -0.343743
0.577148 -0.343349
0.577637 -0.342955
0.578125 -0.342561
0.578613 -0.342166
0.579102 -0.341772
0.57959 -0.341378
0.580078 -0.340984
0.580566 -0.340589
0.581055 -0.340195
0.581543 -0.339801
0.582031 -0.339407
0.58252 -0.339012
0.583008 -0.338618
0.583496 -0.338224
0.583984 -0.337829
0.584473 -0.337435
0.584961 -0.337041
0.585449 -0.336646
0.585938 -0.336252
0.586426 -0.335858
0.586914 -0.335463
0.587402 -0.335069
0.587891 -0.334674
0.588379 -0.33428
0.588867 -0.333886
0.589355 -0.333491
0.589844 -0.333097
0.590332 -0.332702
0.59082 -0.332308
0.591309 -0.331913
0.591797 -0.331519
0.592285 -0.331124
0.592773 -0.33073
0.593262 -0.330336
0.59375 -0.329941
0.594238 -0.329547
0.594727 -0.329152
0.595215 -0.328758
0.595703 -0.328363
0.596191 -0.327968
0.59668 -0.327574
0.597168 -0.327179
0.597656 -0.326785
0.598145 -0.32639
0.598633 -0.325996
0.599121 -0.325601
0.599609 -0.325207
0.600098 -0.324812
0.600586 -0.324417
0.601074 -0.324023
0.601562 -0.323628
0.602051 -0.323234
0.602539 -0.322839
0.603027 -0.322444
0.603516 -0.32205
0.604004 -0.321655
0.604492 -0.32126
0.60498 -0.320866
0.605469 -0.320471
0.605957 -0.320076
0.606445 -0.319682
0.606934 -0.319287
0.607422 -0.318892
0.60791 -0.318498
0.608398 -0.318103
0.608887 -0.317708
0.609375 -0.317313
0.609863 -0.316919
0.610352 -0.316524
0.61084 -0.316129
0.611328 -0.315734
0.611816 -0.31534
0.612305 -0.314945
0.612793 -0.31455
0.613281 -0.314155
0.61377 -0.31376
0.614258 -0.313366
0.614746 -0.312971
0.615234 -0.312576
0.615723 -0.312181
0.616211 -0.311786
0.616699 -0.311391
0.617188 -0.310997
0.617676 -0.310602
0.618164 -0.310207
0.618652 -0.309812
0.619141 -0.309417
0.619629 -0.309022
0.620117 -0.308627
0.620605 -0.308232
0.621094 -0.307837
0.621582 -0.307443
0.62207 -0.307048
0.622559 -0.306653
0.623047 -0.306258
0.623535 -0.305863
0.624023 -0.305468
0.624512 -0.305073
0.625 -0.304678
0.625488 -0.304283
0.625977 -0.303888
0.626465 -0.303493
0.626953 -0.303098
0.627441 -0.302703
0.62793 -0.302308
0.628418 -0.301913
0.628906 -0.301518
0.629395 -0.301123
0.629883 -0.300728
0.630371 -0.300333
0.630859 -0.299938
0.631348 -0.299543
0.631836 -0.299148
0.632324 -0.298752
0.632812 -0.298357
0.633301 -0.297962
0.633789 -0.297567
0.634277 -0.297172
0.634766 -0.296777
0.635254 -0.296382
0.635742 -0.295987
0.63623 -0.295592
0.636719 -0.295196
0.637207 -0.294801
0.637695 -0.294406
0.638184 -0.294011
0.638672 -0.293616
0.63916 -0.293221
0.639648 -0.292825
0.640137 -0.29243
0.640625 -0.292035
0.641113 -0.29164
0.641602 -0.291245
0.64209 -0.290849
0.642578 -0.290454
0.643066 -0.290059
0.643555 -0.289664
0.644043 -0.289269
0.644531 -0.288873
0.64502 -0.288478
0.645508 -0.288083
0.645996 -0.287688
0.646484 -0.287292
0.646973 -0.286897
0.647461 -0.286502
0.647949 -0.286106
0.648438 -0.285711
0.648926 -0.285316
0.649414 -0.28492
0.649902 -0.284525
0.650391 -0.28413
0.650879 -0.283735
0.651367 -0.283339
0.651855 -0.282944
0.652344 -0.282548
0.652832 -0.282153
0.65332 -0.281758
0.653809 -0.281362
0.654297 -0.280967
0.654785 -0.280572
0.655273 -0.280176
0.655762 -0.279781
0.65625 -0.279385
0.656738 -0.27899
0.657227 -0.278595
0.657715 -0.278199
0.658203 -0.277804
0.658691 -0.277408
0.65918 -0.277013
0.659668 -0.276617
0.660156 -0.276222
0.660645 -0.275826
0.661133 -0.275431
0.661621 -0.275036
0.662109 -0.27464
0.662598 -0.274245
0.663086 -0.273849
0.663574 -0.273454
0.664062 -0.273058
0.664551 -0.272663
0.665039 -0.272267
0.665527 -0.271871
0.666016 -0.271476
0.666504 -0.27108
0.666992 -0.270685
0.66748 -0.270289
0.667969 -0.269894
0.668457 -0.269498
0.668945 -0.269103
0.669434 -0.268707
0.669922 -0.268311
0.67041 -0.267916
0.670898 -0.26752
0.671387 -0.267125
0.671875 -0.266729
0.672363 -0.266333
0.672852 -0.265938
0.67334 -0.265542
0.673828 -0.265147
0.674316 -0.264751
0.674805 -0.264355
0.675293 -0.26396
0.675781 -0.263564
0.67627 -0.263168
0.676758 -0.262773
0.677246 -0.262377
0.677734 -0.261981
0.678223 -0.261586
0.678711 -0.26119
0.679199 -0.260794
0.679688 -0.260399
0.680176 -0.260003
0.680664 -0.259607
0.681152 -0.259211
0.681641 -0.258816
0.682129 -0.25842
0.682617 -0.258024
0.683105 -0.257629
0.683594 -0.257233
0.684082 -0.256837
0.68457 -0.256441
0.685059 -0.256045
0.685547 -0.25565
0.686035 -0.255254
0.686523 -0.254858
0.687012 -0.254462
0.6875 -0.254067
0.687988 -0.253671
0.688477 -0.253275
0.688965 -0.252879
0.689453 -0.252483
0.689941 -0.252088
0.69043 -0.251692
0.690918 -0.251296
0.691406 -0.2509
0.691895 -0.250504
0.692383 -0.250108
0.692871 -0.249712
0.693359 -0.249317
0.693848 -0.248921
0.694336 -0.248525
0.694824 -0.248129
0.695312 -0.247733
0.695801 -0.247337
0.696289 -0.246941
0.696777 -0.246545
0.697266 -0.246149
0.697754 -0.245754
0.698242 -0.245358
0.69873 -0.244962
0.699219 -0.244566
0.699707 -0.24417
0.700195 -0.243774
0.700684 -0.243378
0.701172 -0.242982
0.70166 -0.242586
0.702148 -0.24219
0.702637 -0.241794
0.703125 -0.241398
0.703613 -0.241002
0.704102 -0.240606
0.70459 -0.24021
0.705078 -0.239814
0.705566 -0.239418
0.706055 -0.239022
0.706543 -0.238626
0.707031 -0.23823
0.70752 -0.237834
0.708008 -0.237438
0.708496 -0.237042
0.708984 -0.236646
0.709473 -0.23625
0.709961 -0.235854
0.710449 -0.235458
0.710938 -0.235062
0.711426 -0.234666
0.711914 -0.23427
0.712402 -0.233874
0.712891 -0.233478
0.713379 -0.233082
0.713867 -0.232685
0.714355 -0.232289
0.714844 -0.231893
0.715332 -0.231497
0.71582 -0.231101
0.716309 -0.230705
0.716797 -0.230309
0.717285 -0.229913
0.717773 -0.229517
0.718262 -0.22912
0.71875 -0.228724
0.719238 -0.228328
0.719727 -0.227932
0.720215 -0.227536
0.720703 -0.22714
0.721191 -0.226743
0.72168 -0.226347
0.722168 -0.225951
0.722656 -0.225555
0.723145 -0.225159
0.723633 -0.224763
0.724121 -0.224366
0.724609 -0.22397
0.725098 -0.223574
0.725586 -0.223178
0.726074 -0.222782
0.726562 -0.222385
0.727051 -0.221989
0.727539 -0.221593
0.728027 -0.221197
0.728516 -0.2208
0.729004 -0.220404
0.729492 -0.220008
0.72998 -0.219612
0.730469 -0.219215
0.730957 -0.218819
0.731445 -0.218423
0.731934 -0.218027
0.732422 -0.21763
0.73291 -0.217234
0.733398 -0.216838
0.733887 -0.216441
0.734375 -0.216045
0.734863 -0.215649
0.735352 -0.215253
0.73584 -0.214856
0.736328 -0.21446
0.736816 -0.214064
0.737305 -0.213667
0.737793 -0.213271
0.738281 -0.212875
0.73877 -0.212478
0.739258 -0.212082
0.739746 -0.211686
0.740234 -0.211289
0.740723 -0.210893
0.741211 -0.210496
0.741699 -0.2101
0.742188 -0.209704
0.742676 -0.209307
0.743164 -0.208911
0.743652 -0.208515
0.744141 -0.208118
0.744629 -0.207722
0.745117 -0.207325
0.745605 -0.206929
0.746094 -0.206533
0.746582 -0.206136
0.74707 -0.20574
0.747559 -0.205343
0.748047 -0.204947
0.748535 -0.20455
0.749023 -0.204154
0.749512 -0.203758
0.75 -0.203361
0.750488 -0.202965
0.750977 -0.202568
0.751465 -0.202172
0.751953 -0.201775
0.752441 -0.201379
0.75293 -0.200982
0.753418 -0.200586
0.753906 -0.200189
0.754395 -0.199793
0.754883 -0.199397
0.755371 -0.199
0.755859 -0.198604
0.756348 -0.198207
0.756836 -0.197811
0.757324 -0.197414
0.757812 -0.197017
0.758301 -0.196621
0.758789 -0.196224
0.759277 -0.195828
0.759766 -0.195431
0.760254 -0.195035
0.760742 -0.194638
0.76123 -0.194242
0.761719 -0.193845
0.762207 -0.193449
0.762695 -0.193052
0.763184 -0.192656
0.763672 -0.192259
0.76416 -0.191862
0.764648 -0.191466
0.765137 -0.191069
0.765625 -0.190673
0.766113 -0.190276
0.766602 -0.18988
0.76709 -0.189483
0.767578 -0.189086
0.768066 -0.18869
0.768555 -0.188293
0.769043 -0.187897
0.769531 -0.1875
0.77002 -0.187103
0.770508 -0.186707
0.770996 -0.18631
0.771484 -0.185913
0.771973 -0.185517
0.772461 -0.18512
0.772949 -0.184724
0.773438 -0.184327
0.773926 -0.18393
0.774414 -0.183534
0.774902 -0.183137
0.775391 -0.18274
0.775879 -0.182344
0.776367 -0.181947
0.776855 -0.18155
0.777344 -0.181154
0.777832 -0.180757
0.77832 -0.18036
0.778809 -0.179964
0.779297 -0.179567
0.779785 -0.17917
0.780273 -0.178774
0.780762 -0.178377
0.78125 -0.17798
0.781738 -0.177583
0.782227 -0.177187
0.782715 -0.17679
0.783203 -0.176393
0.783691 -0.175997
0.78418 -0.1756
0.784668 -0.175203
0.785156 -0.174806
0.785645 -0.17441
0.786133 -0.174013
0.786621 -0.173616
0.787109 -0.173219
0.787598 -0.172823
0.788086 -0.172426
0.788574 -0.172029
0.789062 -0.171632
0.789551 -0.171236
0.790039 -0.170839
0.790527 -0.170442
0.791016 -0.170045
0.791504 -0.169649
0.791992 -0.169252
0.79248 -0.168855
0.792969 -0.168458
0.793457 -0.168061
0.793945 -0.167665
0.794434 -0.167268
0.794922 -0.166871
0.79541 -0.166474
0.795898 -0.166077
0.796387 -0.165681
0.796875 -0.165284
0.797363 -0.164887
0.797852 -0.16449
0.79834 -0.164093
0.798828 -0.163696
0.799316 -0.1633
0.799805 -0.162903
0.800293 -0.162506
0.800781 -0.162109
0.80127 -0.161712
0.801758 -0.161315
0.802246 -0.160919
0.802734 -0.160522
0.803223 -0.160125
0.803711 -0.159728
0.804199 -0.159331
0.804688 -0.158934
0.805176 -0.158537
0.805664 -0.158141
0.806152 -0.157744
0.806641 -0.157347
0.807129 -0.15695
0.807617 -0.156553
0.808105 -0.156156
0.808594 -0.155759
0.809082 -0.155362
0.80957 -0.154966
0.810059 -0.154569
0.810547 -0.154172
0.811035 -0.153775
0.811523 -0.153378
0.812012 -0.152981
0.8125 -0.152584
0.812988 -0.152187
0.813477 -0.15179
0.813965 -0.151393
0.814453 -0.150996
0.814941 -0.1506
0.81543 -0.150203
0.815918 -0.149806
0.816406 -0.149409
0.816895 -0.149012
0.817383 -0.148615
0.817871 -0.148218
0.818359 -0.147821
0.818848 -0.147424
0.819336 -0.147027
0.819824 -0.14663
0.820312 -0.146233
0.820801 -0.145836
0.821289 -0.145439
0.821777 -0.145042
0.822266 -0.144645
0.822754 -0.144248
0.823242 -0.143851
0.82373 -0.143455
0.824219 -0.143058
0.824707 -0.142661
0.825195 -0.142264
0.825684 -0.141867
0.826172 -0.14147
0.82666 -0.141073
0.827148 -0.140676
0.827637 -0.140279
0.828125 -0.139882
0.828613 -0.139485
0.829102 -0.139088
0.82959 -0.138691
0.830078 -0.138294
0.830566 -0.137897
0.831055 -0.1375
0.831543 -0.137103
0.832031 -0.136706
0.83252 -0.136309
0.833008 -0.135912
0.833496 -0.135515
0.833984 -0.135118
0.834473 -0.134721
0.834961 -0.134324
0.835449 -0.133927
0.835938 -0.13353
0.836426 -0.133133
0.836914 -0.132736
0.837402 -0.132339
0.837891 -0.131942
0.838379 -0.131545
0.838867 -0.131148
0.839355 -0.130751
0.839844 -0.130354
0.840332 -0.129956
0.84082 -0.129559
0.841309 -0.129162
0.841797 -0.128765
0.842285 -0.128368
0.842773 -0.127971
0.843262 -0.127574
0.84375 -0.127177
0.844238 -0.12678
0.844727 -0.126383
0.845215 -0.125986
0.845703 -0.125589
0.846191 -0.125192
0.84668 -0.124795
0.847168 -0.124398
0.847656 -0.124001
0.848145 -0.123604
0.848633 -0.123207
0.849121 -0.12281
0.849609 -0.122413
0.850098 -0.122016
0.850586 -0.121619
0.851074 -0.121222
0.851562 -0.120824
0.852051 -0.120427
0.852539 -0.12003
0.853027 -0.119633
0.853516 -0.119236
0.854004 -0.118839
0.854492 -0.118442
0.85498 -0.118045
0.855469 -0.117648
0.855957 -0.117251
0.856445 -0.116854
0.856934 -0.116457
0.857422 -0.11606
0.85791 -0.115663
0.858398 -0.115266
0.858887 -0.114869
0.859375 -0.114471
0.859863 -0.114074
0.860352 -0.113677
0.86084 -0.11328
0.861328 -0.112883
0.861816 -0.112486
0.862305 -0.112089
0.862793 -0.111692
0.863281 -0.111295
0.86377 -0.110898
0.864258 -0.110501
0.864746 -0.110104
0.865234 -0.109707
0.865723 -0.10931
0.866211 -0.108912
0.866699 -0.108515
0.867188 -0.108118
0.867676 -0.107721
0.868164 -0.107324
0.868652 -0.106927
0.869141 -0.10653
0.869629 -0.106133
0.870117 -0.105736
0.870605 -0.105339
0.871094 -0.104942
0.871582 -0.104545
0.87207 -0.104148
0.872559 -0.103751
0.873047 -0.103354
0.873535 -0.102956
0.874023 -0.102559
0.874512 -0.102162
0.875 -0.101765
0.875488 -0.101368
0.875977 -0.100971
0.876465 -0.100574
0.876953 -0.100177
0.877441 -0.09978
0.87793 -0.0993829
0.878418 -0.0989858
0.878906 -0.0985888
0.879395 -0.0981917
0.879883 -0.0977947
0.880371 -0.0973976
0.880859 -0.0970006
0.881348 -0.0966035
0.881836 -0.0962065
0.882324 -0.0958094
0.882812 -0.0954124
0.883301 -0.0950153
0.883789 -0.0946183
0.884277 -0.0942212
0.884766 -0.0938242
0.885254 -0.0934271
0.885742 -0.0930301
0.88623 -0.092633
0.886719 -0.092236
0.887207 -0.091839
0.887695 -0.0914419
0.888184 -0.0910449
0.888672 -0.0906479
0.88916 -0.0902508
0.889648 -0.0898538
0.890137 -0.0894568
0.890625 -0.0890597
0.891113 -0.0886627
0.891602 -0.0882657
0.89209 -0.0878687
0.892578 -0.0874717
0.893066 -0.0870746
0.893555 -0.0866776
0.894043 -0.0862806
0.894531 -0.0858836
0.89502 -0.0854866
0.895508 -0.0850896
0.895996 -0.0846926
0.896484 -0.0842956
0.896973 -0.0838986
0.897461 -0.0835016
0.897949 -0.0831046
0.898438 -0.0827076
0.898926 -0.0823106
0.899414 -0.0819136
0.899902 -0.0815166
0.900391 -0.0811196
0.900879 -0.0807226
0.901367 -0.0803256
0.901855 -0.0799287
0.902344 -0.0795317
0.902832 -0.0791347
0.90332 -0.0787377
0.903809 -0.0783408
0.904297 -0.0779438
0.904785 -0.0775468
0.905273 -0.0771499
0.905762 -0.0767529
0.90625 -0.076356
0.906738 -0.075959
0.907227 -0.075562
0.907715 -0.0751651
0.908203 -0.0747681
0.908691 -0.0743712
0.90918 -0.0739743
0.909668 -0.0735773
0.910156 -0.0731804
0.910645 -0.0727835
0.911133 -0.0723865
0.911621 -0.0719896
0.912109 -0.0715927
0.912598 -0.0711958
0.913086 -0.0707988
0.913574 -0.0704019
0.914062 -0.070005
0.914551 -0.0696081
0.915039 -0.0692112
0.915527 -0.0688143
0.916016 -0.0684174
0.916504 -0.0680205
0.916992 -0.0676236
0.91748 -0.0672267
0.917969 -0.0668298
0.918457 -0.0664329
0.918945 -0.0660361
0.919434 -0.0656392
0.919922 -0.0652423
0.92041 -0.0648454
0.920898 -0.0644486
0.921387 -0.0640517
0.921875 -0.0636548
0.922363 -0.063258
0.922852 -0.0628611
0.92334 -0.0624643
0.923828 -0.0620674
0.924316 -0.0616706
0.924805 -0.0612737
0.925293 -0.0608769
0.925781 -0.0604801
0.92627 -0.0600832
0.926758 -0.0596864
0.927246 -0.0592896
0.927734 -0.0588928
0.928223 -0.0584959
0.928711 -0.0580991
0.929199 -0.0577023
0.929688 -0.0573055
0.930176 -0.0569087
0.930664 -0.0565119
0.931152 -0.0561151
0.931641 -0.0557183
0.932129 -0.0553215
0.932617 -0.0549248
0.933105 -0.054528
0.933594 -0.0541312
0.934082 -0.0537344
0.93457 -0.0533377
0.935059 -0.0529409
0.935547 -0.0525441
0.936035 -0.0521474
0.936523 -0.0517506
0.937012 -0.0513539
0.9375 -0.0509571
0.937988 -0.0505604
0.938477 -0.0501636
0.938965 -0.0497669
0.939453 -0.0493701
0.939941 -0.0489734
0.94043 -0.0485767
0.940918 -0.04818
0.941406 -0.0477832
0.941895 -0.0473865
0.942383 -0.0469898
0.942871 -0.0465931
0.943359 -0.0461964
0.943848 -0.0457997
0.944336 -0.045403
0.944824 -0.0450063
0.945312 -0.0446096
0.945801 -0.0442129
0.946289 -0.0438163
0.946777 -0.0434196
0.947266 -0.0430229
0.947754 -0.0426262
0.948242 -0.0422296
0.94873 -0.0418329
0.949219 -0.0414362
0.949707 -0.0410396
0.950195 -0.0406429
0.950684 -0.0402463
0.951172 -0.0398496
0.95166 -0.039453
0.952148 -0.0390563
0.952637 -0.0386597
0.953125 -0.0382631
0.953613 -0.0378664
0.954102 -0.0374698
0.95459 -0.0370732
0.955078 -0.0366766
0.955566 -0.0362799
0.956055 -0.0358833
0.956543 -0.0354867
0.957031 -0.0350901
0.95752 -0.0346935
0.958008 -0.0342969
0.958496 -0.0339003
0.958984 -0.0335037
0.959473 -0.0331071
0.959961 -0.0327105
0.960449 -0.032314
0.960938 -0.0319174
0.961426 -0.0315208
0.961914 -0.0311242
0.962402 -0.0307276
0.962891 -0.0303311
0.963379 -0.0299345
0.963867 -0.0295379
0.964355 -0.0291414
0.964844 -0.0287448
0.965332 -0.0283483
0.96582 -0.0279517
0.966309 -0.0275552
0.966797 -0.0271586
0.967285 -0.0267621
0.967773 -0.0263656
0.968262 -0.025969
0.96875 -0.0255725
0.969238 -0.0251759
0.969727 -0.0247794
0.970215 -0.0243829
0.970703 -0.0239864
0.971191 -0.0235898
0.97168 -0.0231933
0.972168 -0.0227968
0.972656 -0.0224003
0.973145 -0.0220038
0.973633 -0.0216073
0.974121 -0.0212108
0.974609 -0.0208143
0.975098 -0.0204178
0.975586 -0.0200213
0.976074 -0.0196248
0.976562 -0.0192283
0.977051 -0.0188318
0.977539 -0.0184353
0.978027 -0.0180388
0.978516 -0.0176423
0.979004 -0.0172458
0.979492 -0.0168493
0.97998 -0.0164529
0.980469 -0.0160564
0.980957 -0.0156599
0.981445 -0.0152634
0.981934 -0.0148669
0.982422 -0.0144705
0.98291 -0.014074
0.983398 -0.0136775
0.983887 -0.0132811
0.984375 -0.0128846
0.984863 -0.0124881
0.985352 -0.0120917
0.98584 -0.0116952
0.986328 -0.0112988
0.986816 -0.0109023
0.987305 -0.0105058
0.987793 -0.0101094
0.988281 -0.00971292
0.98877 -0.00931647
0.989258 -0.00892001
0.989746 -0.00852356
0.990234 -0.00812711
0.990723 -0.00773066
0.991211 -0.00733421
0.991699 -0.00693776
0.992188 -0.00654131
0.992676 -0.00614487
0.993164 -0.00574842
0.993652 -0.00535197
0.994141 -0.00495553
0.994629 -0.00455908
0.995117 -0.00416264
0.995605 -0.0037662
0.996094 -0.00336975
0.996582 -0.00297331
0.99707 -0.00257687
0.997559 -0.00218043
0.998047 -0.00178399
0.998535 -0.00138754
0.999023 -0.000991103
0.999512 -0.000594662
1 -0.000198221
