0 0.000162869
0.000488281 0.000488606
0.000976562 0.000814344
0.00146484 0.00114008
0.00195312 0.00146582
0.00244141 0.00179156
0.00292969 0.00211729
0.00341797 0.00244303
0.00390625 0.00276877
0.00439453 0.00309451
0.00488281 0.00342025
0.00537109 0.00374599
0.00585938 0.00407172
0.00634766 0.00439746
0.00683594 0.0047232
0.00732422 0.00504894
0.0078125 0.00537468
0.00830078 0.00570042
0.00878906 0.00602616
0.00927734 0.00635191
0.00976562 0.00667765
0.0102539 0.00700339
0.0107422 0.00732913
0.0112305 0.00765487
0.0117188 0.00798062
0.012207 0.00830636
0.0126953 0.00863211
0.0131836 0.00895785
0.0136719 0.0092836
0.0141602 0.00960934
0.0146484 0.00993509
0.0151367 0.0102608
0.015625 0.0105866
0.0161133 0.0109123
0.0166016 0.0112381
0.0170898 0.0115638
0.0175781 0.0118896
0.0180664 0.0122153
0.0185547 0.0125411
0.019043 0.0128668
0.0195312 0.0131926
0.0200195 0.0135183
0.0205078 0.0138441
0.0209961 0.0141699
0.0214844 0.0144956
0.0219727 0.0148214
0.0224609 0.0151471
0.0229492 0.0154729
0.0234375 0.0157986
0.0239258 0.0161244
0.0244141 0.0164502
0.0249023 0.0167759
0.0253906 0.0171017
0.0258789 0.0174275
0.0263672 0.0177532
0.0268555 0.018079
0.0273438 0.0184048
0.027832 0.0187305
0.0283203 0.0190563
0.0288086 0.0193821
0.0292969 0.0197079
0.0297852 0.0200336
0.0302734 0.0203594
0.0307617 0.0206852
0.03125 0.021011
0.0317383 0.0213367
0.0322266 0.0216625
0.0327148 0.0219883
0.0332031 0.0223141
0.0336914 0.0226399
0.0341797 0.0229656
0.034668 0.0232914
0.0351562 0.0236172
0.0356445 0.023943
0.0361328 0.0242688
0.0366211 0.0245946
0.0371094 0.0249204
0.0375977 0.0252462
0.0380859 0.025572
0.0385742 0.0258978
0.0390625 0.0262236
0.0395508 0.0265494
0.0400391 0.0268752
0.0405273 0.027201
0.0410156 0.0275268
0.0415039 0.0278526
0.0419922 0.0281784
0.0424805 0.0285042
0.0429688 0.02883
0.043457 0.0291558
0.0439453 0.0294816
0.0444336 0.0298075
0.0449219 0.0301333
0.0454102 0.0304591
0.0458984 0.0307849
0.0463867 0.0311107
0.046875 0.0314366
0.0473633 0.0317624
0.0478516 0.0320882
0.0483398 0.032414
0.0488281 0.0327399
0.0493164 0.0330657
0.0498047 0.0333915
0.050293 0.0337174
0.0507812 0.0340432
0.0512695 0.034369
0.0517578 0.0346949
0.0522461 0.0350207
0.0527344 0.0353466
0.0532227 0.0356724
0.0537109 0.0359983
0.0541992 0.0363241
0.0546875 0.03665
0.0551758 0.0369758
0.0556641 0.0373017
0.0561523 0.0376275
0.0566406 0.0379534
0.0571289 0.0382792
0.0576172 0.0386051
0.0581055 0.038931
0.0585938 0.0392568
0.059082 0.0395827
0.0595703 0.0399086
0.0600586 0.0402344
0.0605469 0.0405603
0.0610352 0.0408862
0.0615234 0.0412121
0.0620117 0.0415379
0.0625 0.0418638
0.0629883 0.0421897
0.0634766 0.0425156
0.0639648 0.0428415
0.0644531 0.0431674
0.0649414 0.0434933
0.0654297 0.0438191
0.065918 0.044145
0.0664062 0.0444709
0.0668945 0.0447968
0.0673828 0.0451227
0.0678711 0.0454486
0.0683594 0.0457745
0.0688477 0.0461004
0.0693359 0.0464264
0.0698242 0.0467523
0.0703125 0.0470782
0.0708008 0.0474041
0.0712891 0.04773
0.0717773 0.0480559
0.0722656 0.0483818
0.0727539 0.0487078
0.0732422 0.0490337
0.0737305 0.0493596
0.0742188 0.0496855
0.074707 0.0500115
0.0751953 0.0503374
0.0756836 0.0506633
0.0761719 0.0509893
0.0766602 0.0513152
0.0771484 0.0516411
0.0776367 0.0519671
0.078125 0.052293
0.0786133 0.052619
0.0791016 0.0529449
0.0795898 0.0532708
0.0800781 0.0535968
0.0805664 0.0539227
0.0810547 0.0542487
0.081543 0.0545747
0.0820312 0.0549006
0.0825195 0.0552266
0.0830078 0.0555525
0.0834961 0.0558785
0.0839844 0.0562045
0.0844727 0.0565304
0.0849609 0.0568564
0.0854492 0.0571824
0.0859375 0.0575083
0.0864258 0.0578343
0.0869141 0.0581603
0.0874023 0.0584863
0.0878906 0.0588123
0.0883789 0.0591382
0.0888672 0.0594642
0.0893555 0.0597902
0.0898438 0.0601162
0.090332 0.0604422
0.0908203 0.0607682
0.0913086 0.0610942
0.0917969 0.0614202
0.0922852 0.0617462
0.0927734 0.0620722
0.0932617 0.0623982
0.09375 0.0627242
0.0942383 0.0630502
0.0947266 0.0633762
0.0952148 0.0637022
0.0957031 0.0640282
0.0961914 0.0643542
0.0966797 0.0646802
0.097168 0.0650062
0.0976562 0.0653322
0.0981445 0.0656583
0.0986328 0.0659843
0.0991211 0.0663103
0.0996094 0.0666363
0.100098 0.0669624
0.100586 0.0672884
0.101074 0.0676144
0.101562 0.0679404
0.102051 0.0682665
0.102539 0.0685925
0.103027 0.0689185
0.103516 0.0692446
0.104004 0.0695706
0.104492 0.0698967
0.10498 0.0702227
0.105469 0.0705487
0.105957 0.0708748
0.106445 0.0712008
0.106934 0.0715269
0.107422 0.0718529
0.10791 0.072179
0.108398 0.072505
0.108887 0.0728311
0.109375 0.0731572
0.109863 0.0734832
0.110352 0.0738093
0.11084 0.0741353
0.111328 0.0744614
0.111816 0.0747875
0.112305 0.0751135
0.112793 0.0754396
0.113281 0.0757657
0.11377 0.0760917
0.114258 0.0764178
0.114746 0.0767439
0.115234 0.0770699
0.115723 0.077396
0.116211 0.0777221
0.116699 0.0780482
0.117188 0.0783743
0.117676 0.0787003
0.118164 0.0790264
0.118652 0.0793525
0.119141 0.0796786
0.119629 0.0800047
0.120117 0.0803308
0.120605 0.0806569
0.121094 0.0809829
0.121582 0.081309
0.12207 0.0816351
0.122559 0.0819612
0.123047 0.0822873
0.123535 0.0826134
0.124023 0.0829395
0.124512 0.0832656
0.125 0.0835917
0.125488 0.0839178
0.125977 0.0842439
0.126465 0.08457
0.126953 0.0848961
0.127441 0.0852222
0.12793 0.0855483
0.128418 0.0858744
0.128906 0.0862005
0.129395 0.0865267
0.129883 0.0868528
0.130371 0.0871789
0.130859 0.087505
0.131348 0.0878311
0.131836 0.0881572
0.132324 0.0884833
0.132812 0.0888095
0.133301 0.0891356
0.133789 0.0894617
0.134277 0.0897878
0.134766 0.0901139
0.135254 0.0904401
0.135742 0.0907662
0.13623 0.0910923
0.136719 0.0914184
0.137207 0.0917445
0.137695 0.0920707
0.138184 0.0923968
0.138672 0.0927229
0.13916 0.093049
0.139648 0.0933752
0.140137 0.0937013
0.140625 0.0940274
0.141113 0.0943536
0.141602 0.0946797
0.14209 0.0950058
0.142578 0.095332
0.143066 0.0956581
0.143555 0.0959842
0.144043 0.0963104
0.144531 0.0966365
0.14502 0.0969626
0.145508 0.0972888
0.145996 0.0976149
0.146484 0.097941
0.146973 0.0982672
0.147461 0.0985933
0.147949 0.0989195
0.148438 0.0992456
0.148926 0.0995717
0.149414 0.0998979
0.149902 0.100224
0.150391 0.10055
0.150879 0.100876
0.151367 0.101202
0.151855 0.101529
0.152344 0.101855
0.152832 0.102181
0.15332 0.102507
0.153809 0.102833
0.154297 0.103159
0.154785 0.103485
0.155273 0.103812
0.155762 0.104138
0.15625 0.104464
0.156738 0.10479
0.157227 0.105116
0.157715 0.105442
0.158203 0.105768
0.158691 0.106095
0.15918 0.106421
0.159668 0.106747
0.160156 0.107073
0.160645 0.107399
0.161133 0.107725
0.161621 0.108051
0.162109 0.108378
0.162598 0.108704
0.163086 0.10903
0.163574 0.109356
0.164062 0.109682
0.164551 0.110008
0.165039 0.110335
0.165527 0.110661
0.166016 0.110987
0.166504 0.111313
0.166992 0.111639
0.16748 0.111965
0.167969 0.112291
0.168457 0.112618
0.168945 0.112944
0.169434 0.11327
0.169922 0.113596
0.17041 0.113922
0.170898 0.114248
0.171387 0.114574
0.171875 0.114901
0.172363 0.115227
0.172852 0.115553
0.17334 0.115879
0.173828 0.116205
0.174316 0.116531
0.174805 0.116857
0.175293 0.117184
0.175781 0.11751
0.17627 0.117836
0.176758 0.118162
0.177246 0.118488
0.177734 0.118814
0.178223 0.11914
0.178711 0.119467
0.179199 0.119793
0.179688 0.120119
0.180176 0.120445
0.180664 0.120771
0.181152 0.121097
0.181641 0.121423
0.182129 0.12175
0.182617 0.122076
0.183105 0.122402
0.183594 0.122728
0.184082 0.123054
0.18457 0.12338
0.185059 0.123706
0.185547 0.124033
0.186035 0.124359
0.186523 0.124685
0.187012 0.125011
0.1875 0.125337
0.187988 0.125663
0.188477 0.125989
0.188965 0.126315
0.189453 0.126642
0.189941 0.126968
0.19043 0.127294
0.190918 0.12762
0.191406 0.127946
0.191895 0.128272
0.192383 0.128598
0.192871 0.128924
0.193359 0.129251
0.193848 0.129577
0.194336 0.129903
0.194824 0.130229
0.195312 0.130555
0.195801 0.130881
0.196289 0.131207
0.196777 0.131533
0.197266 0.13186
0.197754 0.132186
0.198242 0.132512
0.19873 0.132838
0.199219 0.133164
0.199707 0.13349
0.200195 0.133816
0.200684 0.134142
0.201172 0.134468
0.20166 0.134795
0.202148 0.135121
0.202637 0.135447
0.203125 0.135773
0.203613 0.136099
0.204102 0.136425
0.20459 0.136751
0.205078 0.137077
0.205566 0.137403
0.206055 0.13773
0.206543 0.138056
0.207031 0.138382
0.20752 0.138708
0.208008 0.139034
0.208496 0.13936
0.208984 0.139686
0.209473 0.140012
0.209961 0.140338
0.210449 0.140664
0.210938 0.14099
0.211426 0.141317
0.211914 0.141643
0.212402 0.141969
0.212891 0.142295
0.213379 0.142621
0.213867 0.142947
0.214355 0.143273
0.214844 0.143599
0.215332 0.143925
0.21582 0.144251
0.216309 0.144577
0.216797 0.144903
0.217285 0.14523
0.217773 0.145556
0.218262 0.145882
0.21875 0.146208
0.219238 0.146534
0.219727 0.14686
0.220215 0.147186
0.220703 0.147512
0.221191 0.147838
0.22168 0.148164
0.222168 0.14849
0.222656 0.148816
0.223145 0.149142
0.223633 0.149468
0.224121 0.149794
0.224609 0.15012
0.225098 0.150447
0.225586 0.150773
0.226074 0.151099
0.226562 0.151425
0.227051 0.151751
0.227539 0.152077
0.228027 0.152403
0.228516 0.152729
0.229004 0.153055
0.229492 0.153381
0.22998 0.153707
0.230469 0.154033
0.230957 0.154359
0.231445 0.154685
0.231934 0.155011
0.232422 0.155337
0.23291 0.155663
0.233398 0.155989
0.233887 0.156315
0.234375 0.156641
0.234863 0.156967
0.235352 0.157293
0.23584 0.157619
0.236328 0.157945
0.236816 0.158271
0.237305 0.158597
0.237793 0.158923
0.238281 0.159249
0.23877 0.159575
0.239258 0.159901
0.239746 0.160227
0.240234 0.160553
0.240723 0.160879
0.241211 0.161205
0.241699 0.161531
0.242188 0.161857
0.242676 0.162183
0.243164 0.162509
0.243652 0.162835
0.244141 0.163161
0.244629 0.163487
0.245117 0.163813
0.245605 0.164139
0.246094 0.164465
0.246582 0.164791
0.24707 0.165117
0.247559 0.165443
0.248047 0.165769
0.248535 0.166095
0.249023 0.166421
0.249512 0.166747
0.25 0.167073
0.250488 0.167399
0.250977 0.167725
0.251465 0.168051
0.251953 0.168377
0.252441 0.168703
0.25293 0.169029
0.253418 0.169355
0.253906 0.169681
0.254395 0.170007
0.254883 0.170333
0.255371 0.170659
0.255859 0.170985
0.256348 0.171311
0.256836 0.171636
0.257324 0.171962
0.257812 0.172288
0.258301 0.172614
0.258789 0.17294
0.259277 0.173266
0.259766 0.173592
0.260254 0.173918
0.260742 0.174244
0.26123 0.17457
0.261719 0.174896
0.262207 0.175222
0.262695 0.175548
0.263184 0.175874
0.263672 0.176199
0.26416 0.176525
0.264648 0.176851
0.265137 0.177177
0.265625 0.177503
0.266113 0.177829
0.266602 0.178155
0.26709 0.178481
0.267578 0.178807
0.268066 0.179133
0.268555 0.179459
0.269043 0.179784
0.269531 0.18011
0.27002 0.180436
0.270508 0.180762
0.270996 0.181088
0.271484 0.181414
0.271973 0.18174
0.272461 0.182066
0.272949 0.182392
0.273438 0.182717
0.273926 0.183043
0.274414 0.183369
0.274902 0.183695
0.275391 0.184021
0.275879 0.184347
0.276367 0.184673
0.276855 0.184998
0.277344 0.185324
0.277832 0.18565
0.27832 0.185976
0.278809 0.186302
0.279297 0.186628
0.279785 0.186954
0.280273 0.187279
0.280762 0.187605
0.28125 0.187931
0.281738 0.188257
0.282227 0.188583
0.282715 0.188909
0.283203 0.189234
0.283691 0.18956
0.28418 0.189886
0.284668 0.190212
0.285156 0.190538
0.285645 0.190864
0.286133 0.191189
0.286621 0.191515
0.287109 0.191841
0.287598 0.192167
0.288086 0.192493
0.288574 0.192818
0.289062 0.193144
0.289551 0.19347
0.290039 0.193796
0.290527 0.194122
0.291016 0.194447
0.291504 0.194773
0.291992 0.195099
0.29248 0.195425
0.292969 0.195751
0.293457 0.196076
0.293945 0.196402
0.294434 0.196728
0.294922 0.197054
0.29541 0.19738
0.295898 0.197705
0.296387 0.198031
0.296875 0.198357
0.297363 0.198683
0.297852 0.199008
0.29834 0.199334
0.298828 0.19966
0.299316 0.199986
0.299805 0.200311
0.300293 0.200637
0.300781 0.200963
0.30127 0.201289
0.301758 0.201614
0.302246 0.20194
0.302734 0.202266
0.303223 0.202592
0.303711 0.202917
0.304199 0.203243
0.304688 0.203569
0.305176 0.203895
0.305664 0.20422
0.306152 0.204546
0.306641 0.204872
0.307129 0.205197
0.307617 0.205523
0.308105 0.205849
0.308594 0.206175
0.309082 0.2065
0.30957 0.206826
0.310059 0.207152
0.310547 0.207477
0.311035 0.207803
0.311523 0.208129
0.312012 0.208454
0.3125 0.20878
0.312988 0.209106
0.313477 0.209432
0.313965 0.209757
0.314453 0.210083
0.314941 0.210409
0.31543 0.210734
0.315918 0.21106
0.316406 0.211386
0.316895 0.211711
0.317383 0.212037
0.317871 0.212363
0.318359 0.212688
0.318848 0.213014
0.319336 0.21334
0.319824 0.213665
0.320312 0.213991
0.320801 0.214316
0.321289 0.214642
0.321777 0.214968
0.322266 0.215293
0.322754 0.215619
0.323242 0.215945
0.32373 0.21627
0.324219 0.216596
0.324707 0.216922
0.325195 0.217247
0.325684 0.217573
0.326172 0.217898
0.32666 0.218224
0.327148 0.21855
0.327637 0.218875
0.328125 0.219201
0.328613 0.219526
0.329102 0.219852
0.32959 0.220178
0.330078 0.220503
0.330566 0.220829
0.331055 0.221154
0.331543 0.22148
0.332031 0.221806
0.33252 0.222131
0.333008 0.222457
0.333496 0.222782
0.333984 0.223108
0.334473 0.223434
0.334961 0.223759
0.335449 0.224085
0.335938 0.22441
0.336426 0.224736
0.336914 0.225061
0.337402 0.225387
0.337891 0.225712
0.338379 0.226038
0.338867 0.226364
0.339355 0.226689
0.339844 0.227015
0.340332 0.22734
0.34082 0.227666
0.341309 0.227991
0.341797 0.228317
0.342285 0.228642
0.342773 0.228968
0.343262 0.229293
0.34375 0.229619
0.344238 0.229944
0.344727 0.23027
0.345215 0.230595
0.345703 0.230921
0.346191 0.231246
0.34668 0.231572
0.347168 0.231897
0.347656 0.232223
0.348145 0.232548
0.348633 0.232874
0.349121 0.233199
0.349609 0.233525
0.350098 0.23385
0.350586 0.234176
0.351074 0.234501
0.351562 0.234827
0.352051 0.235152
0.352539 0.235478
0.353027 0.235803
0.353516 0.236129
0.354004 0.236454
0.354492 0.23678
0.35498 0.237105
0.355469 0.23743
0.355957 0.237756
0.356445 0.238081
0.356934 0.238407
0.357422 0.238732
0.35791 0.239058
0.358398 0.239383
0.358887 0.239709
0.359375 0.240034
0.359863 0.240359
0.360352 0.240685
0.36084 0.24101
0.361328 0.241336
0.361816 0.241661
0.362305 0.241986
0.362793 0.242312
0.363281 0.242637
0.36377 0.242963
0.364258 0.243288
0.364746 0.243613
0.365234 0.243939
0.365723 0.244264
0.366211 0.24459
0.366699 0.244915
0.367188 0.24524
0.367676 0.245566
0.368164 0.245891
0.368652 0.246216
0.369141 0.246542
0.369629 0.246867
0.370117 0.247193
0.370605 0.247518
0.371094 0.247843
0.371582 0.248169
0.37207 0.248494
0.372559 0.248819
0.373047 0.249145
0.373535 0.24947
0.374023 0.249795
0.374512 0.250121
0.375 0.250446
0.375488 0.250771
0.375977 0.251097
0.376465 0.251422
0.376953 0.251747
0.377441 0.252073
0.37793 0.252398
0.378418 0.252723
0.378906 0.253049
0.379395 0.253374
0.379883 0.253699
0.380371 0.254024
0.380859 0.25435
0.381348 0.254675
0.381836 0.255
0.382324 0.255326
0.382812 0.255651
0.383301 0.255976
0.383789 0.256301
0.384277 0.256627
0.384766 0.256952
0.385254 0.257277
0.385742 0.257602
0.38623 0.257928
0.386719 0.258253
0.387207 0.258578
0.387695 0.258903
0.388184 0.259229
0.388672 0.259554
0.38916 0.259879
0.389648 0.260204
0.390137 0.26053
0.390625 0.260855
0.391113 0.26118
0.391602 0.261505
0.39209 0.261831
0.392578 0.262156
0.393066 0.262481
0.393555 0.262806
0.394043 0.263131
0.394531 0.263457
0.39502 0.263782
0.395508 0.264107
0.395996 0.264432
0.396484 0.264757
0.396973 0.265083
0.397461 0.265408
0.397949 0.265733
0.398438 0.266058
0.398926 0.266383
0.399414 0.266708
0.399902 0.267034
0.400391 0.267359
0.400879 0.267684
0.401367 0.268009
0.401855 0.268334
0.402344 0.268659
0.402832 0.268984
0.40332 0.26931
0.403809 0.269635
0.404297 0.26996
0.404785 0.270285
0.405273 0.27061
0.405762 0.270935
0.40625 0.27126
0.406738 0.271585
0.407227 0.271911
0.407715 0.272236
0.408203 0.272561
0.408691 0.272886
0.40918 0.273211
0.409668 0.273536
0.410156 0.273861
0.410645 0.274186
0.411133 0.274511
0.411621 0.274836
0.412109 0.275162
0.412598 0.275487
0.413086 0.275812
0.413574 0.276137
0.414062 0.276462
0.414551 0.276787
0.415039 0.277112
0.415527 0.277437
0.416016 0.277762
0.416504 0.278087
0.416992 0.278412
0.41748 0.278737
0.417969 0.279062
0.418457 0.279387
0.418945 0.279712
0.419434 0.280037
0.419922 0.280362
0.42041 0.280687
0.420898 0.281012
0.421387 0.281337
0.421875 0.281662
0.422363 0.281987
0.422852 0.282312
0.42334 0.282637
0.423828 0.282962
0.424316 0.283287
0.424805 0.283612
0.425293 0.283937
0.425781 0.284262
0.42627 0.284587
0.426758 0.284912
0.427246 0.285237
0.427734 0.285562
0.428223 0.285887
0.428711 0.286212
0.429199 0.286537
0.429688 0.286862
0.430176 0.287187
0.430664 0.287512
0.431152 0.287837
0.431641 0.288162
0.432129 0.288487
0.432617 0.288812
0.433105 0.289136
0.433594 0.289461
0.434082 0.289786
0.43457 0.290111
0.435059 0.290436
0.435547 0.290761
0.436035 0.291086
0.436523 0.291411
0.437012 0.291736
0.4375 0.292061
0.437988 0.292385
0.438477 0.29271
0.438965 0.293035
0.439453 0.29336
0.439941 0.293685
0.44043 0.29401
0.440918 0.294335
0.441406 0.29466
0.441895 0.294984
0.442383 0.295309
0.442871 0.295634
0.443359 0.295959
0.443848 0.296284
0.444336 0.296609
0.444824 0.296933
0.445312 0.297258
0.445801 0.297583
0.446289 0.297908
0.446777 0.298233
0.447266 0.298558
0.447754 0.298882
0.448242 0.299207
0.44873 0.299532
0.449219 0.299857
0.449707 0.300182
0.450195 0.300506
0.450684 0.300831
0.451172 0.301156
0.45166 0.301481
0.452148 0.301805
0.452637 0.30213
0.453125 0.302455
0.453613 0.30278
0.454102 0.303104
0.45459 0.303429
0.455078 0.303754
0.455566 0.304079
0.456055 0.304403
0.456543 0.304728
0.457031 0.305053
0.45752 0.305378
0.458008 0.305702
0.458496 0.306027
0.458984 0.306352
0.459473 0.306677
0.459961 0.307001
0.460449 0.307326
0.460938 0.307651
0.461426 0.307975
0.461914 0.3083
0.462402 0.308625
0.462891 0.308949
0.463379 0.309274
0.463867 0.309599
0.464355 0.309923
0.464844 0.310248
0.465332 0.310573
0.46582 0.310897
0.466309 0.311222
0.466797 0.311547
0.467285 0.311871
0.467773 0.312196
0.468262 0.312521
0.46875 0.312845
0.469238 0.31317
0.469727 0.313495
0.470215 0.313819
0.470703 0.314144
0.471191 0.314468
0.47168 0.314793
0.472168 0.315118
0.472656 0.315442
0.473145 0.315767
0.473633 0.316091
0.474121 0.316416
0.474609 0.316741
0.475098 0.317065
0.475586 0.31739
0.476074 0.317714
0.476562 0.318039
0.477051 0.318363
0.477539 0.318688
0.478027 0.319013
0.478516 0.319337
0.479004 0.319662
0.479492 0.319986
0.47998 0.320311
0.480469 0.320635
0.480957 0.32096
0.481445 0.321284
0.481934 0.321609
0.482422 0.321933
0.48291 0.322258
0.483398 0.322582
0.483887 0.322907
0.484375 0.323231
0.484863 0.323556
0.485352 0.32388
0.48584 0.324205
0.486328 0.324529
0.486816 0.324854
0.487305 0.325178
0.487793 0.325502
0.488281 0.325826
0.48877 0.326149
0.489258 0.326472
0.489746 0.326793
0.490234 0.327112
0.490723 0.327428
0.491211 0.327736
0.491699 0.328033
0.492188 0.328311
0.492676 0.328554
0.493164 0.328739
0.493652 0.328825
0.494141 0.328738
0.494629 0.328356
0.495117 0.327468
0.495605 0.325718
0.496094 0.322502
0.496582 0.316822
0.49707 0.307064
0.497559 0.290742
0.498047 0.264332
0.498535 0.223584
0.499023 0.164932
0.499512 0.0883261
0.5 1.72408e-14
0.500488 -0.0883261
0.500977 -0.164932
0.501465 -0.223584
0.501953 -0.264332
0.502441 -0.290742
0.50293 -0.307064
0.503418 -0.316822
0.503906 -0.322502
0.504395 -0.325718
0.504883 -0.327468
0.505371 -0.328356
0.505859 -0.328738
0.506348 -0.328825
0.506836 -0.328739
0.507324 -0.328554
0.507812 -0.328311
0.508301 -0.328033
0.508789 -0.327736
0.509277 -0.327428
0.509766 -0.327112
0.510254 -0.326793
0.510742 -0.326472
0.51123 -0.326149
0.511719 -0.325826
0.512207 -0.325502
0.512695 -0.325178
0.513184 -0.324854
0.513672 -0.324529
0.51416 -0.324205
0.514648 -0.32388
0.515137 -0.323556
0.515625 -0.323231
0.516113 -0.322907
0.516602 -0.322582
0.51709 -0.322258
0.517578 -0.321933
0.518066 -0.321609
0.518555 -0.321284
0.519043 -0.32096
0.519531 -0.320635
0.52002 -0.320311
0.520508 -0.319986
0.520996 -0.319662
0.521484 -0.319337
0.521973 -0.319013
0.522461 -0.318688
0.522949 -0.318363
0.523438 -0.318039
0.523926 -0.317714
0.524414 -0.31739
0.524902 -0.317065
0.525391 -0.316741
0.525879 -0.316416
0.526367 -0.316091
0.526855 -0.315767
0.527344 -0.315442
0.527832 -0.315118
0.52832 -0.314793
0.528809 -0.314468
0.529297 -0.314144
0.529785 -0.313819
0.530273 -0.313495
0.530762 -0.31317
0.53125 -0.312845
0.531738 -0.312521
0.532227 -0.312196
0.532715 -0.311871
0.533203 -0.311547
0.533691 -0.311222
0.53418 -0.310897
0.534668 -0.310573
0.535156 -0.310248
0.535645 -0.309923
0.536133 -0.309599
0.536621 -0.309274
0.537109 -0.308949
0.537598 -0.308625
0.538086 -0.3083
0.538574 -0.307975
0.539062 -0.307651
0.539551 -0.307326
0.540039 -0.307001
0.540527 -0.306677
0.541016 -0.306352
0.541504 -0.306027
0.541992 -0.305702
0.54248 -0.305378
0.542969 -0.305053
0.543457 -0.304728
0.543945 -0.304403
0.544434 -0.304079
0.544922 -0.303754
0.54541 -0.303429
0.545898 -0.303104
0.546387 -0.30278
0.546875 -0.302455
0.547363 -0.30213
0.547852 -0.301805
0.54834 -0.301481
0.548828 -0.301156
0.549316 -0.300831
0.549805 -0.300506
0.550293 -0.300182
0.550781 -0.299857
0.55127 -0.299532
0.551758 -0.299207
0.552246 -0.298882
0.552734 -0.298558
0.553223 -0.298233
0.553711 -0.297908
0.554199 -0.297583
0.554688 -0.297258
0.555176 -0.296933
0.555664 -0.296609
0.556152 -0.296284
0.556641 -0.295959
0.557129 -0.295634
0.557617 -0.295309
0.558105 -0.294984
0.558594 -0.29466
0.559082 -0.294335
0.55957 -0.29401
0.560059 -0.293685
0.560547 -0.29336
0.561035 -0.293035
0.561523 -0.29271
0.562012 -0.292385
0.5625 -0.292061
0.562988 -0.291736
0.563477 -0.291411
0.563965 -0.291086
0.564453 -0.290761
0.564941 -0.290436
0.56543 -0.290111
0.565918 -0.289786
0.566406 -0.289461
0.566895 -0.289136
0.567383 -0.288812
0.567871 -0.288487
0.568359 -0.288162
0.568848 -0.287837
0.569336 -0.287512
0.569824 -0.287187
0.570312 -0.286862
0.570801 -0.286537
0.571289 -0.286212
0.571777 -0.285887
0.572266 -0.285562
0.572754 -0.285237
0.573242 -0.284912
0.57373 -0.284587
0.574219 -0.284262
0.574707 -0.283937
0.575195 -0.283612
0.575684 -0.283287
0.576172 -0.282962
0.57666 -0.282637
0.577148 -0.282312
0.577637 -0.281987
0.578125 -0.281662
0.578613 -0.281337
0.579102 -0.281012
0.57959 -0.280687
0.580078 -0.280362
0.580566 -0.280037
0.581055 -0.279712
0.581543 -0.279387
0.582031 -0.279062
0.58252 -0.278737
0.583008 -0.278412
0.583496 -0.278087
0.583984 -0.277762
0.584473 -0.277437
0.584961 -0.277112
0.585449 -0.276787
0.585938 -0.276462
0.586426 -0.276137
0.586914 -0.275812
0.587402 -0.275487
0.587891 -0.275162
0.588379 -0.274836
0.588867 -0.274511
0.589355 -0.274186
0.589844 -0.273861
0.590332 -0.273536
0.59082 -0.273211
0.591309 -0.272886
0.591797 -0.272561
0.592285 -0.272236
0.592773 -0.271911
0.593262 -0.271585
0.59375 -0.27126
0.594238 -0.270935
0.594727 -0.27061
0.595215 -0.270285
0.595703 -0.26996
0.596191 -0.269635
0.59668 -0.26931
0.597168 -0.268984
0.597656 -0.268659
0.598145 -0.268334
0.598633 -0.268009
0.599121 -0.267684
0.599609 -0.267359
0.600098 -0.267034
0.600586 -0.266708
0.601074 -0.266383
0.601562 -0.266058
0.602051 -0.265733
0.602539 -0.265408
0.603027 -0.265083
0.603516 -0.264757
0.604004 -0.264432
0.604492 -0.264107
0.60498 -0.263782
0.605469 -0.263457
0.605957 -0.263131
0.606445 -0.262806
0.606934 -0.262481
0.607422 -0.262156
0.60791 -0.261831
0.608398 -0.261505
0.608887 -0.26118
0.609375 -0.260855
0.609863 -0.26053
0.610352 -0.260204
0.61084 -0.259879
0.611328 -0.259554
0.611816 -0.259229
0.612305 -0.258903
0.612793 -0.258578
0.613281 -0.258253
0.61377 -0.257928
0.614258 -0.257602
0.614746 -0.257277
0.615234 -0.256952
0.615723 -0.256627
0.616211 -0.256301
0.616699 -0.255976
0.617188 -0.255651
0.617676 -0.255326
0.618164 -0.255
0.618652 -0.254675
0.619141 -0.25435
0.619629 -0.254024
0.620117 -0.253699
0.620605 -0.253374
0.621094 -0.253049
0.621582 -0.252723
0.62207 -0.252398
0.622559 -0.252073
0.623047 -0.251747
0.623535 -0.251422
0.624023 -0.251097
0.624512 -0.250771
0.625 -0.250446
0.625488 -0.250121
0.625977 -0.249795
0.626465 -0.24947
0.626953 -0.249145
0.627441 -0.248819
0.62793 -0.248494
0.628418 -0.248169
0.628906 -0.247843
0.629395 -0.247518
0.629883 -0.247193
0.630371 -0.246867
0.630859 -0.246542
0.631348 -0.246216
0.631836 -0.245891
0.632324 -0.245566
0.632812 -0.24524
0.633301 -0.244915
0.633789 -0.24459
0.634277 -0.244264
0.634766 -0.243939
0.635254 -0.243613
0.635742 -0.243288
0.63623 -0.242963
0.636719 -0.242637
0.637207 -0.242312
0.637695 -0.241986
0.638184 -0.241661
0.638672 -0.241336
0.63916 -0.24101
0.639648 -0.240685
0.640137 -0.240359
0.640625 -0.240034
0.641113 -0.239709
0.641602 -0.239383
0.64209 -0.239058
0.642578 -0.238732
0.643066 -0.238407
0.643555 -0.238081
0.644043 -0.237756
0.644531 -0.23743
0.64502 -0.237105
0.645508 -0.23678
0.645996 -0.236454
0.646484 -0.236129
0.646973 -0.235803
0.647461 -0.235478
0.647949 -0.235152
0.648438 -0.234827
0.648926 -0.234501
0.649414 -0.234176
0.649902 -0.23385
0.650391 -0.233525
0.650879 -0.233199
0.651367 -0.232874
0.651855 -0.232548
0.652344 -0.232223
0.652832 -0.231897
0.65332 -0.231572
0.653809 -0.231246
0.654297 -0.230921
0.654785 -0.230595
0.655273 -0.23027
0.655762 -0.229944
0.65625 -0.229619
0.656738 -0.229293
0.657227 -0.228968
0.657715 -0.228642
0.658203 -0.228317
0.658691 -0.227991
0.65918 -0.227666
0.659668 -0.22734
0.660156 -0.227015
0.660645 -0.226689
0.661133 -0.226364
0.661621 -0.226038
0.662109 -0.225712
0.662598 -0.225387
0.663086 -0.225061
0.663574 -0.224736
0.664062 -0.22441
0.664551 -0.224085
0.665039 -0.223759
0.665527 -0.223434
0.666016 -0.223108
0.666504 -0.222782
0.666992 -0.222457
0.66748 -0.222131
0.667969 -0.221806
0.668457 -0.22148
0.668945 -0.221154
0.669434 -0.220829
0.669922 -0.220503
0.67041 -0.220178
0.670898 -0.219852
0.671387 -0.219526
0.671875 -0.219201
0.672363 -0.218875
0.672852 -0.21855
0.67334 -0.218224
0.673828 -0.217898
0.674316 -0.217573
0.674805 -0.217247
0.675293 -0.216922
0.675781 -0.216596
0.67627 -0.21627
0.676758 -0.215945
0.677246 -0.215619
0.677734 -0.215293
0.678223 -0.214968
0.678711 -0.214642
0.679199 -0.214316
0.679688 -0.213991
0.680176 -0.213665
0.680664 -0.21334
0.681152 -0.213014
0.681641 -0.212688
0.682129 -0.212363
0.682617 -0.212037
0.683105 -0.211711
0.683594 -0.211386
0.684082 -0.21106
0.68457 -0.210734
0.685059 -0.210409
0.685547 -0.210083
0.686035 -0.209757
0.686523 -0.209432
0.687012 -0.209106
0.6875 -0.20878
0.687988 -0.208454
0.688477 -0.208129
0.688965 -0.207803
0.689453 -0.207477
0.689941 -0.207152
0.69043 -0.206826
0.690918 -0.2065
0.691406 -0.206175
0.691895 -0.205849
0.692383 -0.205523
0.692871 -0.205197
0.693359 -0.204872
0.693848 -0.204546
0.694336 -0.20422
0.694824 -0.203895
0.695312 -0.203569
0.695801 -0.203243
0.696289 -0.202917
0.696777 -0.202592
0.697266 -0.202266
0.697754 -0.20194
0.698242 -0.201614
0.69873 -0.201289
0.699219 -0.200963
0.699707 -0.200637
0.700195 -0.200311
0.700684 -0.199986
0.701172 -0.19966
0.70166 -0.199334
0.702148 -0.199008
0.702637 -0.198683
0.703125 -0.198357
0.703613 -0.198031
0.704102 -0.197705
0.70459 -0.19738
0.705078 -0.197054
0.705566 -0.196728
0.706055 -0.196402
0.706543 -0.196076
0.707031 -0.195751
0.70752 -0.195425
0.708008 -0.195099
0.708496 -0.194773
0.708984 -0.194447
0.709473 -0.194122
0.709961 -0.193796
0.710449 -0.19347
0.710938 -0.193144
0.711426 -0.192818
0.711914 -0.192493
0.712402 -0.192167
0.712891 -0.191841
0.713379 -0.191515
0.713867 -0.191189
0.714355 -0.190864
0.714844 -0.190538
0.715332 -0.190212
0.71582 -0.189886
0.716309 -0.18956
0.716797 -0.189234
0.717285 -0.188909
0.717773 -0.188583
0.718262 -0.188257
0.71875 -0.187931
0.719238 -0.187605
0.719727 -0.187279
0.720215 -0.186954
0.720703 -0.186628
0.721191 -0.186302
0.72168 -0.185976
0.722168 -0.18565
0.722656 -0.185324
0.723145 -0.184998
0.723633 -0.184673
0.724121 -0.184347
0.724609 -0.184021
0.725098 -0.183695
0.725586 -0.183369
0.726074 -0.183043
0.726562 -0.182717
0.727051 -0.182392
0.727539 -0.182066
0.728027 -0.18174
0.728516 -0.181414
0.729004 -0.181088
0.729492 -0.180762
0.72998 -0.180436
0.730469 -0.18011
0.730957 -0.179784
0.731445 -0.179459
0.731934 -0.179133
0.732422 -0.178807
0.73291 -0.178481
0.733398 -0.178155
0.733887 -0.177829
0.734375 -0.177503
0.734863 -0.177177
0.735352 -0.176851
0.73584 -0.176525
0.736328 -0.176199
0.736816 -0.175874
0.737305 -0.175548
0.737793 -0.175222
0.738281 -0.174896
0.73877 -0.17457
0.739258 -0.174244
0.739746 -0.173918
0.740234 -0.173592
0.740723 -0.173266
0.741211 -0.17294
0.741699 -0.172614
0.742188 -0.172288
0.742676 -0.171962
0.743164 -0.171636
0.743652 -0.171311
0.744141 -0.170985
0.744629 -0.170659
0.745117 -0.170333
0.745605 -0.170007
0.746094 -0.169681
0.746582 -0.169355
0.74707 -0.169029
0.747559 -0.168703
0.748047 -0.168377
0.748535 -0.168051
0.749023 -0.167725
0.749512 -0.167399
0.75 -0.167073
0.750488 -0.166747
0.750977 -0.166421
0.751465 -0.166095
0.751953 -0.165769
0.752441 -0.165443
0.75293 -0.165117
0.753418 -0.164791
0.753906 -0.164465
0.754395 -0.164139
0.754883 -0.163813
0.755371 -0.163487
0.755859 -0.163161
0.756348 -0.162835
0.756836 -0.162509
0.757324 -0.162183
0.757812 -0.161857
0.758301 -0.161531
0.758789 -0.161205
0.759277 -0.160879
0.759766 -0.160553
0.760254 -0.160227
0.760742 -0.159901
0.76123 -0.159575
0.761719 -0.159249
0.762207 -0.158923
0.762695 -0.158597
0.763184 -0.158271
0.763672 -0.157945
0.76416 -0.157619
0.764648 -0.157293
0.765137 -0.156967
0.765625 -0.156641
0.766113 -0.156315
0.766602 -0.155989
0.76709 -0.155663
0.767578 -0.155337
0.768066 -0.155011
0.768555 -0.154685
0.769043 -0.154359
0.769531 -0.154033
0.77002 -0.153707
0.770508 -0.153381
0.770996 -0.153055
0.771484 -0.152729
0.771973 -0.152403
0.772461 -0.152077
0.772949 -0.151751
0.773438 -0.151425
0.773926 -0.151099
0.774414 -0.150773
0.774902 -0.150447
0.775391 -0.15012
0.775879 -0.149794
0.776367 -0.149468
0.776855 -0.149142
0.777344 -0.148816
0.777832 -0.14849
0.77832 -0.148164
0.778809 -0.147838
0.779297 -0.147512
0.779785 -0.147186
0.780273 -0.14686
0.780762 -0.146534
0.78125 -0.146208
0.781738 -0.145882
0.782227 -0.145556
0.782715 -0.14523
0.783203 -0.144903
0.783691 -0.144577
0.78418 -0.144251
0.784668 -0.143925
0.785156 -0.143599
0.785645 -0.143273
0.786133 -0.142947
0.786621 -0.142621
0.787109 -0.142295
0.787598 -0.141969
0.788086 -0.141643
0.788574 -0.141317
0.789062 -0.14099
0.789551 -0.140664
0.790039 -0.140338
0.790527 -0.140012
0.791016 -0.139686
0.791504 -0.13936
0.791992 -0.139034
0.79248 -0.138708
0.792969 -0.138382
0.793457 -0.138056
0.793945 -0.13773
0.794434 -0.137403
0.794922 -0.137077
0.79541 -0.136751
0.795898 -0.136425
0.796387 -0.136099
0.796875 -0.135773
0.797363 -0.135447
0.797852 -0.135121
0.79834 -0.134795
0.798828 -0.134468
0.799316 -0.134142
0.799805 -0.133816
0.800293 -0.13349
0.800781 -0.133164
0.80127 -0.132838
0.801758 -0.132512
0.802246 -0.132186
0.802734 -0.13186
0.803223 -0.131533
0.803711 -0.131207
0.804199 -0.130881
0.804688 -0.130555
0.805176 -0.130229
0.805664 -0.129903
0.806152 -0.129577
0.806641 -0.129251
0.807129 -0.128924
0.807617 -0.128598
0.808105 -0.128272
0.808594 -0.127946
0.809082 -0.12762
0.80957 -0.127294
0.810059 -0.126968
0.810547 -0.126642
0.811035 -0.126315
0.811523 -0.125989
0.812012 -0.125663
0.8125 -0.125337
0.812988 -0.125011
0.813477 -0.124685
0.813965 -0.124359
0.814453 -0.124033
0.814941 -0.123706
0.81543 -0.12338
0.815918 -0.123054
0.816406 -0.122728
0.816895 -0.122402
0.817383 -0.122076
0.817871 -0.12175
0.818359 -0.121423
0.818848 -0.121097
0.819336 -0.120771
0.819824 -0.120445
0.820312 -0.120119
0.820801 -0.119793
0.821289 -0.119467
0.821777 -0.11914
0.822266 -0.118814
0.822754 -0.118488
0.823242 -0.118162
0.82373 -0.117836
0.824219 -0.11751
0.824707 -0.117184
0.825195 -0.116857
0.825684 -0.116531
0.826172 -0.116205
0.82666 -0.115879
0.827148 -0.115553
0.827637 -0.115227
0.828125 -0.114901
0.828613 -0.114574
0.829102 -0.114248
0.82959 -0.113922
0.830078 -0.113596
0.830566 -0.11327
0.831055 -0.112944
0.831543 -0.112618
0.832031 -0.112291
0.83252 -0.111965
0.833008 -0.111639
0.833496 -0.111313
0.833984 -0.110987
0.834473 -0.110661
0.834961 -0.110335
0.835449 -0.110008
0.835938 -0.109682
0.836426 -0.109356
0.836914 -0.10903
0.837402 -0.108704
0.837891 -0.108378
0.838379 -0.108051
0.838867 -0.107725
0.839355 -0.107399
0.839844 -0.107073
0.840332 -0.106747
0.84082 -0.106421
0.841309 -0.106095
0.841797 -0.105768
0.842285 -0.105442
0.842773 -0.105116
0.843262 -0.10479
0.84375 -0.104464
0.844238 -0.104138
0.844727 -0.103812
0.845215 -0.103485
0.845703 -0.103159
0.846191 -0.102833
0.84668 -0.102507
0.847168 -0.102181
0.847656 -0.101855
0.848145 -0.101529
0.848633 -0.101202
0.849121 -0.100876
0.849609 -0.10055
0.850098 -0.100224
0.850586 -0.0998979
0.851074 -0.0995717
0.851562 -0.0992456
0.852051 -0.0989195
0.852539 -0.0985933
0.853027 -0.0982672
0.853516 -0.097941
0.854004 -0.0976149
0.854492 -0.0972888
0.85498 -0.0969626
0.855469 -0.0966365
0.855957 -0.0963104
0.856445 -0.0959842
0.856934 -0.0956581
0.857422 -0.095332
0.85791 -0.0950058
0.858398 -0.0946797
0.858887 -0.0943536
0.859375 -0.0940274
0.859863 -0.0937013
0.860352 -0.0933752
0.86084 -0.093049
0.861328 -0.0927229
0.861816 -0.0923968
0.862305 -0.0920707
0.862793 -0.0917445
0.863281 -0.0914184
0.86377 -0.0910923
0.864258 -0.0907662
0.864746 -0.0904401
0.865234 -0.0901139
0.865723 -0.0897878
0.866211 -0.0894617
0.866699 -0.0891356
0.867188 -0.0888095
0.867676 -0.0884833
0.868164 -0.0881572
0.868652 -0.0878311
0.869141 -0.087505
0.869629 -0.0871789
0.870117 -0.0868528
0.870605 -0.0865267
0.871094 -0.0862005
0.871582 -0.0858744
0.87207 -0.0855483
0.872559 -0.0852222
0.873047 -0.0848961
0.873535 -0.08457
0.874023 -0.0842439
0.874512 -0.0839178
0.875 -0.0835917
0.875488 -0.0832656
0.875977 -0.0829395
0.876465 -0.0826134
0.876953 -0.0822873
0.877441 -0.0819612
0.87793 -0.0816351
0.878418 -0.081309
0.878906 -0.0809829
0.879395 -0.0806569
0.879883 -0.0803308
0.880371 -0.0800047
0.880859 -0.0796786
0.881348 -0.0793525
0.881836 -0.0790264
0.882324 -0.0787003
0.882812 -0.0783743
0.883301 -0.0780482
0.883789 -0.0777221
0.884277 -0.077396
0.884766 -0.0770699
0.885254 -0.0767439
0.885742 -0.0764178
0.88623 -0.0760917
0.886719 -0.0757657
0.887207 -0.0754396
0.887695 -0.0751135
0.888184 -0.0747875
0.888672 -0.0744614
0.88916 -0.0741353
0.889648 -0.0738093
0.890137 -0.0734832
0.890625 -0.0731572
0.891113 -0.0728311
0.891602 -0.072505
0.89209 -0.072179
0.892578 -0.0718529
0.893066 -0.0715269
0.893555 -0.0712008
0.894043 -0.0708748
0.894531 -0.0705487
0.89502 -0.0702227
0.895508 -0.0698967
0.895996 -0.0695706
0.896484 -0.0692446
0.896973 -0.0689185
0.897461 -0.0685925
0.897949 -0.0682665
0.898438 -0.0679404
0.898926 -0.0676144
0.899414 -0.0672884
0.899902 -0.0669624
0.900391 -0.0666363
0.900879 -0.0663103
0.901367 -0.0659843
0.901855 -0.0656583
0.902344 -0.0653322
0.902832 -0.0650062
0.90332 -0.0646802
0.903809 -0.0643542
0.904297 -0.0640282
0.904785 -0.0637022
0.905273 -0.0633762
0.905762 -0.0630502
0.90625 -0.0627242
0.906738 -0.0623982
0.907227 -0.0620722
0.907715 -0.0617462
0.908203 -0.0614202
0.908691 -0.0610942
0.90918 -0.0607682
0.909668 -0.0604422
0.910156 -0.0601162
0.910645 -0.0597902
0.911133 -0.0594642
0.911621 -0.0591382
0.912109 -0.0588123
0.912598 -0.0584863
0.913086 -0.0581603
0.913574 -0.0578343
0.914062 -0.0575083
0.914551 -0.0571824
0.915039 -0.0568564
0.915527 -0.0565304
0.916016 -0.0562045
0.916504 -0.0558785
0.916992 -0.0555525
0.91748 -0.0552266
0.917969 -0.0549006
0.918457 -0.0545747
0.918945 -0.0542487
0.919434 -0.0539227
0.919922 -0.0535968
0.92041 -0.0532708
0.920898 -0.0529449
0.921387 -0.052619
0.921875 -0.052293
0.922363 -0.0519671
0.922852 -0.0516411
0.92334 -0.0513152
0.923828 -0.0509893
0.924316 -0.0506633
0.924805 -0.0503374
0.925293 -0.0500115
0.925781 -0.0496855
0.92627 -0.0493596
0.926758 -0.0490337
0.927246 -0.0487078
0.927734 -0.0483818
0.928223 -0.0480559
0.928711 -0.04773
0.929199 -0.0474041
0.929688 -0.0470782
0.930176 -0.0467523
0.930664 -0.0464264
0.931152 -0.0461004
0.931641 -0.0457745
0.932129 -0.0454486
0.932617 -0.0451227
0.933105 -0.0447968
0.933594 -0.0444709
0.934082 -0.044145
0.93457 -0.0438191
0.935059 -0.0434933
0.935547 -0.0431674
0.936035 -0.0428415
0.936523 -0.0425156
0.937012 -0.0421897
0.9375 -0.0418638
0.937988 -0.0415379
0.938477 -0.0412121
0.938965 -0.0408862
0.939453 -0.0405603
0.939941 -0.0402344
0.94043 -0.0399086
0.940918 -0.0395827
0.941406 -0.0392568
0.941895 -0.038931
0.942383 -0.0386051
0.942871 -0.0382792
0.943359 -0.0379534
0.943848 -0.0376275
0.944336 -0.0373017
0.944824 -0.0369758
0.945312 -0.03665
0.945801 -0.0363241
0.946289 -0.0359983
0.946777 -0.0356724
0.947266 -0.0353466
0.947754 -0.0350207
0.948242 -0.0346949
0.94873 -0.034369
0.949219 -0.0340432
0.949707 -0.0337174
0.950195 -0.0333915
0.950684 -0.0330657
0.951172 -0.0327399
0.95166 -0.032414
0.952148 -0.0320882
0.952637 -0.0317624
0.953125 -0.0314366
0.953613 -0.0311107
0.954102 -0.0307849
0.95459 -0.0304591
0.955078 -0.0301333
0.955566 -0.0298075
0.956055 -0.0294816
0.956543 -0.0291558
0.957031 -0.02883
0.95752 -0.0285042
0.958008 -0.0281784
0.958496 -0.0278526
0.958984 -0.0275268
0.959473 -0.027201
0.959961 -0.0268752
0.960449 -0.0265494
0.960938 -0.0262236
0.961426 -0.0258978
0.961914 -0.025572
0.962402 -0.0252462
0.962891 -0.0249204
0.963379 -0.0245946
0.963867 -0.0242688
0.964355 -0.023943
0.964844 -0.0236172
0.965332 -0.0232914
0.96582 -0.0229656
0.966309 -0.0226399
0.966797 -0.0223141
0.967285 -0.0219883
0.967773 -0.0216625
0.968262 -0.0213367
0.96875 -0.021011
0.969238 -0.0206852
0.969727 -0.0203594
0.970215 -0.0200336
0.970703 -0.0197079
0.971191 -0.0193821
0.97168 -0.0190563
0.972168 -0.0187305
0.972656 -0.0184048
0.973145 -0.018079
0.973633 -0.0177532
0.974121 -0.0174275
0.974609 -0.0171017
0.975098 -0.0167759
0.975586 -0.0164502
0.976074 -0.0161244
0.976562 -0.0157986
0.977051 -0.0154729
0.977539 -0.0151471
0.978027 -0.0148214
0.978516 -0.0144956
0.979004 -0.0141699
0.979492 -0.0138441
0.97998 -0.0135183
0.980469 -0.0131926
0.980957 -0.0128668
0.981445 -0.0125411
0.981934 -0.0122153
0.982422 -0.0118896
0.98291 -0.0115638
0.983398 -0.0112381
0.983887 -0.0109123
0.984375 -0.0105866
0.984863 -0.0102608
0.985352 -0.00993509
0.98584 -0.00960934
0.986328 -0.0092836
0.986816 -0.00895785
0.987305 -0.00863211
0.987793 -0.00830636
0.988281 -0.00798062
0.98877 -0.00765487
0.989258 -0.00732913
0.989746 -0.00700339
0.990234 -0.00667765
0.990723 -0.00635191
0.991211 -0.00602616
0.991699 -0.00570042
0.992188 -0.00537468
0.992676 -0.00504894
0.993164 -0.0047232
0.993652 -0.00439746
0.994141 -0.00407172
0.994629 -0.00374599
0.995117 -0.00342025
0.995605 -0.00309451
0.996094 -0.00276877
0.996582 -0.00244303
0.99707 -0.00211729
0.997559 -0.00179156
0.998047 -0.00146582
0.998535 -0.00114008
0.999023 -0.000814344
0.999512 -0.000488606
1 -0.000162869
