0 0.000733532
0.000488281 0.00220061
0.000976562 0.00366771
0.00146484 0.00513488
0.00195312 0.00660211
0.00244141 0.00806945
0.00292969 0.00953691
0.00341797 0.0110045
0.00390625 0.0124723
0.00439453 0.0139402
0.00488281 0.0154083
0.00537109 0.0168767
0.00585938 0.0183452
0.00634766 0.0198141
0.00683594 0.0212832
0.00732422 0.0227525
0.0078125 0.0242222
0.00830078 0.0256922
0.00878906 0.0271624
0.00927734 0.0286331
0.00976562 0.030104
0.0102539 0.0315753
0.0107422 0.033047
0.0112305 0.034519
0.0117188 0.0359913
0.012207 0.0374641
0.0126953 0.0389372
0.0131836 0.0404107
0.0136719 0.0418845
0.0141602 0.0433587
0.0146484 0.0448333
0.0151367 0.0463083
0.015625 0.0477836
0.0161133 0.0492593
0.0166016 0.0507354
0.0170898 0.0522118
0.0175781 0.0536885
0.0180664 0.0551656
0.0185547 0.056643
0.019043 0.0581207
0.0195312 0.0595988
0.0200195 0.0610771
0.0205078 0.0625557
0.0209961 0.0640347
0.0214844 0.0655138
0.0219727 0.0669933
0.0224609 0.068473
0.0229492 0.0699529
0.0234375 0.0714331
0.0239258 0.0729134
0.0244141 0.074394
0.0249023 0.0758748
0.0253906 0.0773557
0.0258789 0.0788368
0.0263672 0.080318
0.0268555 0.0817994
0.0273438 0.0832809
0.027832 0.0847626
0.0283203 0.0862443
0.0288086 0.0877262
0.0292969 0.0892081
0.0297852 0.0906901
0.0302734 0.0921721
0.0307617 0.0936542
0.03125 0.0951364
0.0317383 0.0966186
0.0322266 0.0981008
0.0327148 0.099583
0.0332031 0.101065
0.0336914 0.102547
0.0341797 0.10403
0.034668 0.105512
0.0351562 0.106994
0.0356445 0.108476
0.0361328 0.109958
0.0366211 0.11144
0.0371094 0.112922
0.0375977 0.114404
0.0380859 0.115886
0.0385742 0.117368
0.0390625 0.118849
0.0395508 0.120331
0.0400391 0.121812
0.0405273 0.123294
0.0410156 0.124775
0.0415039 0.126256
0.0419922 0.127738
0.0424805 0.129219
0.0429688 0.130699
0.043457 0.13218
0.0439453 0.133661
0.0444336 0.135141
0.0449219 0.136622
0.0454102 0.138102
0.0458984 0.139582
0.0463867 0.141062
0.046875 0.142542
0.0473633 0.144021
0.0478516 0.145501
0.0483398 0.14698
0.0488281 0.14846
0.0493164 0.149939
0.0498047 0.151418
0.050293 0.152896
0.0507812 0.154375
0.0512695 0.155853
0.0517578 0.157332
0.0522461 0.15881
0.0527344 0.160288
0.0532227 0.161765
0.0537109 0.163243
0.0541992 0.16472
0.0546875 0.166197
0.0551758 0.167674
0.0556641 0.169151
0.0561523 0.170628
0.0566406 0.172104
0.0571289 0.173581
0.0576172 0.175057
0.0581055 0.176533
0.0585938 0.178008
0.059082 0.179484
0.0595703 0.180959
0.0600586 0.182434
0.0605469 0.183909
0.0610352 0.185384
0.0615234 0.186858
0.0620117 0.188333
0.0625 0.189807
0.0629883 0.191281
0.0634766 0.192754
0.0639648 0.194228
0.0644531 0.195701
0.0649414 0.197174
0.0654297 0.198647
0.065918 0.200119
0.0664062 0.201592
0.0668945 0.203064
0.0673828 0.204536
0.0678711 0.206007
0.0683594 0.207479
0.0688477 0.20895
0.0693359 0.210421
0.0698242 0.211892
0.0703125 0.213362
0.0708008 0.214833
0.0712891 0.216303
0.0717773 0.217773
0.0722656 0.219242
0.0727539 0.220711
0.0732422 0.22218
0.0737305 0.223649
0.0742188 0.225118
0.074707 0.226586
0.0751953 0.228054
0.0756836 0.229522
0.0761719 0.230989
0.0766602 0.232457
0.0771484 0.233924
0.0776367 0.235391
0.078125 0.236857
0.0786133 0.238323
0.0791016 0.239789
0.0795898 0.241255
0.0800781 0.24272
0.0805664 0.244185
0.0810547 0.24565
0.081543 0.247115
0.0820312 0.248579
0.0825195 0.250043
0.0830078 0.251507
0.0834961 0.25297
0.0839844 0.254434
0.0844727 0.255896
0.0849609 0.257359
0.0854492 0.258821
0.0859375 0.260283
0.0864258 0.261745
0.0869141 0.263206
0.0874023 0.264668
0.0878906 0.266128
0.0883789 0.267589
0.0888672 0.269049
0.0893555 0.270509
0.0898438 0.271969
0.090332 0.273428
0.0908203 0.274887
0.0913086 0.276345
0.0917969 0.277804
0.0922852 0.279262
0.0927734 0.28072
0.0932617 0.282177
0.09375 0.283634
0.0942383 0.285091
0.0947266 0.286547
0.0952148 0.288003
0.0957031 0.289459
0.0961914 0.290914
0.0966797 0.292369
0.097168 0.293824
0.0976562 0.295278
0.0981445 0.296732
0.0986328 0.298186
0.0991211 0.29964
0.0996094 0.301093
0.100098 0.302545
0.100586 0.303998
0.101074 0.305449
0.101562 0.306901
0.102051 0.308352
0.102539 0.309803
0.103027 0.311254
0.103516 0.312704
0.104004 0.314154
0.104492 0.315603
0.10498 0.317052
0.105469 0.318501
0.105957 0.319949
0.106445 0.321397
0.106934 0.322845
0.107422 0.324292
0.10791 0.325739
0.108398 0.327185
0.108887 0.328631
0.109375 0.330077
0.109863 0.331522
0.110352 0.332967
0.11084 0.334412
0.111328 0.335856
0.111816 0.337299
0.112305 0.338743
0.112793 0.340186
0.113281 0.341628
0.11377 0.34307
0.114258 0.344512
0.114746 0.345953
0.115234 0.347394
0.115723 0.348835
0.116211 0.350275
0.116699 0.351714
0.117188 0.353153
0.117676 0.354592
0.118164 0.356031
0.118652 0.357468
0.119141 0.358906
0.119629 0.360343
0.120117 0.36178
0.120605 0.363216
0.121094 0.364652
0.121582 0.366087
0.12207 0.367522
0.122559 0.368956
0.123047 0.37039
0.123535 0.371824
0.124023 0.373257
0.124512 0.37469
0.125 0.376122
0.125488 0.377554
0.125977 0.378985
0.126465 0.380416
0.126953 0.381846
0.127441 0.383276
0.12793 0.384706
0.128418 0.386135
0.128906 0.387563
0.129395 0.388991
0.129883 0.390419
0.130371 0.391846
0.130859 0.393272
0.131348 0.394699
0.131836 0.396124
0.132324 0.397549
0.132812 0.398974
0.133301 0.400398
0.133789 0.401822
0.134277 0.403245
0.134766 0.404668
0.135254 0.40609
0.135742 0.407512
0.13623 0.408933
0.136719 0.410354
0.137207 0.411774
0.137695 0.413194
0.138184 0.414613
0.138672 0.416031
0.13916 0.417449
0.139648 0.418867
0.140137 0.420284
0.140625 0.421701
0.141113 0.423117
0.141602 0.424532
0.14209 0.425947
0.142578 0.427362
0.143066 0.428776
0.143555 0.430189
0.144043 0.431602
0.144531 0.433014
0.14502 0.434426
0.145508 0.435837
0.145996 0.437248
0.146484 0.438658
0.146973 0.440067
0.147461 0.441476
0.147949 0.442885
0.148438 0.444292
0.148926 0.4457
0.149414 0.447106
0.149902 0.448513
0.150391 0.449918
0.150879 0.451323
0.151367 0.452728
0.151855 0.454131
0.152344 0.455535
0.152832 0.456937
0.15332 0.458339
0.153809 0.459741
0.154297 0.461142
0.154785 0.462542
0.155273 0.463942
0.155762 0.465341
0.15625 0.466739
0.156738 0.468137
0.157227 0.469535
0.157715 0.470931
0.158203 0.472327
0.158691 0.473723
0.15918 0.475118
0.159668 0.476512
0.160156 0.477906
0.160645 0.479299
0.161133 0.480691
0.161621 0.482083
0.162109 0.483474
0.162598 0.484864
0.163086 0.486254
0.163574 0.487643
0.164062 0.489032
0.164551 0.49042
0.165039 0.491807
0.165527 0.493193
0.166016 0.494579
0.166504 0.495965
0.166992 0.497349
0.16748 0.498733
0.167969 0.500116
0.168457 0.501499
0.168945 0.502881
0.169434 0.504262
0.169922 0.505643
0.17041 0.507023
0.170898 0.508402
0.171387 0.50978
0.171875 0.511158
0.172363 0.512535
0.172852 0.513912
0.17334 0.515288
0.173828 0.516663
0.174316 0.518037
0.174805 0.519411
0.175293 0.520784
0.175781 0.522156
0.17627 0.523528
0.176758 0.524898
0.177246 0.526268
0.177734 0.527638
0.178223 0.529006
0.178711 0.530374
0.179199 0.531742
0.179688 0.533108
0.180176 0.534474
0.180664 0.535839
0.181152 0.537203
0.181641 0.538567
0.182129 0.539929
0.182617 0.541291
0.183105 0.542653
0.183594 0.544013
0.184082 0.545373
0.18457 0.546732
0.185059 0.54809
0.185547 0.549447
0.186035 0.550804
0.186523 0.55216
0.187012 0.553515
0.1875 0.554869
0.187988 0.556223
0.188477 0.557576
0.188965 0.558928
0.189453 0.560279
0.189941 0.561629
0.19043 0.562979
0.190918 0.564327
0.191406 0.565675
0.191895 0.567023
0.192383 0.568369
0.192871 0.569714
0.193359 0.571059
0.193848 0.572403
0.194336 0.573746
0.194824 0.575088
0.195312 0.57643
0.195801 0.57777
0.196289 0.57911
0.196777 0.580449
0.197266 0.581787
0.197754 0.583124
0.198242 0.58446
0.19873 0.585796
0.199219 0.58713
0.199707 0.588464
0.200195 0.589797
0.200684 0.591129
0.201172 0.59246
0.20166 0.59379
0.202148 0.59512
0.202637 0.596448
0.203125 0.597776
0.203613 0.599102
0.204102 0.600428
0.20459 0.601753
0.205078 0.603077
0.205566 0.6044
0.206055 0.605722
0.206543 0.607044
0.207031 0.608364
0.20752 0.609683
0.208008 0.611002
0.208496 0.61232
0.208984 0.613636
0.209473 0.614952
0.209961 0.616267
0.210449 0.617581
0.210938 0.618894
0.211426 0.620206
0.211914 0.621517
0.212402 0.622827
0.212891 0.624136
0.213379 0.625444
0.213867 0.626751
0.214355 0.628057
0.214844 0.629362
0.215332 0.630667
0.21582 0.63197
0.216309 0.633272
0.216797 0.634573
0.217285 0.635874
0.217773 0.637173
0.218262 0.638471
0.21875 0.639769
0.219238 0.641065
0.219727 0.64236
0.220215 0.643654
0.220703 0.644948
0.221191 0.64624
0.22168 0.647531
0.222168 0.648821
0.222656 0.65011
0.223145 0.651398
0.223633 0.652685
0.224121 0.653971
0.224609 0.655256
0.225098 0.65654
0.225586 0.657823
0.226074 0.659104
0.226562 0.660385
0.227051 0.661664
0.227539 0.662943
0.228027 0.66422
0.228516 0.665497
0.229004 0.666772
0.229492 0.668046
0.22998 0.669319
0.230469 0.670591
0.230957 0.671862
0.231445 0.673131
0.231934 0.6744
0.232422 0.675667
0.23291 0.676934
0.233398 0.678199
0.233887 0.679463
0.234375 0.680726
0.234863 0.681987
0.235352 0.683248
0.23584 0.684507
0.236328 0.685766
0.236816 0.687023
0.237305 0.688279
0.237793 0.689534
0.238281 0.690787
0.23877 0.69204
0.239258 0.693291
0.239746 0.694541
0.240234 0.69579
0.240723 0.697037
0.241211 0.698284
0.241699 0.699529
0.242188 0.700773
0.242676 0.702016
0.243164 0.703257
0.243652 0.704498
0.244141 0.705737
0.244629 0.706975
0.245117 0.708211
0.245605 0.709446
0.246094 0.710681
0.246582 0.711913
0.24707 0.713145
0.247559 0.714375
0.248047 0.715604
0.248535 0.716832
0.249023 0.718058
0.249512 0.719284
0.25 0.720507
0.250488 0.72173
0.250977 0.722951
0.251465 0.724171
0.251953 0.72539
0.252441 0.726607
0.25293 0.727823
0.253418 0.729038
0.253906 0.730251
0.254395 0.731463
0.254883 0.732673
0.255371 0.733883
0.255859 0.73509
0.256348 0.736297
0.256836 0.737502
0.257324 0.738706
0.257812 0.739908
0.258301 0.741109
0.258789 0.742309
0.259277 0.743507
0.259766 0.744704
0.260254 0.745899
0.260742 0.747093
0.26123 0.748285
0.261719 0.749476
0.262207 0.750666
0.262695 0.751854
0.263184 0.753041
0.263672 0.754226
0.26416 0.75541
0.264648 0.756593
0.265137 0.757773
0.265625 0.758953
0.266113 0.760131
0.266602 0.761307
0.26709 0.762482
0.267578 0.763656
0.268066 0.764827
0.268555 0.765998
0.269043 0.767167
0.269531 0.768334
0.27002 0.7695
0.270508 0.770664
0.270996 0.771827
0.271484 0.772988
0.271973 0.774148
0.272461 0.775306
0.272949 0.776462
0.273438 0.777617
0.273926 0.77877
0.274414 0.779922
0.274902 0.781072
0.275391 0.782221
0.275879 0.783367
0.276367 0.784513
0.276855 0.785656
0.277344 0.786798
0.277832 0.787939
0.27832 0.789077
0.278809 0.790214
0.279297 0.79135
0.279785 0.792483
0.280273 0.793615
0.280762 0.794746
0.28125 0.795874
0.281738 0.797001
0.282227 0.798126
0.282715 0.79925
0.283203 0.800372
0.283691 0.801492
0.28418 0.80261
0.284668 0.803727
0.285156 0.804841
0.285645 0.805954
0.286133 0.807066
0.286621 0.808175
0.287109 0.809283
0.287598 0.810389
0.288086 0.811493
0.288574 0.812595
0.289062 0.813696
0.289551 0.814795
0.290039 0.815891
0.290527 0.816986
0.291016 0.81808
0.291504 0.819171
0.291992 0.82026
0.29248 0.821348
0.292969 0.822433
0.293457 0.823517
0.293945 0.824599
0.294434 0.825679
0.294922 0.826757
0.29541 0.827833
0.295898 0.828908
0.296387 0.82998
0.296875 0.83105
0.297363 0.832119
0.297852 0.833185
0.29834 0.834249
0.298828 0.835312
0.299316 0.836372
0.299805 0.837431
0.300293 0.838487
0.300781 0.839541
0.30127 0.840594
0.301758 0.841644
0.302246 0.842692
0.302734 0.843739
0.303223 0.844783
0.303711 0.845825
0.304199 0.846865
0.304688 0.847903
0.305176 0.848938
0.305664 0.849972
0.306152 0.851004
0.306641 0.852033
0.307129 0.85306
0.307617 0.854085
0.308105 0.855108
0.308594 0.856129
0.309082 0.857147
0.30957 0.858164
0.310059 0.859178
0.310547 0.86019
0.311035 0.8612
0.311523 0.862207
0.312012 0.863212
0.3125 0.864215
0.312988 0.865216
0.313477 0.866214
0.313965 0.86721
0.314453 0.868204
0.314941 0.869195
0.31543 0.870185
0.315918 0.871171
0.316406 0.872156
0.316895 0.873138
0.317383 0.874118
0.317871 0.875095
0.318359 0.87607
0.318848 0.877042
0.319336 0.878012
0.319824 0.87898
0.320312 0.879945
0.320801 0.880908
0.321289 0.881868
0.321777 0.882826
0.322266 0.883781
0.322754 0.884734
0.323242 0.885685
0.32373 0.886632
0.324219 0.887578
0.324707 0.88852
0.325195 0.88946
0.325684 0.890398
0.326172 0.891333
0.32666 0.892265
0.327148 0.893195
0.327637 0.894122
0.328125 0.895046
0.328613 0.895968
0.329102 0.896887
0.32959 0.897803
0.330078 0.898717
0.330566 0.899628
0.331055 0.900536
0.331543 0.901442
0.332031 0.902344
0.33252 0.903244
0.333008 0.904142
0.333496 0.905036
0.333984 0.905927
0.334473 0.906816
0.334961 0.907702
0.335449 0.908585
0.335938 0.909465
0.336426 0.910342
0.336914 0.911217
0.337402 0.912088
0.337891 0.912957
0.338379 0.913822
0.338867 0.914685
0.339355 0.915544
0.339844 0.916401
0.340332 0.917254
0.34082 0.918105
0.341309 0.918952
0.341797 0.919797
0.342285 0.920638
0.342773 0.921476
0.343262 0.922311
0.34375 0.923143
0.344238 0.923972
0.344727 0.924798
0.345215 0.92562
0.345703 0.926439
0.346191 0.927255
0.34668 0.928068
0.347168 0.928878
0.347656 0.929684
0.348145 0.930487
0.348633 0.931286
0.349121 0.932083
0.349609 0.932876
0.350098 0.933665
0.350586 0.934451
0.351074 0.935234
0.351562 0.936013
0.352051 0.936789
0.352539 0.937562
0.353027 0.938331
0.353516 0.939096
0.354004 0.939858
0.354492 0.940616
0.35498 0.941371
0.355469 0.942122
0.355957 0.94287
0.356445 0.943614
0.356934 0.944354
0.357422 0.945091
0.35791 0.945823
0.358398 0.946553
0.358887 0.947278
0.359375 0.948
0.359863 0.948718
0.360352 0.949432
0.36084 0.950142
0.361328 0.950848
0.361816 0.951551
0.362305 0.952249
0.362793 0.952944
0.363281 0.953635
0.36377 0.954321
0.364258 0.955004
0.364746 0.955683
0.365234 0.956358
0.365723 0.957028
0.366211 0.957695
0.366699 0.958357
0.367188 0.959015
0.367676 0.959669
0.368164 0.960319
0.368652 0.960964
0.369141 0.961606
0.369629 0.962243
0.370117 0.962876
0.370605 0.963504
0.371094 0.964128
0.371582 0.964747
0.37207 0.965363
0.372559 0.965973
0.373047 0.96658
0.373535 0.967181
0.374023 0.967778
0.374512 0.968371
0.375 0.968959
0.375488 0.969542
0.375977 0.970121
0.376465 0.970695
0.376953 0.971264
0.377441 0.971829
0.37793 0.972388
0.378418 0.972943
0.378906 0.973493
0.379395 0.974038
0.379883 0.974578
0.380371 0.975114
0.380859 0.975644
0.381348 0.976169
0.381836 0.976689
0.382324 0.977204
0.382812 0.977714
0.383301 0.978219
0.383789 0.978718
0.384277 0.979212
0.384766 0.979701
0.385254 0.980185
0.385742 0.980663
0.38623 0.981136
0.386719 0.981604
0.387207 0.982066
0.387695 0.982522
0.388184 0.982973
0.388672 0.983418
0.38916 0.983858
0.389648 0.984292
0.390137 0.98472
0.390625 0.985143
0.391113 0.985559
0.391602 0.98597
0.39209 0.986375
0.392578 0.986774
0.393066 0.987167
0.393555 0.987554
0.394043 0.987935
0.394531 0.988309
0.39502 0.988678
0.395508 0.98904
0.395996 0.989396
0.396484 0.989746
0.396973 0.990089
0.397461 0.990426
0.397949 0.990757
0.398438 0.991081
0.398926 0.991398
0.399414 0.991709
0.399902 0.992013
0.400391 0.99231
0.400879 0.9926
0.401367 0.992884
0.401855 0.993161
0.402344 0.99343
0.402832 0.993693
0.40332 0.993949
0.403809 0.994197
0.404297 0.994439
0.404785 0.994673
0.405273 0.994899
0.405762 0.995119
0.40625 0.995331
0.406738 0.995535
0.407227 0.995732
0.407715 0.995921
0.408203 0.996102
0.408691 0.996276
0.40918 0.996442
0.409668 0.9966
0.410156 0.99675
0.410645 0.996891
0.411133 0.997025
0.411621 0.99715
0.412109 0.997268
0.412598 0.997376
0.413086 0.997477
0.413574 0.997569
0.414062 0.997652
0.414551 0.997726
0.415039 0.997792
0.415527 0.997849
0.416016 0.997897
0.416504 0.997936
0.416992 0.997966
0.41748 0.997987
0.417969 0.997998
0.418457 0.998
0.418945 0.997993
0.419434 0.997976
0.419922 0.99795
0.42041 0.997913
0.420898 0.997867
0.421387 0.997811
0.421875 0.997745
0.422363 0.997668
0.422852 0.997582
0.42334 0.997485
0.423828 0.997377
0.424316 0.997259
0.424805 0.997131
0.425293 0.996991
0.425781 0.996841
0.42627 0.996679
0.426758 0.996507
0.427246 0.996323
0.427734 0.996128
0.428223 0.995921
0.428711 0.995702
0.429199 0.995472
0.429688 0.99523
0.430176 0.994976
0.430664 0.994709
0.431152 0.99443
0.431641 0.994139
0.432129 0.993835
0.432617 0.993518
0.433105 0.993189
0.433594 0.992846
0.434082 0.99249
0.43457 0.992121
0.435059 0.991738
0.435547 0.991342
0.436035 0.990931
0.436523 0.990507
0.437012 0.990068
0.4375 0.989615
0.437988 0.989147
0.438477 0.988664
0.438965 0.988167
0.439453 0.987654
0.439941 0.987126
0.44043 0.986582
0.440918 0.986023
0.441406 0.985447
0.441895 0.984856
0.442383 0.984248
0.442871 0.983623
0.443359 0.982981
0.443848 0.982323
0.444336 0.981647
0.444824 0.980953
0.445312 0.980241
0.445801 0.979512
0.446289 0.978764
0.446777 0.977997
0.447266 0.977212
0.447754 0.976407
0.448242 0.975582
0.44873 0.974738
0.449219 0.973874
0.449707 0.972989
0.450195 0.972084
0.450684 0.971158
0.451172 0.97021
0.45166 0.969241
0.452148 0.968249
0.452637 0.967235
0.453125 0.966198
0.453613 0.965138
0.454102 0.964054
0.45459 0.962947
0.455078 0.961815
0.455566 0.960658
0.456055 0.959476
0.456543 0.958268
0.457031 0.957034
0.45752 0.955773
0.458008 0.954485
0.458496 0.953169
0.458984 0.951826
0.459473 0.950453
0.459961 0.949052
0.460449 0.94762
0.460938 0.946158
0.461426 0.944665
0.461914 0.94314
0.462402 0.941583
0.462891 0.939993
0.463379 0.93837
0.463867 0.936711
0.464355 0.935018
0.464844 0.933289
0.465332 0.931523
0.46582 0.92972
0.466309 0.927878
0.466797 0.925998
0.467285 0.924076
0.467773 0.922114
0.468262 0.92011
0.46875 0.918062
0.469238 0.915971
0.469727 0.913834
0.470215 0.91165
0.470703 0.909419
0.471191 0.907139
0.47168 0.904808
0.472168 0.902426
0.472656 0.899991
0.473145 0.897501
0.473633 0.894955
0.474121 0.892351
0.474609 0.889688
0.475098 0.886963
0.475586 0.884175
0.476074 0.881322
0.476562 0.878401
0.477051 0.875411
0.477539 0.872348
0.478027 0.869212
0.478516 0.865998
0.479004 0.862704
0.479492 0.859328
0.47998 0.855866
0.480469 0.852314
0.480957 0.84867
0.481445 0.844929
0.481934 0.841088
0.482422 0.837142
0.48291 0.833086
0.483398 0.828916
0.483887 0.824627
0.484375 0.820211
0.484863 0.815664
0.485352 0.810978
0.48584 0.806146
0.486328 0.80116
0.486816 0.796011
0.487305 0.79069
0.487793 0.785185
0.488281 0.779484
0.48877 0.773576
0.489258 0.767444
0.489746 0.761071
0.490234 0.75444
0.490723 0.747528
0.491211 0.740309
0.491699 0.732755
0.492188 0.724831
0.492676 0.716495
0.493164 0.707695
0.493652 0.698366
0.494141 0.688421
0.494629 0.677742
0.495117 0.666156
0.495605 0.653391
0.496094 0.63899
0.496582 0.62213
0.49707 0.601254
0.497559 0.573317
0.498047 0.532406
0.498535 0.467732
0.499023 0.362944
0.499512 0.203792
0.5 1.08644e-14
0.500488 -0.203792
0.500977 -0.362944
0.501465 -0.467732
0.501953 -0.532406
0.502441 -0.573317
0.50293 -0.601254
0.503418 -0.62213
0.503906 -0.63899
0.504395 -0.653391
0.504883 -0.666156
0.505371 -0.677742
0.505859 -0.688421
0.506348 -0.698366
0.506836 -0.707695
0.507324 -0.716495
0.507812 -0.724831
0.508301 -0.732755
0.508789 -0.740309
0.509277 -0.747528
0.509766 -0.75444
0.510254 -0.761071
0.510742 -0.767444
0.51123 -0.773576
0.511719 -0.779484
0.512207 -0.785185
0.512695 -0.79069
0.513184 -0.796011
0.513672 -0.80116
0.51416 -0.806146
0.514648 -0.810978
0.515137 -0.815664
0.515625 -0.820211
0.516113 -0.824627
0.516602 -0.828916
0.51709 -0.833086
0.517578 -0.837142
0.518066 -0.841088
0.518555 -0.844929
0.519043 -0.84867
0.519531 -0.852314
0.52002 -0.855866
0.520508 -0.859328
0.520996 -0.862704
0.521484 -0.865998
0.521973 -0.869212
0.522461 -0.872348
0.522949 -0.875411
0.523438 -0.878401
0.523926 -0.881322
0.524414 -0.884175
0.524902 -0.886963
0.525391 -0.889688
0.525879 -0.892351
0.526367 -0.894955
0.526855 -0.897501
0.527344 -0.899991
0.527832 -0.902426
0.52832 -0.904808
0.528809 -0.907139
0.529297 -0.909419
0.529785 -0.91165
0.530273 -0.913834
0.530762 -0.915971
0.53125 -0.918062
0.531738 -0.92011
0.532227 -0.922114
0.532715 -0.924076
0.533203 -0.925998
0.533691 -0.927878
0.53418 -0.92972
0.534668 -0.931523
0.535156 -0.933289
0.535645 -0.935018
0.536133 -0.936711
0.536621 -0.93837
0.537109 -0.939993
0.537598 -0.941583
0.538086 -0.94314
0.538574 -0.944665
0.539062 -0.946158
0.539551 -0.94762
0.540039 -0.949052
0.540527 -0.950453
0.541016 -0.951826
0.541504 -0.953169
0.541992 -0.954485
0.54248 -0.955773
0.542969 -0.957034
0.543457 -0.958268
0.543945 -0.959476
0.544434 -0.960658
0.544922 -0.961815
0.54541 -0.962947
0.545898 -0.964054
0.546387 -0.965138
0.546875 -0.966198
0.547363 -0.967235
0.547852 -0.968249
0.54834 -0.969241
0.548828 -0.97021
0.549316 -0.971158
0.549805 -0.972084
0.550293 -0.972989
0.550781 -0.973874
0.55127 -0.974738
0.551758 -0.975582
0.552246 -0.976407
0.552734 -0.977212
0.553223 -0.977997
0.553711 -0.978764
0.554199 -0.979512
0.554688 -0.980241
0.555176 -0.980953
0.555664 -0.981647
0.556152 -0.982323
0.556641 -0.982981
0.557129 -0.983623
0.557617 -0.984248
0.558105 -0.984856
0.558594 -0.985447
0.559082 -0.986023
0.55957 -0.986582
0.560059 -0.987126
0.560547 -0.987654
0.561035 -0.988167
0.561523 -0.988664
0.562012 -0.989147
0.5625 -0.989615
0.562988 -0.990068
0.563477 -0.990507
0.563965 -0.990931
0.564453 -0.991342
0.564941 -0.991738
0.56543 -0.992121
0.565918 -0.99249
0.566406 -0.992846
0.566895 -0.993189
0.567383 -0.993518
0.567871 -0.993835
0.568359 -0.994139
0.568848 -0.99443
0.569336 -0.994709
0.569824 -0.994976
0.570312 -0.99523
0.570801 -0.995472
0.571289 -0.995702
0.571777 -0.995921
0.572266 -0.996128
0.572754 -0.996323
0.573242 -0.996507
0.57373 -0.996679
0.574219 -0.996841
0.574707 -0.996991
0.575195 -0.997131
0.575684 -0.997259
0.576172 -0.997377
0.57666 -0.997485
0.577148 -0.997582
0.577637 -0.997668
0.578125 -0.997745
0.578613 -0.997811
0.579102 -0.997867
0.57959 -0.997913
0.580078 -0.99795
0.580566 -0.997976
0.581055 -0.997993
0.581543 -0.998
0.582031 -0.997998
0.58252 -0.997987
0.583008 -0.997966
0.583496 -0.997936
0.583984 -0.997897
0.584473 -0.997849
0.584961 -0.997792
0.585449 -0.997726
0.585938 -0.997652
0.586426 -0.997569
0.586914 -0.997477
0.587402 -0.997376
0.587891 -0.997268
0.588379 -0.99715
0.588867 -0.997025
0.589355 -0.996891
0.589844 -0.99675
0.590332 -0.9966
0.59082 -0.996442
0.591309 -0.996276
0.591797 -0.996102
0.592285 -0.995921
0.592773 -0.995732
0.593262 -0.995535
0.59375 -0.995331
0.594238 -0.995119
0.594727 -0.994899
0.595215 -0.994673
0.595703 -0.994439
0.596191 -0.994197
0.59668 -0.993949
0.597168 -0.993693
0.597656 -0.99343
0.598145 -0.993161
0.598633 -0.992884
0.599121 -0.9926
0.599609 -0.99231
0.600098 -0.992013
0.600586 -0.991709
0.601074 -0.991398
0.601562 -0.991081
0.602051 -0.990757
0.602539 -0.990426
0.603027 -0.990089
0.603516 -0.989746
0.604004 -0.989396
0.604492 -0.98904
0.60498 -0.988678
0.605469 -0.988309
0.605957 -0.987935
0.606445 -0.987554
0.606934 -0.987167
0.607422 -0.986774
0.60791 -0.986375
0.608398 -0.98597
0.608887 -0.985559
0.609375 -0.985143
0.609863 -0.98472
0.610352 -0.984292
0.61084 -0.983858
0.611328 -0.983418
0.611816 -0.982973
0.612305 -0.982522
0.612793 -0.982066
0.613281 -0.981604
0.61377 -0.981136
0.614258 -0.980663
0.614746 -0.980185
0.615234 -0.979701
0.615723 -0.979212
0.616211 -0.978718
0.616699 -0.978219
0.617188 -0.977714
0.617676 -0.977204
0.618164 -0.976689
0.618652 -0.976169
0.619141 -0.975644
0.619629 -0.975114
0.620117 -0.974578
0.620605 -0.974038
0.621094 -0.973493
0.621582 -0.972943
0.62207 -0.972388
0.622559 -0.971829
0.623047 -0.971264
0.623535 -0.970695
0.624023 -0.970121
0.624512 -0.969542
0.625 -0.968959
0.625488 -0.968371
0.625977 -0.967778
0.626465 -0.967181
0.626953 -0.96658
0.627441 -0.965973
0.62793 -0.965363
0.628418 -0.964747
0.628906 -0.964128
0.629395 -0.963504
0.629883 -0.962876
0.630371 -0.962243
0.630859 -0.961606
0.631348 -0.960964
0.631836 -0.960319
0.632324 -0.959669
0.632812 -0.959015
0.633301 -0.958357
0.633789 -0.957695
0.634277 -0.957028
0.634766 -0.956358
0.635254 -0.955683
0.635742 -0.955004
0.63623 -0.954321
0.636719 -0.953635
0.637207 -0.952944
0.637695 -0.952249
0.638184 -0.951551
0.638672 -0.950848
0.63916 -0.950142
0.639648 -0.949432
0.640137 -0.948718
0.640625 -0.948
0.641113 -0.947278
0.641602 -0.946553
0.64209 -0.945823
0.642578 -0.945091
0.643066 -0.944354
0.643555 -0.943614
0.644043 -0.94287
0.644531 -0.942122
0.64502 -0.941371
0.645508 -0.940616
0.645996 -0.939858
0.646484 -0.939096
0.646973 -0.938331
0.647461 -0.937562
0.647949 -0.936789
0.648438 -0.936013
0.648926 -0.935234
0.649414 -0.934451
0.649902 -0.933665
0.650391 -0.932876
0.650879 -0.932083
0.651367 -0.931286
0.651855 -0.930487
0.652344 -0.929684
0.652832 -0.928878
0.65332 -0.928068
0.653809 -0.927255
0.654297 -0.926439
0.654785 -0.92562
0.655273 -0.924798
0.655762 -0.923972
0.65625 -0.923143
0.656738 -0.922311
0.657227 -0.921476
0.657715 -0.920638
0.658203 -0.919797
0.658691 -0.918952
0.65918 -0.918105
0.659668 -0.917254
0.660156 -0.916401
0.660645 -0.915544
0.661133 -0.914685
0.661621 -0.913822
0.662109 -0.912957
0.662598 -0.912088
0.663086 -0.911217
0.663574 -0.910342
0.664062 -0.909465
0.664551 -0.908585
0.665039 -0.907702
0.665527 -0.906816
0.666016 -0.905927
0.666504 -0.905036
0.666992 -0.904142
0.66748 -0.903244
0.667969 -0.902344
0.668457 -0.901442
0.668945 -0.900536
0.669434 -0.899628
0.669922 -0.898717
0.67041 -0.897803
0.670898 -0.896887
0.671387 -0.895968
0.671875 -0.895046
0.672363 -0.894122
0.672852 -0.893195
0.67334 -0.892265
0.673828 -0.891333
0.674316 -0.890398
0.674805 -0.88946
0.675293 -0.88852
0.675781 -0.887578
0.67627 -0.886632
0.676758 -0.885685
0.677246 -0.884734
0.677734 -0.883781
0.678223 -0.882826
0.678711 -0.881868
0.679199 -0.880908
0.679688 -0.879945
0.680176 -0.87898
0.680664 -0.878012
0.681152 -0.877042
0.681641 -0.87607
0.682129 -0.875095
0.682617 -0.874118
0.683105 -0.873138
0.683594 -0.872156
0.684082 -0.871171
0.68457 -0.870185
0.685059 -0.869195
0.685547 -0.868204
0.686035 -0.86721
0.686523 -0.866214
0.687012 -0.865216
0.6875 -0.864215
0.687988 -0.863212
0.688477 -0.862207
0.688965 -0.8612
0.689453 -0.86019
0.689941 -0.859178
0.69043 -0.858164
0.690918 -0.857147
0.691406 -0.856129
0.691895 -0.855108
0.692383 -0.854085
0.692871 -0.85306
0.693359 -0.852033
0.693848 -0.851004
0.694336 -0.849972
0.694824 -0.848938
0.695312 -0.847903
0.695801 -0.846865
0.696289 -0.845825
0.696777 -0.844783
0.697266 -0.843739
0.697754 -0.842692
0.698242 -0.841644
0.69873 -0.840594
0.699219 -0.839541
0.699707 -0.838487
0.700195 -0.837431
0.700684 -0.836372
0.701172 -0.835312
0.70166 -0.834249
0.702148 -0.833185
0.702637 -0.832119
0.703125 -0.83105
0.703613 -0.82998
0.704102 -0.828908
0.70459 -0.827833
0.705078 -0.826757
0.705566 -0.825679
0.706055 -0.824599
0.706543 -0.823517
0.707031 -0.822433
0.70752 -0.821348
0.708008 -0.82026
0.708496 -0.819171
0.708984 -0.81808
0.709473 -0.816986
0.709961 -0.815891
0.710449 -0.814795
0.710938 -0.813696
0.711426 -0.812595
0.711914 -0.811493
0.712402 -0.810389
0.712891 -0.809283
0.713379 -0.808175
0.713867 -0.807066
0.714355 -0.805954
0.714844 -0.804841
0.715332 -0.803727
0.71582 -0.80261
0.716309 -0.801492
0.716797 -0.800372
0.717285 -0.79925
0.717773 -0.798126
0.718262 -0.797001
0.71875 -0.795874
0.719238 -0.794746
0.719727 -0.793615
0.720215 -0.792483
0.720703 -0.79135
0.721191 -0.790214
0.72168 -0.789077
0.722168 -0.787939
0.722656 -0.786798
0.723145 -0.785656
0.723633 -0.784513
0.724121 -0.783367
0.724609 -0.782221
0.725098 -0.781072
0.725586 -0.779922
0.726074 -0.77877
0.726562 -0.777617
0.727051 -0.776462
0.727539 -0.775306
0.728027 -0.774148
0.728516 -0.772988
0.729004 -0.771827
0.729492 -0.770664
0.72998 -0.7695
0.730469 -0.768334
0.730957 -0.767167
0.731445 -0.765998
0.731934 -0.764827
0.732422 -0.763656
0.73291 -0.762482
0.733398 -0.761307
0.733887 -0.760131
0.734375 -0.758953
0.734863 -0.757773
0.735352 -0.756593
0.73584 -0.75541
0.736328 -0.754226
0.736816 -0.753041
0.737305 -0.751854
0.737793 -0.750666
0.738281 -0.749476
0.73877 -0.748285
0.739258 -0.747093
0.739746 -0.745899
0.740234 -0.744704
0.740723 -0.743507
0.741211 -0.742309
0.741699 -0.741109
0.742188 -0.739908
0.742676 -0.738706
0.743164 -0.737502
0.743652 -0.736297
0.744141 -0.73509
0.744629 -0.733883
0.745117 -0.732673
0.745605 -0.731463
0.746094 -0.730251
0.746582 -0.729038
0.74707 -0.727823
0.747559 -0.726607
0.748047 -0.72539
0.748535 -0.724171
0.749023 -0.722951
0.749512 -0.72173
0.75 -0.720507
0.750488 -0.719284
0.750977 -0.718058
0.751465 -0.716832
0.751953 -0.715604
0.752441 -0.714375
0.75293 -0.713145
0.753418 -0.711913
0.753906 -0.710681
0.754395 -0.709446
0.754883 -0.708211
0.755371 -0.706975
0.755859 -0.705737
0.756348 -0.704498
0.756836 -0.703257
0.757324 -0.702016
0.757812 -0.700773
0.758301 -0.699529
0.758789 -0.698284
0.759277 -0.697037
0.759766 -0.69579
0.760254 -0.694541
0.760742 -0.693291
0.76123 -0.69204
0.761719 -0.690787
0.762207 -0.689534
0.762695 -0.688279
0.763184 -0.687023
0.763672 -0.685766
0.76416 -0.684507
0.764648 -0.683248
0.765137 -0.681987
0.765625 -0.680726
0.766113 -0.679463
0.766602 -0.678199
0.76709 -0.676934
0.767578 -0.675667
0.768066 -0.6744
0.768555 -0.673131
0.769043 -0.671862
0.769531 -0.670591
0.77002 -0.669319
0.770508 -0.668046
0.770996 -0.666772
0.771484 -0.665497
0.771973 -0.66422
0.772461 -0.662943
0.772949 -0.661664
0.773438 -0.660385
0.773926 -0.659104
0.774414 -0.657823
0.774902 -0.65654
0.775391 -0.655256
0.775879 -0.653971
0.776367 -0.652685
0.776855 -0.651398
0.777344 -0.65011
0.777832 -0.648821
0.77832 -0.647531
0.778809 -0.64624
0.779297 -0.644948
0.779785 -0.643654
0.780273 -0.64236
0.780762 -0.641065
0.78125 -0.639769
0.781738 -0.638471
0.782227 -0.637173
0.782715 -0.635874
0.783203 -0.634573
0.783691 -0.633272
0.78418 -0.63197
0.784668 -0.630667
0.785156 -0.629362
0.785645 -0.628057
0.786133 -0.626751
0.786621 -0.625444
0.787109 -0.624136
0.787598 -0.622827
0.788086 -0.621517
0.788574 -0.620206
0.789062 -0.618894
0.789551 -0.617581
0.790039 -0.616267
0.790527 -0.614952
0.791016 -0.613636
0.791504 -0.61232
0.791992 -0.611002
0.79248 -0.609683
0.792969 -0.608364
0.793457 -0.607044
0.793945 -0.605722
0.794434 -0.6044
0.794922 -0.603077
0.79541 -0.601753
0.795898 -0.600428
0.796387 -0.599102
0.796875 -0.597776
0.797363 -0.596448
0.797852 -0.59512
0.79834 -0.59379
0.798828 -0.59246
0.799316 -0.591129
0.799805 -0.589797
0.800293 -0.588464
0.800781 -0.58713
0.80127 -0.585796
0.801758 -0.58446
0.802246 -0.583124
0.802734 -0.581787
0.803223 -0.580449
0.803711 -0.57911
0.804199 -0.57777
0.804688 -0.57643
0.805176 -0.575088
0.805664 -0.573746
0.806152 -0.572403
0.806641 -0.571059
0.807129 -0.569714
0.807617 -0.568369
0.808105 -0.567023
0.808594 -0.565675
0.809082 -0.564327
0.80957 -0.562979
0.810059 -0.561629
0.810547 -0.560279
0.811035 -0.558928
0.811523 -0.557576
0.812012 -0.556223
0.8125 -0.554869
0.812988 -0.553515
0.813477 -0.55216
0.813965 -0.550804
0.814453 -0.549447
0.814941 -0.54809
0.81543 -0.546732
0.815918 -0.545373
0.816406 -0.544013
0.816895 -0.542653
0.817383 -0.541291
0.817871 -0.539929
0.818359 -0.538567
0.818848 -0.537203
0.819336 -0.535839
0.819824 -0.534474
0.820312 -0.533108
0.820801 -0.531742
0.821289 -0.530374
0.821777 -0.529006
0.822266 -0.527638
0.822754 -0.526268
0.823242 -0.524898
0.82373 -0.523528
0.824219 -0.522156
0.824707 -0.520784
0.825195 -0.519411
0.825684 -0.518037
0.826172 -0.516663
0.82666 -0.515288
0.827148 -0.513912
0.827637 -0.512535
0.828125 -0.511158
0.828613 -0.50978
0.829102 -0.508402
0.82959 -0.507023
0.830078 -0.505643
0.830566 -0.504262
0.831055 -0.502881
0.831543 -0.501499
0.832031 -0.500116
0.83252 -0.498733
0.833008 -0.497349
0.833496 -0.495965
0.833984 -0.494579
0.834473 -0.493193
0.834961 -0.491807
0.835449 -0.49042
0.835938 -0.489032
0.836426 -0.487643
0.836914 -0.486254
0.837402 -0.484864
0.837891 -0.483474
0.838379 -0.482083
0.838867 -0.480691
0.839355 -0.479299
0.839844 -0.477906
0.840332 -0.476512
0.84082 -0.475118
0.841309 -0.473723
0.841797 -0.472327
0.842285 -0.470931
0.842773 -0.469535
0.843262 -0.468137
0.84375 -0.466739
0.844238 -0.465341
0.844727 -0.463942
0.845215 -0.462542
0.845703 -0.461142
0.846191 -0.459741
0.84668 -0.458339
0.847168 -0.456937
0.847656 -0.455535
0.848145 -0.454131
0.848633 -0.452728
0.849121 -0.451323
0.849609 -0.449918
0.850098 -0.448513
0.850586 -0.447106
0.851074 -0.4457
0.851562 -0.444292
0.852051 -0.442885
0.852539 -0.441476
0.853027 -0.440067
0.853516 -0.438658
0.854004 -0.437248
0.854492 -0.435837
0.85498 -0.434426
0.855469 -0.433014
0.855957 -0.431602
0.856445 -0.430189
0.856934 -0.428776
0.857422 -0.427362
0.85791 -0.425947
0.858398 -0.424532
0.858887 -0.423117
0.859375 -0.421701
0.859863 -0.420284
0.860352 -0.418867
0.86084 -0.417449
0.861328 -0.416031
0.861816 -0.414613
0.862305 -0.413194
0.862793 -0.411774
0.863281 -0.410354
0.86377 -0.408933
0.864258 -0.407512
0.864746 -0.40609
0.865234 -0.404668
0.865723 -0.403245
0.866211 -0.401822
0.866699 -0.400398
0.867188 -0.398974
0.867676 -0.397549
0.868164 -0.396124
0.868652 -0.394699
0.869141 -0.393272
0.869629 -0.391846
0.870117 -0.390419
0.870605 -0.388991
0.871094 -0.387563
0.871582 -0.386135
0.87207 -0.384706
0.872559 -0.383276
0.873047 -0.381846
0.873535 -0.380416
0.874023 -0.378985
0.874512 -0.377554
0.875 -0.376122
0.875488 -0.37469
0.875977 -0.373257
0.876465 -0.371824
0.876953 -0.37039
0.877441 -0.368956
0.87793 -0.367522
0.878418 -0.366087
0.878906 -0.364652
0.879395 -0.363216
0.879883 -0.36178
0.880371 -0.360343
0.880859 -0.358906
0.881348 -0.357468
0.881836 -0.356031
0.882324 -0.354592
0.882812 -0.353153
0.883301 -0.351714
0.883789 -0.350275
0.884277 -0.348835
0.884766 -0.347394
0.885254 -0.345953
0.885742 -0.344512
0.88623 -0.34307
0.886719 -0.341628
0.887207 -0.340186
0.887695 -0.338743
0.888184 -0.337299
0.888672 -0.335856
0.88916 -0.334412
0.889648 -0.332967
0.890137 -0.331522
0.890625 -0.330077
0.891113 -0.328631
0.891602 -0.327185
0.89209 -0.325739
0.892578 -0.324292
0.893066 -0.322845
0.893555 -0.321397
0.894043 -0.319949
0.894531 -0.318501
0.89502 -0.317052
0.895508 -0.315603
0.895996 -0.314154
0.896484 -0.312704
0.896973 -0.311254
0.897461 -0.309803
0.897949 -0.308352
0.898438 -0.306901
0.898926 -0.305449
0.899414 -0.303998
0.899902 -0.302545
0.900391 -0.301093
0.900879 -0.29964
0.901367 -0.298186
0.901855 -0.296732
0.902344 -0.295278
0.902832 -0.293824
0.90332 -0.292369
0.903809 -0.290914
0.904297 -0.289459
0.904785 -0.288003
0.905273 -0.286547
0.905762 -0.285091
0.90625 -0.283634
0.906738 -0.282177
0.907227 -0.28072
0.907715 -0.279262
0.908203 -0.277804
0.908691 -0.276345
0.90918 -0.274887
0.909668 -0.273428
0.910156 -0.271969
0.910645 -0.270509
0.911133 -0.269049
0.911621 -0.267589
0.912109 -0.266128
0.912598 -0.264668
0.913086 -0.263206
0.913574 -0.261745
0.914062 -0.260283
0.914551 -0.258821
0.915039 -0.257359
0.915527 -0.255896
0.916016 -0.254434
0.916504 -0.25297
0.916992 -0.251507
0.91748 -0.250043
0.917969 -0.248579
0.918457 -0.247115
0.918945 -0.24565
0.919434 -0.244185
0.919922 -0.24272
0.92041 -0.241255
0.920898 -0.239789
0.921387 -0.238323
0.921875 -0.236857
0.922363 -0.235391
0.922852 -0.233924
0.92334 -0.232457
0.923828 -0.230989
0.924316 -0.229522
0.924805 -0.228054
0.925293 -0.226586
0.925781 -0.225118
0.92627 -0.223649
0.926758 -0.22218
0.927246 -0.220711
0.927734 -0.219242
0.928223 -0.217773
0.928711 -0.216303
0.929199 -0.214833
0.929688 -0.213362
0.930176 -0.211892
0.930664 -0.210421
0.931152 -0.20895
0.931641 -0.207479
0.932129 -0.206007
0.932617 -0.204536
0.933105 -0.203064
0.933594 -0.201592
0.934082 -0.200119
0.93457 -0.198647
0.935059 -0.197174
0.935547 -0.195701
0.936035 -0.194228
0.936523 -0.192754
0.937012 -0.191281
0.9375 -0.189807
0.937988 -0.188333
0.938477 -0.186858
0.938965 -0.185384
0.939453 -0.183909
0.939941 -0.182434
0.94043 -0.180959
0.940918 -0.179484
0.941406 -0.178008
0.941895 -0.176533
0.942383 -0.175057
0.942871 -0.173581
0.943359 -0.172104
0.943848 -0.170628
0.944336 -0.169151
0.944824 -0.167674
0.945312 -0.166197
0.945801 -0.16472
0.946289 -0.163243
0.946777 -0.161765
0.947266 -0.160288
0.947754 -0.15881
0.948242 -0.157332
0.94873 -0.155853
0.949219 -0.154375
0.949707 -0.152896
0.950195 -0.151418
0.950684 -0.149939
0.951172 -0.14846
0.95166 -0.14698
0.952148 -0.145501
0.952637 -0.144021
0.953125 -0.142542
0.953613 -0.141062
0.954102 -0.139582
0.95459 -0.138102
0.955078 -0.136622
0.955566 -0.135141
0.956055 -0.133661
0.956543 -0.13218
0.957031 -0.130699
0.95752 -0.129219
0.958008 -0.127738
0.958496 -0.126256
0.958984 -0.124775
0.959473 -0.123294
0.959961 -0.121812
0.960449 -0.120331
0.960938 -0.118849
0.961426 -0.117368
0.961914 -0.115886
0.962402 -0.114404
0.962891 -0.112922
0.963379 -0.11144
0.963867 -0.109958
0.964355 -0.108476
0.964844 -0.106994
0.965332 -0.105512
0.96582 -0.10403
0.966309 -0.102547
0.966797 -0.101065
0.967285 -0.099583
0.967773 -0.0981008
0.968262 -0.0966186
0.96875 -0.0951364
0.969238 -0.0936542
0.969727 -0.0921721
0.970215 -0.0906901
0.970703 -0.0892081
0.971191 -0.0877262
0.97168 -0.0862443
0.972168 -0.0847626
0.972656 -0.0832809
0.973145 -0.0817994
0.973633 -0.080318
0.974121 -0.0788368
0.974609 -0.0773557
0.975098 -0.0758748
0.975586 -0.074394
0.976074 -0.0729134
0.976562 -0.0714331
0.977051 -0.0699529
0.977539 -0.068473
0.978027 -0.0669933
0.978516 -0.0655138
0.979004 -0.0640347
0.979492 -0.0625557
0.97998 -0.0610771
0.980469 -0.0595988
0.980957 -0.0581207
0.981445 -0.056643
0.981934 -0.0551656
0.982422 -0.0536885
0.98291 -0.0522118
0.983398 -0.0507354
0.983887 -0.0492593
0.984375 -0.0477836
0.984863 -0.0463083
0.985352 -0.0448333
0.98584 -0.0433587
0.986328 -0.0418845
0.986816 -0.0404107
0.987305 -0.0389372
0.987793 -0.0374641
0.988281 -0.0359913
0.98877 -0.034519
0.989258 -0.033047
0.989746 -0.0315753
0.990234 -0.030104
0.990723 -0.0286331
0.991211 -0.0271624
0.991699 -0.0256922
0.992188 -0.0242222
0.992676 -0.0227525
0.993164 -0.0212832
0.993652 -0.0198141
0.994141 -0.0183452
0.994629 -0.0168767
0.995117 -0.0154083
0.995605 -0.0139402
0.996094 -0.0124723
0.996582 -0.0110045
0.99707 -0.00953691
0.997559 -0.00806945
0.998047 -0.00660211
0.998535 -0.00513488
0.999023 -0.00366771
0.999512 -0.00220061
1 -0.000733532
