0 0.000232456
0.000488281 0.000697369
0.000976562 0.00116228
0.00146484 0.00162719
0.00195312 0.00209211
0.00244141 0.00255702
0.00292969 0.00302194
0.00341797 0.00348685
0.00390625 0.00395177
0.00439453 0.00441668
0.00488281 0.0048816
0.00537109 0.00534652
0.00585938 0.00581144
0.00634766 0.00627636
0.00683594 0.00674128
0.00732422 0.0072062
0.0078125 0.00767113
0.00830078 0.00813605
0.00878906 0.00860098
0.00927734 0.00906591
0.00976562 0.00953084
0.0102539 0.00999577
0.0107422 0.0104607
0.0112305 0.0109256
0.0117188 0.0113906
0.012207 0.0118555
0.0126953 0.0123205
0.0131836 0.0127854
0.0136719 0.0132504
0.0141602 0.0137153
0.0146484 0.0141803
0.0151367 0.0146452
0.015625 0.0151102
0.0161133 0.0155751
0.0166016 0.0160401
0.0170898 0.0165051
0.0175781 0.01697
0.0180664 0.017435
0.0185547 0.0179
0.019043 0.018365
0.0195312 0.01883
0.0200195 0.019295
0.0205078 0.0197599
0.0209961 0.0202249
0.0214844 0.0206899
0.0219727 0.0211549
0.0224609 0.02162
0.0229492 0.022085
0.0234375 0.02255
0.0239258 0.023015
0.0244141 0.02348
0.0249023 0.023945
0.0253906 0.0244101
0.0258789 0.0248751
0.0263672 0.0253402
0.0268555 0.0258052
0.0273438 0.0262703
0.027832 0.0267353
0.0283203 0.0272004
0.0288086 0.0276654
0.0292969 0.0281305
0.0297852 0.0285956
0.0302734 0.0290606
0.0307617 0.0295257
0.03125 0.0299908
0.0317383 0.0304559
0.0322266 0.030921
0.0327148 0.0313861
0.0332031 0.0318512
0.0336914 0.0323163
0.0341797 0.0327815
0.034668 0.0332466
0.0351562 0.0337117
0.0356445 0.0341768
0.0361328 0.034642
0.0366211 0.0351071
0.0371094 0.0355723
0.0375977 0.0360374
0.0380859 0.0365026
0.0385742 0.0369678
0.0390625 0.0374329
0.0395508 0.0378981
0.0400391 0.0383633
0.0405273 0.0388285
0.0410156 0.0392937
0.0415039 0.0397589
0.0419922 0.0402241
0.0424805 0.0406893
0.0429688 0.0411545
0.043457 0.0416198
0.0439453 0.042085
0.0444336 0.0425502
0.0449219 0.0430155
0.0454102 0.0434807
0.0458984 0.043946
0.0463867 0.0444113
0.046875 0.0448765
0.0473633 0.0453418
0.0478516 0.0458071
0.0483398 0.0462724
0.0488281 0.0467377
0.0493164 0.047203
0.0498047 0.0476683
0.050293 0.0481336
0.0507812 0.0485989
0.0512695 0.0490642
0.0517578 0.0495296
0.0522461 0.0499949
0.0527344 0.0504602
0.0532227 0.0509256
0.0537109 0.0513909
0.0541992 0.0518563
0.0546875 0.0523217
0.0551758 0.052787
0.0556641 0.0532524
0.0561523 0.0537178
0.0566406 0.0541832
0.0571289 0.0546486
0.0576172 0.055114
0.0581055 0.0555794
0.0585938 0.0560448
0.059082 0.0565102
0.0595703 0.0569757
0.0600586 0.0574411
0.0605469 0.0579065
0.0610352 0.058372
0.0615234 0.0588374
0.0620117 0.0593029
0.0625 0.0597683
0.0629883 0.0602338
0.0634766 0.0606993
0.0639648 0.0611648
0.0644531 0.0616302
0.0649414 0.0620957
0.0654297 0.0625612
0.065918 0.0630267
0.0664062 0.0634922
0.0668945 0.0639578
0.0673828 0.0644233
0.0678711 0.0648888
0.0683594 0.0653543
0.0688477 0.0658199
0.0693359 0.0662854
0.0698242 0.0667509
0.0703125 0.0672165
0.0708008 0.0676821
0.0712891 0.0681476
0.0717773 0.0686132
0.0722656 0.0690788
0.0727539 0.0695443
0.0732422 0.0700099
0.0737305 0.0704755
0.0742188 0.0709411
0.074707 0.0714067
0.0751953 0.0718723
0.0756836 0.0723379
0.0761719 0.0728035
0.0766602 0.0732691
0.0771484 0.0737347
0.0776367 0.0742004
0.078125 0.074666
0.0786133 0.0751316
0.0791016 0.0755973
0.0795898 0.0760629
0.0800781 0.0765286
0.0805664 0.0769942
0.0810547 0.0774599
0.081543 0.0779255
0.0820312 0.0783912
0.0825195 0.0788569
0.0830078 0.0793226
0.0834961 0.0797882
0.0839844 0.0802539
0.0844727 0.0807196
0.0849609 0.0811853
0.0854492 0.081651
0.0859375 0.0821167
0.0864258 0.0825824
0.0869141 0.0830481
0.0874023 0.0835138
0.0878906 0.0839795
0.0883789 0.0844452
0.0888672 0.0849109
0.0893555 0.0853767
0.0898438 0.0858424
0.090332 0.0863081
0.0908203 0.0867738
0.0913086 0.0872396
0.0917969 0.0877053
0.0922852 0.088171
0.0927734 0.0886368
0.0932617 0.0891025
0.09375 0.0895683
0.0942383 0.090034
0.0947266 0.0904998
0.0952148 0.0909655
0.0957031 0.0914313
0.0961914 0.0918971
0.0966797 0.0923628
0.097168 0.0928286
0.0976562 0.0932944
0.0981445 0.0937601
0.0986328 0.0942259
0.0991211 0.0946917
0.0996094 0.0951575
0.100098 0.0956232
0.100586 0.096089
0.101074 0.0965548
0.101562 0.0970206
0.102051 0.0974864
0.102539 0.0979522
0.103027 0.0984179
0.103516 0.0988837
0.104004 0.0993495
0.104492 0.0998153
0.10498 0.100281
0.105469 0.100747
0.105957 0.101213
0.106445 0.101679
0.106934 0.102144
0.107422 0.10261
0.10791 0.103076
0.108398 0.103542
0.108887 0.104008
0.109375 0.104473
0.109863 0.104939
0.110352 0.105405
0.11084 0.105871
0.111328 0.106337
0.111816 0.106802
0.112305 0.107268
0.112793 0.107734
0.113281 0.1082
0.11377 0.108666
0.114258 0.109131
0.114746 0.109597
0.115234 0.110063
0.115723 0.110529
0.116211 0.110995
0.116699 0.11146
0.117188 0.111926
0.117676 0.112392
0.118164 0.112858
0.118652 0.113324
0.119141 0.113789
0.119629 0.114255
0.120117 0.114721
0.120605 0.115187
0.121094 0.115653
0.121582 0.116118
0.12207 0.116584
0.122559 0.11705
0.123047 0.117516
0.123535 0.117982
0.124023 0.118447
0.124512 0.118913
0.125 0.119379
0.125488 0.119845
0.125977 0.120311
0.126465 0.120776
0.126953 0.121242
0.127441 0.121708
0.12793 0.122174
0.128418 0.12264
0.128906 0.123105
0.129395 0.123571
0.129883 0.124037
0.130371 0.124503
0.130859 0.124968
0.131348 0.125434
0.131836 0.1259
0.132324 0.126366
0.132812 0.126831
0.133301 0.127297
0.133789 0.127763
0.134277 0.128229
0.134766 0.128695
0.135254 0.12916
0.135742 0.129626
0.13623 0.130092
0.136719 0.130558
0.137207 0.131023
0.137695 0.131489
0.138184 0.131955
0.138672 0.132421
0.13916 0.132886
0.139648 0.133352
0.140137 0.133818
0.140625 0.134283
0.141113 0.134749
0.141602 0.135215
0.14209 0.135681
0.142578 0.136146
0.143066 0.136612
0.143555 0.137078
0.144043 0.137543
0.144531 0.138009
0.14502 0.138475
0.145508 0.138941
0.145996 0.139406
0.146484 0.139872
0.146973 0.140338
0.147461 0.140803
0.147949 0.141269
0.148438 0.141735
0.148926 0.1422
0.149414 0.142666
0.149902 0.143132
0.150391 0.143597
0.150879 0.144063
0.151367 0.144529
0.151855 0.144994
0.152344 0.14546
0.152832 0.145926
0.15332 0.146391
0.153809 0.146857
0.154297 0.147322
0.154785 0.147788
0.155273 0.148254
0.155762 0.148719
0.15625 0.149185
0.156738 0.149651
0.157227 0.150116
0.157715 0.150582
0.158203 0.151047
0.158691 0.151513
0.15918 0.151979
0.159668 0.152444
0.160156 0.15291
0.160645 0.153375
0.161133 0.153841
0.161621 0.154306
0.162109 0.154772
0.162598 0.155238
0.163086 0.155703
0.163574 0.156169
0.164062 0.156634
0.164551 0.1571
0.165039 0.157565
0.165527 0.158031
0.166016 0.158496
0.166504 0.158962
0.166992 0.159427
0.16748 0.159893
0.167969 0.160358
0.168457 0.160824
0.168945 0.161289
0.169434 0.161755
0.169922 0.16222
0.17041 0.162686
0.170898 0.163151
0.171387 0.163617
0.171875 0.164082
0.172363 0.164548
0.172852 0.165013
0.17334 0.165479
0.173828 0.165944
0.174316 0.16641
0.174805 0.166875
0.175293 0.16734
0.175781 0.167806
0.17627 0.168271
0.176758 0.168737
0.177246 0.169202
0.177734 0.169667
0.178223 0.170133
0.178711 0.170598
0.179199 0.171064
0.179688 0.171529
0.180176 0.171994
0.180664 0.17246
0.181152 0.172925
0.181641 0.17339
0.182129 0.173856
0.182617 0.174321
0.183105 0.174787
0.183594 0.175252
0.184082 0.175717
0.18457 0.176182
0.185059 0.176648
0.185547 0.177113
0.186035 0.177578
0.186523 0.178044
0.187012 0.178509
0.1875 0.178974
0.187988 0.17944
0.188477 0.179905
0.188965 0.18037
0.189453 0.180835
0.189941 0.181301
0.19043 0.181766
0.190918 0.182231
0.191406 0.182696
0.191895 0.183162
0.192383 0.183627
0.192871 0.184092
0.193359 0.184557
0.193848 0.185022
0.194336 0.185488
0.194824 0.185953
0.195312 0.186418
0.195801 0.186883
0.196289 0.187348
0.196777 0.187814
0.197266 0.188279
0.197754 0.188744
0.198242 0.189209
0.19873 0.189674
0.199219 0.190139
0.199707 0.190604
0.200195 0.19107
0.200684 0.191535
0.201172 0.192
0.20166 0.192465
0.202148 0.19293
0.202637 0.193395
0.203125 0.19386
0.203613 0.194325
0.204102 0.19479
0.20459 0.195255
0.205078 0.195721
0.205566 0.196186
0.206055 0.196651
0.206543 0.197116
0.207031 0.197581
0.20752 0.198046
0.208008 0.198511
0.208496 0.198976
0.208984 0.199441
0.209473 0.199906
0.209961 0.200371
0.210449 0.200836
0.210938 0.201301
0.211426 0.201766
0.211914 0.202231
0.212402 0.202696
0.212891 0.20316
0.213379 0.203625
0.213867 0.20409
0.214355 0.204555
0.214844 0.20502
0.215332 0.205485
0.21582 0.20595
0.216309 0.206415
0.216797 0.20688
0.217285 0.207345
0.217773 0.20781
0.218262 0.208274
0.21875 0.208739
0.219238 0.209204
0.219727 0.209669
0.220215 0.210134
0.220703 0.210599
0.221191 0.211064
0.22168 0.211528
0.222168 0.211993
0.222656 0.212458
0.223145 0.212923
0.223633 0.213388
0.224121 0.213852
0.224609 0.214317
0.225098 0.214782
0.225586 0.215247
0.226074 0.215711
0.226562 0.216176
0.227051 0.216641
0.227539 0.217106
0.228027 0.21757
0.228516 0.218035
0.229004 0.2185
0.229492 0.218964
0.22998 0.219429
0.230469 0.219894
0.230957 0.220358
0.231445 0.220823
0.231934 0.221288
0.232422 0.221752
0.23291 0.222217
0.233398 0.222682
0.233887 0.223146
0.234375 0.223611
0.234863 0.224075
0.235352 0.22454
0.23584 0.225005
0.236328 0.225469
0.236816 0.225934
0.237305 0.226398
0.237793 0.226863
0.238281 0.227328
0.23877 0.227792
0.239258 0.228257
0.239746 0.228721
0.240234 0.229186
0.240723 0.22965
0.241211 0.230115
0.241699 0.230579
0.242188 0.231044
0.242676 0.231508
0.243164 0.231973
0.243652 0.232437
0.244141 0.232902
0.244629 0.233366
0.245117 0.23383
0.245605 0.234295
0.246094 0.234759
0.246582 0.235224
0.24707 0.235688
0.247559 0.236152
0.248047 0.236617
0.248535 0.237081
0.249023 0.237546
0.249512 0.23801
0.25 0.238474
0.250488 0.238939
0.250977 0.239403
0.251465 0.239867
0.251953 0.240332
0.252441 0.240796
0.25293 0.24126
0.253418 0.241725
0.253906 0.242189
0.254395 0.242653
0.254883 0.243117
0.255371 0.243582
0.255859 0.244046
0.256348 0.24451
0.256836 0.244974
0.257324 0.245439
0.257812 0.245903
0.258301 0.246367
0.258789 0.246831
0.259277 0.247295
0.259766 0.24776
0.260254 0.248224
0.260742 0.248688
0.26123 0.249152
0.261719 0.249616
0.262207 0.25008
0.262695 0.250544
0.263184 0.251009
0.263672 0.251473
0.26416 0.251937
0.264648 0.252401
0.265137 0.252865
0.265625 0.253329
0.266113 0.253793
0.266602 0.254257
0.26709 0.254721
0.267578 0.255185
0.268066 0.255649
0.268555 0.256113
0.269043 0.256577
0.269531 0.257041
0.27002 0.257505
0.270508 0.257969
0.270996 0.258433
0.271484 0.258897
0.271973 0.259361
0.272461 0.259825
0.272949 0.260289
0.273438 0.260753
0.273926 0.261217
0.274414 0.261681
0.274902 0.262144
0.275391 0.262608
0.275879 0.263072
0.276367 0.263536
0.276855 0.264
0.277344 0.264464
0.277832 0.264928
0.27832 0.265391
0.278809 0.265855
0.279297 0.266319
0.279785 0.266783
0.280273 0.267247
0.280762 0.26771
0.28125 0.268174
0.281738 0.268638
0.282227 0.269102
0.282715 0.269565
0.283203 0.270029
0.283691 0.270493
0.28418 0.270957
0.284668 0.27142
0.285156 0.271884
0.285645 0.272348
0.286133 0.272811
0.286621 0.273275
0.287109 0.273739
0.287598 0.274202
0.288086 0.274666
0.288574 0.275129
0.289062 0.275593
0.289551 0.276057
0.290039 0.27652
0.290527 0.276984
0.291016 0.277447
0.291504 0.277911
0.291992 0.278374
0.29248 0.278838
0.292969 0.279301
0.293457 0.279765
0.293945 0.280229
0.294434 0.280692
0.294922 0.281155
0.29541 0.281619
0.295898 0.282082
0.296387 0.282546
0.296875 0.283009
0.297363 0.283473
0.297852 0.283936
0.29834 0.2844
0.298828 0.284863
0.299316 0.285326
0.299805 0.28579
0.300293 0.286253
0.300781 0.286716
0.30127 0.28718
0.301758 0.287643
0.302246 0.288106
0.302734 0.28857
0.303223 0.289033
0.303711 0.289496
0.304199 0.28996
0.304688 0.290423
0.305176 0.290886
0.305664 0.291349
0.306152 0.291813
0.306641 0.292276
0.307129 0.292739
0.307617 0.293202
0.308105 0.293665
0.308594 0.294129
0.309082 0.294592
0.30957 0.295055
0.310059 0.295518
0.310547 0.295981
0.311035 0.296444
0.311523 0.296907
0.312012 0.297371
0.3125 0.297834
0.312988 0.298297
0.313477 0.29876
0.313965 0.299223
0.314453 0.299686
0.314941 0.300149
0.31543 0.300612
0.315918 0.301075
0.316406 0.301538
0.316895 0.302001
0.317383 0.302464
0.317871 0.302927
0.318359 0.30339
0.318848 0.303853
0.319336 0.304316
0.319824 0.304779
0.320312 0.305242
0.320801 0.305704
0.321289 0.306167
0.321777 0.30663
0.322266 0.307093
0.322754 0.307556
0.323242 0.308019
0.32373 0.308482
0.324219 0.308944
0.324707 0.309407
0.325195 0.30987
0.325684 0.310333
0.326172 0.310796
0.32666 0.311258
0.327148 0.311721
0.327637 0.312184
0.328125 0.312647
0.328613 0.313109
0.329102 0.313572
0.32959 0.314035
0.330078 0.314497
0.330566 0.31496
0.331055 0.315423
0.331543 0.315885
0.332031 0.316348
0.33252 0.316811
0.333008 0.317273
0.333496 0.317736
0.333984 0.318198
0.334473 0.318661
0.334961 0.319123
0.335449 0.319586
0.335938 0.320048
0.336426 0.320511
0.336914 0.320974
0.337402 0.321436
0.337891 0.321898
0.338379 0.322361
0.338867 0.322823
0.339355 0.323286
0.339844 0.323748
0.340332 0.324211
0.34082 0.324673
0.341309 0.325135
0.341797 0.325598
0.342285 0.32606
0.342773 0.326523
0.343262 0.326985
0.34375 0.327447
0.344238 0.32791
0.344727 0.328372
0.345215 0.328834
0.345703 0.329296
0.346191 0.329759
0.34668 0.330221
0.347168 0.330683
0.347656 0.331145
0.348145 0.331608
0.348633 0.33207
0.349121 0.332532
0.349609 0.332994
0.350098 0.333456
0.350586 0.333919
0.351074 0.334381
0.351562 0.334843
0.352051 0.335305
0.352539 0.335767
0.353027 0.336229
0.353516 0.336691
0.354004 0.337153
0.354492 0.337615
0.35498 0.338077
0.355469 0.338539
0.355957 0.339001
0.356445 0.339463
0.356934 0.339925
0.357422 0.340387
0.35791 0.340849
0.358398 0.341311
0.358887 0.341773
0.359375 0.342235
0.359863 0.342697
0.360352 0.343159
0.36084 0.343621
0.361328 0.344083
0.361816 0.344544
0.362305 0.345006
0.362793 0.345468
0.363281 0.34593
0.36377 0.346392
0.364258 0.346853
0.364746 0.347315
0.365234 0.347777
0.365723 0.348239
0.366211 0.3487
0.366699 0.349162
0.367188 0.349624
0.367676 0.350085
0.368164 0.350547
0.368652 0.351009
0.369141 0.35147
0.369629 0.351932
0.370117 0.352394
0.370605 0.352855
0.371094 0.353317
0.371582 0.353778
0.37207 0.35424
0.372559 0.354702
0.373047 0.355163
0.373535 0.355625
0.374023 0.356086
0.374512 0.356548
0.375 0.357009
0.375488 0.357471
0.375977 0.357932
0.376465 0.358393
0.376953 0.358855
0.377441 0.359316
0.37793 0.359778
0.378418 0.360239
0.378906 0.3607
0.379395 0.361162
0.379883 0.361623
0.380371 0.362084
0.380859 0.362546
0.381348 0.363007
0.381836 0.363468
0.382324 0.363929
0.382812 0.364391
0.383301 0.364852
0.383789 0.365313
0.384277 0.365774
0.384766 0.366236
0.385254 0.366697
0.385742 0.367158
0.38623 0.367619
0.386719 0.36808
0.387207 0.368541
0.387695 0.369002
0.388184 0.369463
0.388672 0.369924
0.38916 0.370386
0.389648 0.370847
0.390137 0.371308
0.390625 0.371769
0.391113 0.37223
0.391602 0.372691
0.39209 0.373152
0.392578 0.373612
0.393066 0.374073
0.393555 0.374534
0.394043 0.374995
0.394531 0.375456
0.39502 0.375917
0.395508 0.376378
0.395996 0.376839
0.396484 0.377299
0.396973 0.37776
0.397461 0.378221
0.397949 0.378682
0.398438 0.379143
0.398926 0.379603
0.399414 0.380064
0.399902 0.380525
0.400391 0.380986
0.400879 0.381446
0.401367 0.381907
0.401855 0.382368
0.402344 0.382828
0.402832 0.383289
0.40332 0.383749
0.403809 0.38421
0.404297 0.384671
0.404785 0.385131
0.405273 0.385592
0.405762 0.386052
0.40625 0.386513
0.406738 0.386973
0.407227 0.387434
0.407715 0.387894
0.408203 0.388355
0.408691 0.388815
0.40918 0.389275
0.409668 0.389736
0.410156 0.390196
0.410645 0.390657
0.411133 0.391117
0.411621 0.391577
0.412109 0.392038
0.412598 0.392498
0.413086 0.392958
0.413574 0.393418
0.414062 0.393879
0.414551 0.394339
0.415039 0.394799
0.415527 0.395259
0.416016 0.39572
0.416504 0.39618
0.416992 0.39664
0.41748 0.3971
0.417969 0.39756
0.418457 0.39802
0.418945 0.39848
0.419434 0.39894
0.419922 0.399401
0.42041 0.399861
0.420898 0.400321
0.421387 0.400781
0.421875 0.401241
0.422363 0.401701
0.422852 0.402161
0.42334 0.40262
0.423828 0.40308
0.424316 0.40354
0.424805 0.404
0.425293 0.40446
0.425781 0.40492
0.42627 0.40538
0.426758 0.40584
0.427246 0.406299
0.427734 0.406759
0.428223 0.407219
0.428711 0.407679
0.429199 0.408138
0.429688 0.408598
0.430176 0.409058
0.430664 0.409518
0.431152 0.409977
0.431641 0.410437
0.432129 0.410897
0.432617 0.411356
0.433105 0.411816
0.433594 0.412275
0.434082 0.412735
0.43457 0.413194
0.435059 0.413654
0.435547 0.414113
0.436035 0.414573
0.436523 0.415032
0.437012 0.415492
0.4375 0.415951
0.437988 0.416411
0.438477 0.41687
0.438965 0.41733
0.439453 0.417789
0.439941 0.418248
0.44043 0.418708
0.440918 0.419167
0.441406 0.419626
0.441895 0.420085
0.442383 0.420545
0.442871 0.421004
0.443359 0.421463
0.443848 0.421922
0.444336 0.422382
0.444824 0.422841
0.445312 0.4233
0.445801 0.423759
0.446289 0.424218
0.446777 0.424677
0.447266 0.425136
0.447754 0.425595
0.448242 0.426054
0.44873 0.426514
0.449219 0.426973
0.449707 0.427432
0.450195 0.42789
0.450684 0.428349
0.451172 0.428808
0.45166 0.429267
0.452148 0.429726
0.452637 0.430185
0.453125 0.430644
0.453613 0.431103
0.454102 0.431562
0.45459 0.43202
0.455078 0.432479
0.455566 0.432938
0.456055 0.433397
0.456543 0.433855
0.457031 0.434314
0.45752 0.434773
0.458008 0.435231
0.458496 0.43569
0.458984 0.436149
0.459473 0.436607
0.459961 0.437066
0.460449 0.437525
0.460938 0.437983
0.461426 0.438442
0.461914 0.4389
0.462402 0.439359
0.462891 0.439817
0.463379 0.440276
0.463867 0.440734
0.464355 0.441192
0.464844 0.441651
0.465332 0.442109
0.46582 0.442568
0.466309 0.443026
0.466797 0.443484
0.467285 0.443943
0.467773 0.444401
0.468262 0.444859
0.46875 0.445317
0.469238 0.445776
0.469727 0.446234
0.470215 0.446692
0.470703 0.44715
0.471191 0.447608
0.47168 0.448066
0.472168 0.448525
0.472656 0.448983
0.473145 0.449441
0.473633 0.449899
0.474121 0.450357
0.474609 0.450815
0.475098 0.451273
0.475586 0.451731
0.476074 0.452189
0.476562 0.452647
0.477051 0.453105
0.477539 0.453562
0.478027 0.45402
0.478516 0.454478
0.479004 0.454936
0.479492 0.455394
0.47998 0.455852
0.480469 0.456309
0.480957 0.456767
0.481445 0.457225
0.481934 0.457682
0.482422 0.45814
0.48291 0.458598
0.483398 0.459055
0.483887 0.459513
0.484375 0.459971
0.484863 0.460428
0.485352 0.460886
0.48584 0.461343
0.486328 0.461801
0.486816 0.462258
0.487305 0.462716
0.487793 0.463173
0.488281 0.463631
0.48877 0.464088
0.489258 0.464545
0.489746 0.465003
0.490234 0.46546
0.490723 0.465917
0.491211 0.466374
0.491699 0.46683
0.492188 0.467285
0.492676 0.467737
0.493164 0.468184
0.493652 0.468618
0.494141 0.469026
0.494629 0.469376
0.495117 0.469604
0.495605 0.469567
0.496094 0.468962
0.496582 0.46714
0.49707 0.462724
0.497559 0.452843
0.498047 0.431737
0.498535 0.388799
0.499023 0.307987
0.499512 0.175341
0.5 2.72132e-14
0.500488 -0.175341
0.500977 -0.307987
0.501465 -0.388799
0.501953 -0.431737
0.502441 -0.452843
0.50293 -0.462724
0.503418 -0.46714
0.503906 -0.468962
0.504395 -0.469567
0.504883 -0.469604
0.505371 -0.469376
0.505859 -0.469026
0.506348 -0.468618
0.506836 -0.468184
0.507324 -0.467737
0.507812 -0.467285
0.508301 -0.46683
0.508789 -0.466374
0.509277 -0.465917
0.509766 -0.46546
0.510254 -0.465003
0.510742 -0.464545
0.51123 -0.464088
0.511719 -0.463631
0.512207 -0.463173
0.512695 -0.462716
0.513184 -0.462258
0.513672 -0.461801
0.51416 -0.461343
0.514648 -0.460886
0.515137 -0.460428
0.515625 -0.459971
0.516113 -0.459513
0.516602 -0.459055
0.51709 -0.458598
0.517578 -0.45814
0.518066 -0.457682
0.518555 -0.457225
0.519043 -0.456767
0.519531 -0.456309
0.52002 -0.455852
0.520508 -0.455394
0.520996 -0.454936
0.521484 -0.454478
0.521973 -0.45402
0.522461 -0.453562
0.522949 -0.453105
0.523438 -0.452647
0.523926 -0.452189
0.524414 -0.451731
0.524902 -0.451273
0.525391 -0.450815
0.525879 -0.450357
0.526367 -0.449899
0.526855 -0.449441
0.527344 -0.448983
0.527832 -0.448525
0.52832 -0.448066
0.528809 -0.447608
0.529297 -0.44715
0.529785 -0.446692
0.530273 -0.446234
0.530762 -0.445776
0.53125 -0.445317
0.531738 -0.444859
0.532227 -0.444401
0.532715 -0.443943
0.533203 -0.443484
0.533691 -0.443026
0.53418 -0.442568
0.534668 -0.442109
0.535156 -0.441651
0.535645 -0.441192
0.536133 -0.440734
0.536621 -0.440276
0.537109 -0.439817
0.537598 -0.439359
0.538086 -0.4389
0.538574 -0.438442
0.539062 -0.437983
0.539551 -0.437525
0.540039 -0.437066
0.540527 -0.436607
0.541016 -0.436149
0.541504 -0.43569
0.541992 -0.435231
0.54248 -0.434773
0.542969 -0.434314
0.543457 -0.433855
0.543945 -0.433397
0.544434 -0.432938
0.544922 -0.432479
0.54541 -0.43202
0.545898 -0.431562
0.546387 -0.431103
0.546875 -0.430644
0.547363 -0.430185
0.547852 -0.429726
0.54834 -0.429267
0.548828 -0.428808
0.549316 -0.428349
0.549805 -0.42789
0.550293 -0.427432
0.550781 -0.426973
0.55127 -0.426514
0.551758 -0.426054
0.552246 -0.425595
0.552734 -0.425136
0.553223 -0.424677
0.553711 -0.424218
0.554199 -0.423759
0.554688 -0.4233
0.555176 -0.422841
0.555664 -0.422382
0.556152 -0.421922
0.556641 -0.421463
0.557129 -0.421004
0.557617 -0.420545
0.558105 -0.420085
0.558594 -0.419626
0.559082 -0.419167
0.55957 -0.418708
0.560059 -0.418248
0.560547 -0.417789
0.561035 -0.41733
0.561523 -0.41687
0.562012 -0.416411
0.5625 -0.415951
0.562988 -0.415492
0.563477 -0.415032
0.563965 -0.414573
0.564453 -0.414113
0.564941 -0.413654
0.56543 -0.413194
0.565918 -0.412735
0.566406 -0.412275
0.566895 -0.411816
0.567383 -0.411356
0.567871 -0.410897
0.568359 -0.410437
0.568848 -0.409977
0.569336 -0.409518
0.569824 -0.409058
0.570312 -0.408598
0.570801 -0.408138
0.571289 -0.407679
0.571777 -0.407219
0.572266 -0.406759
0.572754 -0.406299
0.573242 -0.40584
0.57373 -0.40538
0.574219 -0.40492
0.574707 -0.40446
0.575195 -0.404
0.575684 -0.40354
0.576172 -0.40308
0.57666 -0.40262
0.577148 -0.402161
0.577637 -0.401701
0.578125 -0.401241
0.578613 -0.400781
0.579102 -0.400321
0.57959 -0.399861
0.580078 -0.399401
0.580566 -0.39894
0.581055 -0.39848
0.581543 -0.39802
0.582031 -0.39756
0.58252 -0.3971
0.583008 -0.39664
0.583496 -0.39618
0.583984 -0.39572
0.584473 -0.395259
0.584961 -0.394799
0.585449 -0.394339
0.585938 -0.393879
0.586426 -0.393418
0.586914 -0.392958
0.587402 -0.392498
0.587891 -0.392038
0.588379 -0.391577
0.588867 -0.391117
0.589355 -0.390657
0.589844 -0.390196
0.590332 -0.389736
0.59082 -0.389275
0.591309 -0.388815
0.591797 -0.388355
0.592285 -0.387894
0.592773 -0.387434
0.593262 -0.386973
0.59375 -0.386513
0.594238 -0.386052
0.594727 -0.385592
0.595215 -0.385131
0.595703 -0.384671
0.596191 -0.38421
0.59668 -0.383749
0.597168 -0.383289
0.597656 -0.382828
0.598145 -0.382368
0.598633 -0.381907
0.599121 -0.381446
0.599609 -0.380986
0.600098 -0.380525
0.600586 -0.380064
0.601074 -0.379603
0.601562 -0.379143
0.602051 -0.378682
0.602539 -0.378221
0.603027 -0.37776
0.603516 -0.377299
0.604004 -0.376839
0.604492 -0.376378
0.60498 -0.375917
0.605469 -0.375456
0.605957 -0.374995
0.606445 -0.374534
0.606934 -0.374073
0.607422 -0.373612
0.60791 -0.373152
0.608398 -0.372691
0.608887 -0.37223
0.609375 -0.371769
0.609863 -0.371308
0.610352 -0.370847
0.61084 -0.370386
0.611328 -0.369924
0.611816 -0.369463
0.612305 -0.369002
0.612793 -0.368541
0.613281 -0.36808
0.61377 -0.367619
0.614258 -0.367158
0.614746 -0.366697
0.615234 -0.366236
0.615723 -0.365774
0.616211 -0.365313
0.616699 -0.364852
0.617188 -0.364391
0.617676 -0.363929
0.618164 -0.363468
0.618652 -0.363007
0.619141 -0.362546
0.619629 -0.362084
0.620117 -0.361623
0.620605 -0.361162
0.621094 -0.3607
0.621582 -0.360239
0.62207 -0.359778
0.622559 -0.359316
0.623047 -0.358855
0.623535 -0.358393
0.624023 -0.357932
0.624512 -0.357471
0.625 -0.357009
0.625488 -0.356548
0.625977 -0.356086
0.626465 -0.355625
0.626953 -0.355163
0.627441 -0.354702
0.62793 -0.35424
0.628418 -0.353778
0.628906 -0.353317
0.629395 -0.352855
0.629883 -0.352394
0.630371 -0.351932
0.630859 -0.35147
0.631348 -0.351009
0.631836 -0.350547
0.632324 -0.350085
0.632812 -0.349624
0.633301 -0.349162
0.633789 -0.3487
0.634277 -0.348239
0.634766 -0.347777
0.635254 -0.347315
0.635742 -0.346853
0.63623 -0.346392
0.636719 -0.34593
0.637207 -0.345468
0.637695 -0.345006
0.638184 -0.344544
0.638672 -0.344083
0.63916 -0.343621
0.639648 -0.343159
0.640137 -0.342697
0.640625 -0.342235
0.641113 -0.341773
0.641602 -0.341311
0.64209 -0.340849
0.642578 -0.340387
0.643066 -0.339925
0.643555 -0.339463
0.644043 -0.339001
0.644531 -0.338539
0.64502 -0.338077
0.645508 -0.337615
0.645996 -0.337153
0.646484 -0.336691
0.646973 -0.336229
0.647461 -0.335767
0.647949 -0.335305
0.648438 -0.334843
0.648926 -0.334381
0.649414 -0.333919
0.649902 -0.333456
0.650391 -0.332994
0.650879 -0.332532
0.651367 -0.33207
0.651855 -0.331608
0.652344 -0.331145
0.652832 -0.330683
0.65332 -0.330221
0.653809 -0.329759
0.654297 -0.329296
0.654785 -0.328834
0.655273 -0.328372
0.655762 -0.32791
0.65625 -0.327447
0.656738 -0.326985
0.657227 -0.326523
0.657715 -0.32606
0.658203 -0.325598
0.658691 -0.325135
0.65918 -0.324673
0.659668 -0.324211
0.660156 -0.323748
0.660645 -0.323286
0.661133 -0.322823
0.661621 -0.322361
0.662109 -0.321898
0.662598 -0.321436
0.663086 -0.320974
0.663574 -0.320511
0.664062 -0.320048
0.664551 -0.319586
0.665039 -0.319123
0.665527 -0.318661
0.666016 -0.318198
0.666504 -0.317736
0.666992 -0.317273
0.66748 -0.316811
0.667969 -0.316348
0.668457 -0.315885
0.668945 -0.315423
0.669434 -0.31496
0.669922 -0.314497
0.67041 -0.314035
0.670898 -0.313572
0.671387 -0.313109
0.671875 -0.312647
0.672363 -0.312184
0.672852 -0.311721
0.67334 -0.311258
0.673828 -0.310796
0.674316 -0.310333
0.674805 -0.30987
0.675293 -0.309407
0.675781 -0.308944
0.67627 -0.308482
0.676758 -0.308019
0.677246 -0.307556
0.677734 -0.307093
0.678223 -0.30663
0.678711 -0.306167
0.679199 -0.305704
0.679688 -0.305242
0.680176 -0.304779
0.680664 -0.304316
0.681152 -0.303853
0.681641 -0.30339
0.682129 -0.302927
0.682617 -0.302464
0.683105 -0.302001
0.683594 -0.301538
0.684082 -0.301075
0.68457 -0.300612
0.685059 -0.300149
0.685547 -0.299686
0.686035 -0.299223
0.686523 -0.29876
0.687012 -0.298297
0.6875 -0.297834
0.687988 -0.297371
0.688477 -0.296907
0.688965 -0.296444
0.689453 -0.295981
0.689941 -0.295518
0.69043 -0.295055
0.690918 -0.294592
0.691406 -0.294129
0.691895 -0.293665
0.692383 -0.293202
0.692871 -0.292739
0.693359 -0.292276
0.693848 -0.291813
0.694336 -0.291349
0.694824 -0.290886
0.695312 -0.290423
0.695801 -0.28996
0.696289 -0.289496
0.696777 -0.289033
0.697266 -0.28857
0.697754 -0.288106
0.698242 -0.287643
0.69873 -0.28718
0.699219 -0.286716
0.699707 -0.286253
0.700195 -0.28579
0.700684 -0.285326
0.701172 -0.284863
0.70166 -0.2844
0.702148 -0.283936
0.702637 -0.283473
0.703125 -0.283009
0.703613 -0.282546
0.704102 -0.282082
0.70459 -0.281619
0.705078 -0.281155
0.705566 -0.280692
0.706055 -0.280229
0.706543 -0.279765
0.707031 -0.279301
0.70752 -0.278838
0.708008 -0.278374
0.708496 -0.277911
0.708984 -0.277447
0.709473 -0.276984
0.709961 -0.27652
0.710449 -0.276057
0.710938 -0.275593
0.711426 -0.275129
0.711914 -0.274666
0.712402 -0.274202
0.712891 -0.273739
0.713379 -0.273275
0.713867 -0.272811
0.714355 -0.272348
0.714844 -0.271884
0.715332 -0.27142
0.71582 -0.270957
0.716309 -0.270493
0.716797 -0.270029
0.717285 -0.269565
0.717773 -0.269102
0.718262 -0.268638
0.71875 -0.268174
0.719238 -0.26771
0.719727 -0.267247
0.720215 -0.266783
0.720703 -0.266319
0.721191 -0.265855
0.72168 -0.265391
0.722168 -0.264928
0.722656 -0.264464
0.723145 -0.264
0.723633 -0.263536
0.724121 -0.263072
0.724609 -0.262608
0.725098 -0.262144
0.725586 -0.261681
0.726074 -0.261217
0.726562 -0.260753
0.727051 -0.260289
0.727539 -0.259825
0.728027 -0.259361
0.728516 -0.258897
0.729004 -0.258433
0.729492 -0.257969
0.72998 -0.257505
0.730469 -0.257041
0.730957 -0.256577
0.731445 -0.256113
0.731934 -0.255649
0.732422 -0.255185
0.73291 -0.254721
0.733398 -0.254257
0.733887 -0.253793
0.734375 -0.253329
0.734863 -0.252865
0.735352 -0.252401
0.73584 -0.251937
0.736328 -0.251473
0.736816 -0.251009
0.737305 -0.250544
0.737793 -0.25008
0.738281 -0.249616
0.73877 -0.249152
0.739258 -0.248688
0.739746 -0.248224
0.740234 -0.24776
0.740723 -0.247295
0.741211 -0.246831
0.741699 -0.246367
0.742188 -0.245903
0.742676 -0.245439
0.743164 -0.244974
0.743652 -0.24451
0.744141 -0.244046
0.744629 -0.243582
0.745117 -0.243117
0.745605 -0.242653
0.746094 -0.242189
0.746582 -0.241725
0.74707 -0.24126
0.747559 -0.240796
0.748047 -0.240332
0.748535 -0.239867
0.749023 -0.239403
0.749512 -0.238939
0.75 -0.238474
0.750488 -0.23801
0.750977 -0.237546
0.751465 -0.237081
0.751953 -0.236617
0.752441 -0.236152
0.75293 -0.235688
0.753418 -0.235224
0.753906 -0.234759
0.754395 -0.234295
0.754883 -0.23383
0.755371 -0.233366
0.755859 -0.232902
0.756348 -0.232437
0.756836 -0.231973
0.757324 -0.231508
0.757812 -0.231044
0.758301 -0.230579
0.758789 -0.230115
0.759277 -0.22965
0.759766 -0.229186
0.760254 -0.228721
0.760742 -0.228257
0.76123 -0.227792
0.761719 -0.227328
0.762207 -0.226863
0.762695 -0.226398
0.763184 -0.225934
0.763672 -0.225469
0.76416 -0.225005
0.764648 -0.22454
0.765137 -0.224075
0.765625 -0.223611
0.766113 -0.223146
0.766602 -0.222682
0.76709 -0.222217
0.767578 -0.221752
0.768066 -0.221288
0.768555 -0.220823
0.769043 -0.220358
0.769531 -0.219894
0.77002 -0.219429
0.770508 -0.218964
0.770996 -0.2185
0.771484 -0.218035
0.771973 -0.21757
0.772461 -0.217106
0.772949 -0.216641
0.773438 -0.216176
0.773926 -0.215711
0.774414 -0.215247
0.774902 -0.214782
0.775391 -0.214317
0.775879 -0.213852
0.776367 -0.213388
0.776855 -0.212923
0.777344 -0.212458
0.777832 -0.211993
0.77832 -0.211528
0.778809 -0.211064
0.779297 -0.210599
0.779785 -0.210134
0.780273 -0.209669
0.780762 -0.209204
0.78125 -0.208739
0.781738 -0.208274
0.782227 -0.20781
0.782715 -0.207345
0.783203 -0.20688
0.783691 -0.206415
0.78418 -0.20595
0.784668 -0.205485
0.785156 -0.20502
0.785645 -0.204555
0.786133 -0.20409
0.786621 -0.203625
0.787109 -0.20316
0.787598 -0.202696
0.788086 -0.202231
0.788574 -0.201766
0.789062 -0.201301
0.789551 -0.200836
0.790039 -0.200371
0.790527 -0.199906
0.791016 -0.199441
0.791504 -0.198976
0.791992 -0.198511
0.79248 -0.198046
0.792969 -0.197581
0.793457 -0.197116
0.793945 -0.196651
0.794434 -0.196186
0.794922 -0.195721
0.79541 -0.195255
0.795898 -0.19479
0.796387 -0.194325
0.796875 -0.19386
0.797363 -0.193395
0.797852 -0.19293
0.79834 -0.192465
0.798828 -0.192
0.799316 -0.191535
0.799805 -0.19107
0.800293 -0.190604
0.800781 -0.190139
0.80127 -0.189674
0.801758 -0.189209
0.802246 -0.188744
0.802734 -0.188279
0.803223 -0.187814
0.803711 -0.187348
0.804199 -0.186883
0.804688 -0.186418
0.805176 -0.185953
0.805664 -0.185488
0.806152 -0.185022
0.806641 -0.184557
0.807129 -0.184092
0.807617 -0.183627
0.808105 -0.183162
0.808594 -0.182696
0.809082 -0.182231
0.80957 -0.181766
0.810059 -0.181301
0.810547 -0.180835
0.811035 -0.18037
0.811523 -0.179905
0.812012 -0.17944
0.8125 -0.178974
0.812988 -0.178509
0.813477 -0.178044
0.813965 -0.177578
0.814453 -0.177113
0.814941 -0.176648
0.81543 -0.176182
0.815918 -0.175717
0.816406 -0.175252
0.816895 -0.174787
0.817383 -0.174321
0.817871 -0.173856
0.818359 -0.17339
0.818848 -0.172925
0.819336 -0.17246
0.819824 -0.171994
0.820312 -0.171529
0.820801 -0.171064
0.821289 -0.170598
0.821777 -0.170133
0.822266 -0.169667
0.822754 -0.169202
0.823242 -0.168737
0.82373 -0.168271
0.824219 -0.167806
0.824707 -0.16734
0.825195 -0.166875
0.825684 -0.16641
0.826172 -0.165944
0.82666 -0.165479
0.827148 -0.165013
0.827637 -0.164548
0.828125 -0.164082
0.828613 -0.163617
0.829102 -0.163151
0.82959 -0.162686
0.830078 -0.16222
0.830566 -0.161755
0.831055 -0.161289
0.831543 -0.160824
0.832031 -0.160358
0.83252 -0.159893
0.833008 -0.159427
0.833496 -0.158962
0.833984 -0.158496
0.834473 -0.158031
0.834961 -0.157565
0.835449 -0.1571
0.835938 -0.156634
0.836426 -0.156169
0.836914 -0.155703
0.837402 -0.155238
0.837891 -0.154772
0.838379 -0.154306
0.838867 -0.153841
0.839355 -0.153375
0.839844 -0.15291
0.840332 -0.152444
0.84082 -0.151979
0.841309 -0.151513
0.841797 -0.151047
0.842285 -0.150582
0.842773 -0.150116
0.843262 -0.149651
0.84375 -0.149185
0.844238 -0.148719
0.844727 -0.148254
0.845215 -0.147788
0.845703 -0.147322
0.846191 -0.146857
0.84668 -0.146391
0.847168 -0.145926
0.847656 -0.14546
0.848145 -0.144994
0.848633 -0.144529
0.849121 -0.144063
0.849609 -0.143597
0.850098 -0.143132
0.850586 -0.142666
0.851074 -0.1422
0.851562 -0.141735
0.852051 -0.141269
0.852539 -0.140803
0.853027 -0.140338
0.853516 -0.139872
0.854004 -0.139406
0.854492 -0.138941
0.85498 -0.138475
0.855469 -0.138009
0.855957 -0.137543
0.856445 -0.137078
0.856934 -0.136612
0.857422 -0.136146
0.85791 -0.135681
0.858398 -0.135215
0.858887 -0.134749
0.859375 -0.134283
0.859863 -0.133818
0.860352 -0.133352
0.86084 -0.132886
0.861328 -0.132421
0.861816 -0.131955
0.862305 -0.131489
0.862793 -0.131023
0.863281 -0.130558
0.86377 -0.130092
0.864258 -0.129626
0.864746 -0.12916
0.865234 -0.128695
0.865723 -0.128229
0.866211 -0.127763
0.866699 -0.127297
0.867188 -0.126831
0.867676 -0.126366
0.868164 -0.1259
0.868652 -0.125434
0.869141 -0.124968
0.869629 -0.124503
0.870117 -0.124037
0.870605 -0.123571
0.871094 -0.123105
0.871582 -0.12264
0.87207 -0.122174
0.872559 -0.121708
0.873047 -0.121242
0.873535 -0.120776
0.874023 -0.120311
0.874512 -0.119845
0.875 -0.119379
0.875488 -0.118913
0.875977 -0.118447
0.876465 -0.117982
0.876953 -0.117516
0.877441 -0.11705
0.87793 -0.116584
0.878418 -0.116118
0.878906 -0.115653
0.879395 -0.115187
0.879883 -0.114721
0.880371 -0.114255
0.880859 -0.113789
0.881348 -0.113324
0.881836 -0.112858
0.882324 -0.112392
0.882812 -0.111926
0.883301 -0.11146
0.883789 -0.110995
0.884277 -0.110529
0.884766 -0.110063
0.885254 -0.109597
0.885742 -0.109131
0.88623 -0.108666
0.886719 -0.1082
0.887207 -0.107734
0.887695 -0.107268
0.888184 -0.106802
0.888672 -0.106337
0.88916 -0.105871
0.889648 -0.105405
0.890137 -0.104939
0.890625 -0.104473
0.891113 -0.104008
0.891602 -0.103542
0.89209 -0.103076
0.892578 -0.10261
0.893066 -0.102144
0.893555 -0.101679
0.894043 -0.101213
0.894531 -0.100747
0.89502 -0.100281
0.895508 -0.0998153
0.895996 -0.0993495
0.896484 -0.0988837
0.896973 -0.0984179
0.897461 -0.0979522
0.897949 -0.0974864
0.898438 -0.0970206
0.898926 -0.0965548
0.899414 -0.096089
0.899902 -0.0956232
0.900391 -0.0951575
0.900879 -0.0946917
0.901367 -0.0942259
0.901855 -0.0937601
0.902344 -0.0932944
0.902832 -0.0928286
0.90332 -0.0923628
0.903809 -0.0918971
0.904297 -0.0914313
0.904785 -0.0909655
0.905273 -0.0904998
0.905762 -0.090034
0.90625 -0.0895683
0.906738 -0.0891025
0.907227 -0.0886368
0.907715 -0.088171
0.908203 -0.0877053
0.908691 -0.0872396
0.90918 -0.0867738
0.909668 -0.0863081
0.910156 -0.0858424
0.910645 -0.0853767
0.911133 -0.0849109
0.911621 -0.0844452
0.912109 -0.0839795
0.912598 -0.0835138
0.913086 -0.0830481
0.913574 -0.0825824
0.914062 -0.0821167
0.914551 -0.081651
0.915039 -0.0811853
0.915527 -0.0807196
0.916016 -0.0802539
0.916504 -0.0797882
0.916992 -0.0793226
0.91748 -0.0788569
0.917969 -0.0783912
0.918457 -0.0779255
0.918945 -0.0774599
0.919434 -0.0769942
0.919922 -0.0765286
0.92041 -0.0760629
0.920898 -0.0755973
0.921387 -0.0751316
0.921875 -0.074666
0.922363 -0.0742004
0.922852 -0.0737347
0.92334 -0.0732691
0.923828 -0.0728035
0.924316 -0.0723379
0.924805 -0.0718723
0.925293 -0.0714067
0.925781 -0.0709411
0.92627 -0.0704755
0.926758 -0.0700099
0.927246 -0.0695443
0.927734 -0.0690788
0.928223 -0.0686132
0.928711 -0.0681476
0.929199 -0.0676821
0.929688 -0.0672165
0.930176 -0.0667509
0.930664 -0.0662854
0.931152 -0.0658199
0.931641 -0.0653543
0.932129 -0.0648888
0.932617 -0.0644233
0.933105 -0.0639578
0.933594 -0.0634922
0.934082 -0.0630267
0.93457 -0.0625612
0.935059 -0.0620957
0.935547 -0.0616302
0.936035 -0.0611648
0.936523 -0.0606993
0.937012 -0.0602338
0.9375 -0.0597683
0.937988 -0.0593029
0.938477 -0.0588374
0.938965 -0.058372
0.939453 -0.0579065
0.939941 -0.0574411
0.94043 -0.0569757
0.940918 -0.0565102
0.941406 -0.0560448
0.941895 -0.0555794
0.942383 -0.055114
0.942871 -0.0546486
0.943359 -0.0541832
0.943848 -0.0537178
0.944336 -0.0532524
0.944824 -0.052787
0.945312 -0.0523217
0.945801 -0.0518563
0.946289 -0.0513909
0.946777 -0.0509256
0.947266 -0.0504602
0.947754 -0.0499949
0.948242 -0.0495296
0.94873 -0.0490642
0.949219 -0.0485989
0.949707 -0.0481336
0.950195 -0.0476683
0.950684 -0.047203
0.951172 -0.0467377
0.95166 -0.0462724
0.952148 -0.0458071
0.952637 -0.0453418
0.953125 -0.0448765
0.953613 -0.0444113
0.954102 -0.043946
0.95459 -0.0434807
0.955078 -0.0430155
0.955566 -0.0425502
0.956055 -0.042085
0.956543 -0.0416198
0.957031 -0.0411545
0.95752 -0.0406893
0.958008 -0.0402241
0.958496 -0.0397589
0.958984 -0.0392937
0.959473 -0.0388285
0.959961 -0.0383633
0.960449 -0.0378981
0.960938 -0.0374329
0.961426 -0.0369678
0.961914 -0.0365026
0.962402 -0.0360374
0.962891 -0.0355723
0.963379 -0.0351071
0.963867 -0.034642
0.964355 -0.0341768
0.964844 -0.0337117
0.965332 -0.0332466
0.96582 -0.0327815
0.966309 -0.0323163
0.966797 -0.0318512
0.967285 -0.0313861
0.967773 -0.030921
0.968262 -0.0304559
0.96875 -0.0299908
0.969238 -0.0295257
0.969727 -0.0290606
0.970215 -0.0285956
0.970703 -0.0281305
0.971191 -0.0276654
0.97168 -0.0272004
0.972168 -0.0267353
0.972656 -0.0262703
0.973145 -0.0258052
0.973633 -0.0253402
0.974121 -0.0248751
0.974609 -0.0244101
0.975098 -0.023945
0.975586 -0.02348
0.976074 -0.023015
0.976562 -0.02255
0.977051 -0.022085
0.977539 -0.02162
0.978027 -0.0211549
0.978516 -0.0206899
0.979004 -0.0202249
0.979492 -0.0197599
0.97998 -0.019295
0.980469 -0.01883
0.980957 -0.018365
0.981445 -0.0179
0.981934 -0.017435
0.982422 -0.01697
0.98291 -0.0165051
0.983398 -0.0160401
0.983887 -0.0155751
0.984375 -0.0151102
0.984863 -0.0146452
0.985352 -0.0141803
0.98584 -0.0137153
0.986328 -0.0132504
0.986816 -0.0127854
0.987305 -0.0123205
0.987793 -0.0118555
0.988281 -0.0113906
0.98877 -0.0109256
0.989258 -0.0104607
0.989746 -0.00999577
0.990234 -0.00953084
0.990723 -0.00906591
0.991211 -0.00860098
0.991699 -0.00813605
0.992188 -0.00767113
0.992676 -0.0072062
0.993164 -0.00674128
0.993652 -0.00627636
0.994141 -0.00581144
0.994629 -0.00534652
0.995117 -0.0048816
0.995605 -0.00441668
0.996094 -0.00395177
0.996582 -0.00348685
0.99707 -0.00302194
0.997559 -0.00255702
0.998047 -0.00209211
0.998535 -0.00162719
0.999023 -0.00116228
0.999512 -0.000697369
1 -0.000232456
