0 0.000272968
0.000488281 0.000818905
0.000976562 0.00136484
0.00146484 0.00191078
0.00195312 0.00245672
0.00244141 0.00300266
0.00292969 0.0035486
0.00341797 0.00409454
0.00390625 0.00464048
0.00439453 0.00518643
0.00488281 0.00573237
0.00537109 0.00627832
0.00585938 0.00682427
0.00634766 0.00737022
0.00683594 0.00791618
0.00732422 0.00846214
0.0078125 0.0090081
0.00830078 0.00955406
0.00878906 0.0101
0.00927734 0.010646
0.00976562 0.011192
0.0102539 0.0117379
0.0107422 0.0122839
0.0112305 0.0128299
0.0117188 0.0133759
0.012207 0.0139219
0.0126953 0.0144679
0.0131836 0.0150139
0.0136719 0.0155599
0.0141602 0.0161059
0.0146484 0.0166519
0.0151367 0.017198
0.015625 0.017744
0.0161133 0.01829
0.0166016 0.0188361
0.0170898 0.0193821
0.0175781 0.0199282
0.0180664 0.0204742
0.0185547 0.0210203
0.019043 0.0215664
0.0195312 0.0221125
0.0200195 0.0226585
0.0205078 0.0232046
0.0209961 0.0237507
0.0214844 0.0242969
0.0219727 0.024843
0.0224609 0.0253891
0.0229492 0.0259352
0.0234375 0.0264814
0.0239258 0.0270275
0.0244141 0.0275737
0.0249023 0.0281198
0.0253906 0.028666
0.0258789 0.0292122
0.0263672 0.0297584
0.0268555 0.0303046
0.0273438 0.0308508
0.027832 0.031397
0.0283203 0.0319432
0.0288086 0.0324894
0.0292969 0.0330357
0.0297852 0.0335819
0.0302734 0.0341282
0.0307617 0.0346745
0.03125 0.0352207
0.0317383 0.035767
0.0322266 0.0363133
0.0327148 0.0368596
0.0332031 0.037406
0.0336914 0.0379523
0.0341797 0.0384986
0.034668 0.039045
0.0351562 0.0395913
0.0356445 0.0401377
0.0361328 0.0406841
0.0366211 0.0412304
0.0371094 0.0417768
0.0375977 0.0423232
0.0380859 0.0428697
0.0385742 0.0434161
0.0390625 0.0439625
0.0395508 0.044509
0.0400391 0.0450554
0.0405273 0.0456019
0.0410156 0.0461484
0.0415039 0.0466949
0.0419922 0.0472414
0.0424805 0.0477879
0.0429688 0.0483344
0.043457 0.0488809
0.0439453 0.0494275
0.0444336 0.049974
0.0449219 0.0505206
0.0454102 0.0510671
0.0458984 0.0516137
0.0463867 0.0521603
0.046875 0.0527069
0.0473633 0.0532535
0.0478516 0.0538002
0.0483398 0.0543468
0.0488281 0.0548934
0.0493164 0.0554401
0.0498047 0.0559868
0.050293 0.0565334
0.0507812 0.0570801
0.0512695 0.0576268
0.0517578 0.0581735
0.0522461 0.0587202
0.0527344 0.0592669
0.0532227 0.0598137
0.0537109 0.0603604
0.0541992 0.0609072
0.0546875 0.0614539
0.0551758 0.0620007
0.0556641 0.0625475
0.0561523 0.0630943
0.0566406 0.0636411
0.0571289 0.0641879
0.0576172 0.0647347
0.0581055 0.0652815
0.0585938 0.0658284
0.059082 0.0663752
0.0595703 0.0669221
0.0600586 0.0674689
0.0605469 0.0680158
0.0610352 0.0685627
0.0615234 0.0691096
0.0620117 0.0696565
0.0625 0.0702034
0.0629883 0.0707503
0.0634766 0.0712972
0.0639648 0.0718442
0.0644531 0.0723911
0.0649414 0.0729381
0.0654297 0.073485
0.065918 0.074032
0.0664062 0.074579
0.0668945 0.0751259
0.0673828 0.0756729
0.0678711 0.0762199
0.0683594 0.0767669
0.0688477 0.0773139
0.0693359 0.077861
0.0698242 0.078408
0.0703125 0.078955
0.0708008 0.079502
0.0712891 0.0800491
0.0717773 0.0805961
0.0722656 0.0811432
0.0727539 0.0816903
0.0732422 0.0822373
0.0737305 0.0827844
0.0742188 0.0833315
0.074707 0.0838786
0.0751953 0.0844257
0.0756836 0.0849728
0.0761719 0.0855199
0.0766602 0.086067
0.0771484 0.0866141
0.0776367 0.0871612
0.078125 0.0877083
0.0786133 0.0882555
0.0791016 0.0888026
0.0795898 0.0893497
0.0800781 0.0898969
0.0805664 0.090444
0.0810547 0.0909912
0.081543 0.0915383
0.0820312 0.0920855
0.0825195 0.0926327
0.0830078 0.0931798
0.0834961 0.093727
0.0839844 0.0942742
0.0844727 0.0948213
0.0849609 0.0953685
0.0854492 0.0959157
0.0859375 0.0964629
0.0864258 0.0970101
0.0869141 0.0975573
0.0874023 0.0981045
0.0878906 0.0986517
0.0883789 0.0991989
0.0888672 0.0997461
0.0893555 0.100293
0.0898438 0.10084
0.090332 0.101388
0.0908203 0.101935
0.0913086 0.102482
0.0917969 0.103029
0.0922852 0.103577
0.0927734 0.104124
0.0932617 0.104671
0.09375 0.105218
0.0942383 0.105765
0.0947266 0.106313
0.0952148 0.10686
0.0957031 0.107407
0.0961914 0.107954
0.0966797 0.108502
0.097168 0.109049
0.0976562 0.109596
0.0981445 0.110143
0.0986328 0.11069
0.0991211 0.111238
0.0996094 0.111785
0.100098 0.112332
0.100586 0.112879
0.101074 0.113426
0.101562 0.113974
0.102051 0.114521
0.102539 0.115068
0.103027 0.115615
0.103516 0.116163
0.104004 0.11671
0.104492 0.117257
0.10498 0.117804
0.105469 0.118351
0.105957 0.118899
0.106445 0.119446
0.106934 0.119993
0.107422 0.12054
0.10791 0.121087
0.108398 0.121635
0.108887 0.122182
0.109375 0.122729
0.109863 0.123276
0.110352 0.123823
0.11084 0.12437
0.111328 0.124918
0.111816 0.125465
0.112305 0.126012
0.112793 0.126559
0.113281 0.127106
0.11377 0.127653
0.114258 0.128201
0.114746 0.128748
0.115234 0.129295
0.115723 0.129842
0.116211 0.130389
0.116699 0.130936
0.117188 0.131483
0.117676 0.132031
0.118164 0.132578
0.118652 0.133125
0.119141 0.133672
0.119629 0.134219
0.120117 0.134766
0.120605 0.135313
0.121094 0.13586
0.121582 0.136407
0.12207 0.136954
0.122559 0.137502
0.123047 0.138049
0.123535 0.138596
0.124023 0.139143
0.124512 0.13969
0.125 0.140237
0.125488 0.140784
0.125977 0.141331
0.126465 0.141878
0.126953 0.142425
0.127441 0.142972
0.12793 0.143519
0.128418 0.144066
0.128906 0.144613
0.129395 0.14516
0.129883 0.145707
0.130371 0.146254
0.130859 0.146801
0.131348 0.147348
0.131836 0.147895
0.132324 0.148442
0.132812 0.148989
0.133301 0.149536
0.133789 0.150083
0.134277 0.15063
0.134766 0.151177
0.135254 0.151723
0.135742 0.15227
0.13623 0.152817
0.136719 0.153364
0.137207 0.153911
0.137695 0.154458
0.138184 0.155005
0.138672 0.155552
0.13916 0.156099
0.139648 0.156645
0.140137 0.157192
0.140625 0.157739
0.141113 0.158286
0.141602 0.158833
0.14209 0.15938
0.142578 0.159926
0.143066 0.160473
0.143555 0.16102
0.144043 0.161567
0.144531 0.162113
0.14502 0.16266
0.145508 0.163207
0.145996 0.163754
0.146484 0.1643
0.146973 0.164847
0.147461 0.165394
0.147949 0.165941
0.148438 0.166487
0.148926 0.167034
0.149414 0.167581
0.149902 0.168127
0.150391 0.168674
0.150879 0.169221
0.151367 0.169767
0.151855 0.170314
0.152344 0.170861
0.152832 0.171407
0.15332 0.171954
0.153809 0.1725
0.154297 0.173047
0.154785 0.173594
0.155273 0.17414
0.155762 0.174687
0.15625 0.175233
0.156738 0.17578
0.157227 0.176326
0.157715 0.176873
0.158203 0.177419
0.158691 0.177966
0.15918 0.178512
0.159668 0.179059
0.160156 0.179605
0.160645 0.180152
0.161133 0.180698
0.161621 0.181245
0.162109 0.181791
0.162598 0.182338
0.163086 0.182884
0.163574 0.183431
0.164062 0.183977
0.164551 0.184523
0.165039 0.18507
0.165527 0.185616
0.166016 0.186162
0.166504 0.186709
0.166992 0.187255
0.16748 0.187801
0.167969 0.188348
0.168457 0.188894
0.168945 0.18944
0.169434 0.189987
0.169922 0.190533
0.17041 0.191079
0.170898 0.191626
0.171387 0.192172
0.171875 0.192718
0.172363 0.193264
0.172852 0.19381
0.17334 0.194357
0.173828 0.194903
0.174316 0.195449
0.174805 0.195995
0.175293 0.196541
0.175781 0.197087
0.17627 0.197634
0.176758 0.19818
0.177246 0.198726
0.177734 0.199272
0.178223 0.199818
0.178711 0.200364
0.179199 0.20091
0.179688 0.201456
0.180176 0.202002
0.180664 0.202548
0.181152 0.203094
0.181641 0.20364
0.182129 0.204186
0.182617 0.204732
0.183105 0.205278
0.183594 0.205824
0.184082 0.20637
0.18457 0.206916
0.185059 0.207462
0.185547 0.208008
0.186035 0.208554
0.186523 0.2091
0.187012 0.209646
0.1875 0.210192
0.187988 0.210737
0.188477 0.211283
0.188965 0.211829
0.189453 0.212375
0.189941 0.212921
0.19043 0.213467
0.190918 0.214012
0.191406 0.214558
0.191895 0.215104
0.192383 0.21565
0.192871 0.216195
0.193359 0.216741
0.193848 0.217287
0.194336 0.217833
0.194824 0.218378
0.195312 0.218924
0.195801 0.21947
0.196289 0.220015
0.196777 0.220561
0.197266 0.221106
0.197754 0.221652
0.198242 0.222198
0.19873 0.222743
0.199219 0.223289
0.199707 0.223834
0.200195 0.22438
0.200684 0.224926
0.201172 0.225471
0.20166 0.226017
0.202148 0.226562
0.202637 0.227108
0.203125 0.227653
0.203613 0.228198
0.204102 0.228744
0.20459 0.229289
0.205078 0.229835
0.205566 0.23038
0.206055 0.230926
0.206543 0.231471
0.207031 0.232016
0.20752 0.232562
0.208008 0.233107
0.208496 0.233652
0.208984 0.234198
0.209473 0.234743
0.209961 0.235288
0.210449 0.235833
0.210938 0.236379
0.211426 0.236924
0.211914 0.237469
0.212402 0.238014
0.212891 0.23856
0.213379 0.239105
0.213867 0.23965
0.214355 0.240195
0.214844 0.24074
0.215332 0.241285
0.21582 0.24183
0.216309 0.242376
0.216797 0.242921
0.217285 0.243466
0.217773 0.244011
0.218262 0.244556
0.21875 0.245101
0.219238 0.245646
0.219727 0.246191
0.220215 0.246736
0.220703 0.247281
0.221191 0.247826
0.22168 0.248371
0.222168 0.248916
0.222656 0.249461
0.223145 0.250006
0.223633 0.25055
0.224121 0.251095
0.224609 0.25164
0.225098 0.252185
0.225586 0.25273
0.226074 0.253275
0.226562 0.253819
0.227051 0.254364
0.227539 0.254909
0.228027 0.255454
0.228516 0.255998
0.229004 0.256543
0.229492 0.257088
0.22998 0.257633
0.230469 0.258177
0.230957 0.258722
0.231445 0.259267
0.231934 0.259811
0.232422 0.260356
0.23291 0.2609
0.233398 0.261445
0.233887 0.26199
0.234375 0.262534
0.234863 0.263079
0.235352 0.263623
0.23584 0.264168
0.236328 0.264712
0.236816 0.265257
0.237305 0.265801
0.237793 0.266346
0.238281 0.26689
0.23877 0.267434
0.239258 0.267979
0.239746 0.268523
0.240234 0.269068
0.240723 0.269612
0.241211 0.270156
0.241699 0.270701
0.242188 0.271245
0.242676 0.271789
0.243164 0.272333
0.243652 0.272878
0.244141 0.273422
0.244629 0.273966
0.245117 0.27451
0.245605 0.275054
0.246094 0.275599
0.246582 0.276143
0.24707 0.276687
0.247559 0.277231
0.248047 0.277775
0.248535 0.278319
0.249023 0.278863
0.249512 0.279407
0.25 0.279951
0.250488 0.280495
0.250977 0.281039
0.251465 0.281583
0.251953 0.282127
0.252441 0.282671
0.25293 0.283215
0.253418 0.283759
0.253906 0.284303
0.254395 0.284847
0.254883 0.285391
0.255371 0.285935
0.255859 0.286479
0.256348 0.287022
0.256836 0.287566
0.257324 0.28811
0.257812 0.288654
0.258301 0.289197
0.258789 0.289741
0.259277 0.290285
0.259766 0.290829
0.260254 0.291372
0.260742 0.291916
0.26123 0.29246
0.261719 0.293003
0.262207 0.293547
0.262695 0.29409
0.263184 0.294634
0.263672 0.295178
0.26416 0.295721
0.264648 0.296265
0.265137 0.296808
0.265625 0.297352
0.266113 0.297895
0.266602 0.298439
0.26709 0.298982
0.267578 0.299525
0.268066 0.300069
0.268555 0.300612
0.269043 0.301155
0.269531 0.301699
0.27002 0.302242
0.270508 0.302785
0.270996 0.303329
0.271484 0.303872
0.271973 0.304415
0.272461 0.304958
0.272949 0.305502
0.273438 0.306045
0.273926 0.306588
0.274414 0.307131
0.274902 0.307674
0.275391 0.308217
0.275879 0.30876
0.276367 0.309304
0.276855 0.309847
0.277344 0.31039
0.277832 0.310933
0.27832 0.311476
0.278809 0.312019
0.279297 0.312562
0.279785 0.313105
0.280273 0.313647
0.280762 0.31419
0.28125 0.314733
0.281738 0.315276
0.282227 0.315819
0.282715 0.316362
0.283203 0.316905
0.283691 0.317447
0.28418 0.31799
0.284668 0.318533
0.285156 0.319076
0.285645 0.319618
0.286133 0.320161
0.286621 0.320704
0.287109 0.321246
0.287598 0.321789
0.288086 0.322332
0.288574 0.322874
0.289062 0.323417
0.289551 0.323959
0.290039 0.324502
0.290527 0.325044
0.291016 0.325587
0.291504 0.326129
0.291992 0.326672
0.29248 0.327214
0.292969 0.327757
0.293457 0.328299
0.293945 0.328841
0.294434 0.329384
0.294922 0.329926
0.29541 0.330468
0.295898 0.331011
0.296387 0.331553
0.296875 0.332095
0.297363 0.332637
0.297852 0.333179
0.29834 0.333722
0.298828 0.334264
0.299316 0.334806
0.299805 0.335348
0.300293 0.33589
0.300781 0.336432
0.30127 0.336974
0.301758 0.337516
0.302246 0.338058
0.302734 0.3386
0.303223 0.339142
0.303711 0.339684
0.304199 0.340226
0.304688 0.340768
0.305176 0.34131
0.305664 0.341852
0.306152 0.342394
0.306641 0.342935
0.307129 0.343477
0.307617 0.344019
0.308105 0.344561
0.308594 0.345103
0.309082 0.345644
0.30957 0.346186
0.310059 0.346728
0.310547 0.347269
0.311035 0.347811
0.311523 0.348352
0.312012 0.348894
0.3125 0.349436
0.312988 0.349977
0.313477 0.350519
0.313965 0.35106
0.314453 0.351602
0.314941 0.352143
0.31543 0.352684
0.315918 0.353226
0.316406 0.353767
0.316895 0.354309
0.317383 0.35485
0.317871 0.355391
0.318359 0.355933
0.318848 0.356474
0.319336 0.357015
0.319824 0.357556
0.320312 0.358097
0.320801 0.358639
0.321289 0.35918
0.321777 0.359721
0.322266 0.360262
0.322754 0.360803
0.323242 0.361344
0.32373 0.361885
0.324219 0.362426
0.324707 0.362967
0.325195 0.363508
0.325684 0.364049
0.326172 0.36459
0.32666 0.365131
0.327148 0.365672
0.327637 0.366213
0.328125 0.366753
0.328613 0.367294
0.329102 0.367835
0.32959 0.368376
0.330078 0.368916
0.330566 0.369457
0.331055 0.369998
0.331543 0.370538
0.332031 0.371079
0.33252 0.37162
0.333008 0.37216
0.333496 0.372701
0.333984 0.373241
0.334473 0.373782
0.334961 0.374322
0.335449 0.374863
0.335938 0.375403
0.336426 0.375944
0.336914 0.376484
0.337402 0.377024
0.337891 0.377565
0.338379 0.378105
0.338867 0.378645
0.339355 0.379186
0.339844 0.379726
0.340332 0.380266
0.34082 0.380806
0.341309 0.381346
0.341797 0.381887
0.342285 0.382427
0.342773 0.382967
0.343262 0.383507
0.34375 0.384047
0.344238 0.384587
0.344727 0.385127
0.345215 0.385667
0.345703 0.386207
0.346191 0.386747
0.34668 0.387287
0.347168 0.387826
0.347656 0.388366
0.348145 0.388906
0.348633 0.389446
0.349121 0.389986
0.349609 0.390525
0.350098 0.391065
0.350586 0.391605
0.351074 0.392144
0.351562 0.392684
0.352051 0.393224
0.352539 0.393763
0.353027 0.394303
0.353516 0.394842
0.354004 0.395382
0.354492 0.395921
0.35498 0.396461
0.355469 0.397
0.355957 0.397539
0.356445 0.398079
0.356934 0.398618
0.357422 0.399157
0.35791 0.399697
0.358398 0.400236
0.358887 0.400775
0.359375 0.401314
0.359863 0.401854
0.360352 0.402393
0.36084 0.402932
0.361328 0.403471
0.361816 0.40401
0.362305 0.404549
0.362793 0.405088
0.363281 0.405627
0.36377 0.406166
0.364258 0.406705
0.364746 0.407244
0.365234 0.407783
0.365723 0.408321
0.366211 0.40886
0.366699 0.409399
0.367188 0.409938
0.367676 0.410477
0.368164 0.411015
0.368652 0.411554
0.369141 0.412093
0.369629 0.412631
0.370117 0.41317
0.370605 0.413708
0.371094 0.414247
0.371582 0.414785
0.37207 0.415324
0.372559 0.415862
0.373047 0.416401
0.373535 0.416939
0.374023 0.417478
0.374512 0.418016
0.375 0.418554
0.375488 0.419093
0.375977 0.419631
0.376465 0.420169
0.376953 0.420707
0.377441 0.421245
0.37793 0.421784
0.378418 0.422322
0.378906 0.42286
0.379395 0.423398
0.379883 0.423936
0.380371 0.424474
0.380859 0.425012
0.381348 0.42555
0.381836 0.426088
0.382324 0.426625
0.382812 0.427163
0.383301 0.427701
0.383789 0.428239
0.384277 0.428777
0.384766 0.429314
0.385254 0.429852
0.385742 0.43039
0.38623 0.430927
0.386719 0.431465
0.387207 0.432003
0.387695 0.43254
0.388184 0.433078
0.388672 0.433615
0.38916 0.434153
0.389648 0.43469
0.390137 0.435227
0.390625 0.435765
0.391113 0.436302
0.391602 0.436839
0.39209 0.437377
0.392578 0.437914
0.393066 0.438451
0.393555 0.438988
0.394043 0.439525
0.394531 0.440062
0.39502 0.4406
0.395508 0.441137
0.395996 0.441674
0.396484 0.442211
0.396973 0.442748
0.397461 0.443285
0.397949 0.443821
0.398438 0.444358
0.398926 0.444895
0.399414 0.445432
0.399902 0.445969
0.400391 0.446505
0.400879 0.447042
0.401367 0.447579
0.401855 0.448115
0.402344 0.448652
0.402832 0.449189
0.40332 0.449725
0.403809 0.450262
0.404297 0.450798
0.404785 0.451335
0.405273 0.451871
0.405762 0.452407
0.40625 0.452944
0.406738 0.45348
0.407227 0.454016
0.407715 0.454553
0.408203 0.455089
0.408691 0.455625
0.40918 0.456161
0.409668 0.456697
0.410156 0.457233
0.410645 0.45777
0.411133 0.458306
0.411621 0.458842
0.412109 0.459378
0.412598 0.459913
0.413086 0.460449
0.413574 0.460985
0.414062 0.461521
0.414551 0.462057
0.415039 0.462593
0.415527 0.463128
0.416016 0.463664
0.416504 0.4642
0.416992 0.464735
0.41748 0.465271
0.417969 0.465806
0.418457 0.466342
0.418945 0.466877
0.419434 0.467413
0.419922 0.467948
0.42041 0.468484
0.420898 0.469019
0.421387 0.469554
0.421875 0.47009
0.422363 0.470625
0.422852 0.47116
0.42334 0.471695
0.423828 0.47223
0.424316 0.472765
0.424805 0.473301
0.425293 0.473836
0.425781 0.474371
0.42627 0.474906
0.426758 0.475441
0.427246 0.475975
0.427734 0.47651
0.428223 0.477045
0.428711 0.47758
0.429199 0.478115
0.429688 0.478649
0.430176 0.479184
0.430664 0.479719
0.431152 0.480253
0.431641 0.480788
0.432129 0.481322
0.432617 0.481857
0.433105 0.482391
0.433594 0.482926
0.434082 0.48346
0.43457 0.483995
0.435059 0.484529
0.435547 0.485063
0.436035 0.485597
0.436523 0.486132
0.437012 0.486666
0.4375 0.4872
0.437988 0.487734
0.438477 0.488268
0.438965 0.488802
0.439453 0.489336
0.439941 0.48987
0.44043 0.490404
0.440918 0.490938
0.441406 0.491472
0.441895 0.492006
0.442383 0.492539
0.442871 0.493073
0.443359 0.493607
0.443848 0.49414
0.444336 0.494674
0.444824 0.495208
0.445312 0.495741
0.445801 0.496275
0.446289 0.496808
0.446777 0.497342
0.447266 0.497875
0.447754 0.498408
0.448242 0.498942
0.44873 0.499475
0.449219 0.500008
0.449707 0.500541
0.450195 0.501074
0.450684 0.501608
0.451172 0.502141
0.45166 0.502674
0.452148 0.503207
0.452637 0.50374
0.453125 0.504273
0.453613 0.504805
0.454102 0.505338
0.45459 0.505871
0.455078 0.506404
0.455566 0.506937
0.456055 0.507469
0.456543 0.508002
0.457031 0.508535
0.45752 0.509067
0.458008 0.5096
0.458496 0.510132
0.458984 0.510665
0.459473 0.511197
0.459961 0.511729
0.460449 0.512262
0.460938 0.512794
0.461426 0.513326
0.461914 0.513858
0.462402 0.514391
0.462891 0.514923
0.463379 0.515455
0.463867 0.515987
0.464355 0.516519
0.464844 0.517051
0.465332 0.517583
0.46582 0.518115
0.466309 0.518647
0.466797 0.519178
0.467285 0.51971
0.467773 0.520242
0.468262 0.520774
0.46875 0.521305
0.469238 0.521837
0.469727 0.522368
0.470215 0.5229
0.470703 0.523431
0.471191 0.523963
0.47168 0.524494
0.472168 0.525025
0.472656 0.525557
0.473145 0.526088
0.473633 0.526619
0.474121 0.52715
0.474609 0.527681
0.475098 0.528213
0.475586 0.528744
0.476074 0.529275
0.476562 0.529806
0.477051 0.530336
0.477539 0.530867
0.478027 0.531398
0.478516 0.531929
0.479004 0.53246
0.479492 0.53299
0.47998 0.533521
0.480469 0.534052
0.480957 0.534582
0.481445 0.535113
0.481934 0.535643
0.482422 0.536174
0.48291 0.536704
0.483398 0.537234
0.483887 0.537765
0.484375 0.538295
0.484863 0.538825
0.485352 0.539355
0.48584 0.539886
0.486328 0.540416
0.486816 0.540946
0.487305 0.541476
0.487793 0.542006
0.488281 0.542535
0.48877 0.543065
0.489258 0.543595
0.489746 0.544125
0.490234 0.544655
0.490723 0.545184
0.491211 0.545714
0.491699 0.546243
0.492188 0.546772
0.492676 0.547301
0.493164 0.547828
0.493652 0.548352
0.494141 0.548867
0.494629 0.549362
0.495117 0.549808
0.495605 0.550134
0.496094 0.550168
0.496582 0.549493
0.49707 0.547095
0.497559 0.540548
0.498047 0.52415
0.498535 0.485257
0.499023 0.399648
0.499512 0.236871
0.5 3.51116e-14
0.500488 -0.236871
0.500977 -0.399648
0.501465 -0.485257
0.501953 -0.52415
0.502441 -0.540548
0.50293 -0.547095
0.503418 -0.549493
0.503906 -0.550168
0.504395 -0.550134
0.504883 -0.549808
0.505371 -0.549362
0.505859 -0.548867
0.506348 -0.548352
0.506836 -0.547828
0.507324 -0.547301
0.507812 -0.546772
0.508301 -0.546243
0.508789 -0.545714
0.509277 -0.545184
0.509766 -0.544655
0.510254 -0.544125
0.510742 -0.543595
0.51123 -0.543065
0.511719 -0.542535
0.512207 -0.542006
0.512695 -0.541476
0.513184 -0.540946
0.513672 -0.540416
0.51416 -0.539886
0.514648 -0.539355
0.515137 -0.538825
0.515625 -0.538295
0.516113 -0.537765
0.516602 -0.537234
0.51709 -0.536704
0.517578 -0.536174
0.518066 -0.535643
0.518555 -0.535113
0.519043 -0.534582
0.519531 -0.534052
0.52002 -0.533521
0.520508 -0.53299
0.520996 -0.53246
0.521484 -0.531929
0.521973 -0.531398
0.522461 -0.530867
0.522949 -0.530336
0.523438 -0.529806
0.523926 -0.529275
0.524414 -0.528744
0.524902 -0.528213
0.525391 -0.527681
0.525879 -0.52715
0.526367 -0.526619
0.526855 -0.526088
0.527344 -0.525557
0.527832 -0.525025
0.52832 -0.524494
0.528809 -0.523963
0.529297 -0.523431
0.529785 -0.5229
0.530273 -0.522368
0.530762 -0.521837
0.53125 -0.521305
0.531738 -0.520774
0.532227 -0.520242
0.532715 -0.51971
0.533203 -0.519178
0.533691 -0.518647
0.53418 -0.518115
0.534668 -0.517583
0.535156 -0.517051
0.535645 -0.516519
0.536133 -0.515987
0.536621 -0.515455
0.537109 -0.514923
0.537598 -0.514391
0.538086 -0.513858
0.538574 -0.513326
0.539062 -0.512794
0.539551 -0.512262
0.540039 -0.511729
0.540527 -0.511197
0.541016 -0.510665
0.541504 -0.510132
0.541992 -0.5096
0.54248 -0.509067
0.542969 -0.508535
0.543457 -0.508002
0.543945 -0.507469
0.544434 -0.506937
0.544922 -0.506404
0.54541 -0.505871
0.545898 -0.505338
0.546387 -0.504805
0.546875 -0.504273
0.547363 -0.50374
0.547852 -0.503207
0.54834 -0.502674
0.548828 -0.502141
0.549316 -0.501608
0.549805 -0.501074
0.550293 -0.500541
0.550781 -0.500008
0.55127 -0.499475
0.551758 -0.498942
0.552246 -0.498408
0.552734 -0.497875
0.553223 -0.497342
0.553711 -0.496808
0.554199 -0.496275
0.554688 -0.495741
0.555176 -0.495208
0.555664 -0.494674
0.556152 -0.49414
0.556641 -0.493607
0.557129 -0.493073
0.557617 -0.492539
0.558105 -0.492006
0.558594 -0.491472
0.559082 -0.490938
0.55957 -0.490404
0.560059 -0.48987
0.560547 -0.489336
0.561035 -0.488802
0.561523 -0.488268
0.562012 -0.487734
0.5625 -0.4872
0.562988 -0.486666
0.563477 -0.486132
0.563965 -0.485597
0.564453 -0.485063
0.564941 -0.484529
0.56543 -0.483995
0.565918 -0.48346
0.566406 -0.482926
0.566895 -0.482391
0.567383 -0.481857
0.567871 -0.481322
0.568359 -0.480788
0.568848 -0.480253
0.569336 -0.479719
0.569824 -0.479184
0.570312 -0.478649
0.570801 -0.478115
0.571289 -0.47758
0.571777 -0.477045
0.572266 -0.47651
0.572754 -0.475975
0.573242 -0.475441
0.57373 -0.474906
0.574219 -0.474371
0.574707 -0.473836
0.575195 -0.473301
0.575684 -0.472765
0.576172 -0.47223
0.57666 -0.471695
0.577148 -0.47116
0.577637 -0.470625
0.578125 -0.47009
0.578613 -0.469554
0.579102 -0.469019
0.57959 -0.468484
0.580078 -0.467948
0.580566 -0.467413
0.581055 -0.466877
0.581543 -0.466342
0.582031 -0.465806
0.58252 -0.465271
0.583008 -0.464735
0.583496 -0.4642
0.583984 -0.463664
0.584473 -0.463128
0.584961 -0.462593
0.585449 -0.462057
0.585938 -0.461521
0.586426 -0.460985
0.586914 -0.460449
0.587402 -0.459913
0.587891 -0.459378
0.588379 -0.458842
0.588867 -0.458306
0.589355 -0.45777
0.589844 -0.457233
0.590332 -0.456697
0.59082 -0.456161
0.591309 -0.455625
0.591797 -0.455089
0.592285 -0.454553
0.592773 -0.454016
0.593262 -0.45348
0.59375 -0.452944
0.594238 -0.452407
0.594727 -0.451871
0.595215 -0.451335
0.595703 -0.450798
0.596191 -0.450262
0.59668 -0.449725
0.597168 -0.449189
0.597656 -0.448652
0.598145 -0.448115
0.598633 -0.447579
0.599121 -0.447042
0.599609 -0.446505
0.600098 -0.445969
0.600586 -0.445432
0.601074 -0.444895
0.601562 -0.444358
0.602051 -0.443821
0.602539 -0.443285
0.603027 -0.442748
0.603516 -0.442211
0.604004 -0.441674
0.604492 -0.441137
0.60498 -0.4406
0.605469 -0.440062
0.605957 -0.439525
0.606445 -0.438988
0.606934 -0.438451
0.607422 -0.437914
0.60791 -0.437377
0.608398 -0.436839
0.608887 -0.436302
0.609375 -0.435765
0.609863 -0.435227
0.610352 -0.43469
0.61084 -0.434153
0.611328 -0.433615
0.611816 -0.433078
0.612305 -0.43254
0.612793 -0.432003
0.613281 -0.431465
0.61377 -0.430927
0.614258 -0.43039
0.614746 -0.429852
0.615234 -0.429314
0.615723 -0.428777
0.616211 -0.428239
0.616699 -0.427701
0.617188 -0.427163
0.617676 -0.426625
0.618164 -0.426088
0.618652 -0.42555
0.619141 -0.425012
0.619629 -0.424474
0.620117 -0.423936
0.620605 -0.423398
0.621094 -0.42286
0.621582 -0.422322
0.62207 -0.421784
0.622559 -0.421245
0.623047 -0.420707
0.623535 -0.420169
0.624023 -0.419631
0.624512 -0.419093
0.625 -0.418554
0.625488 -0.418016
0.625977 -0.417478
0.626465 -0.416939
0.626953 -0.416401
0.627441 -0.415862
0.62793 -0.415324
0.628418 -0.414785
0.628906 -0.414247
0.629395 -0.413708
0.629883 -0.41317
0.630371 -0.412631
0.630859 -0.412093
0.631348 -0.411554
0.631836 -0.411015
0.632324 -0.410477
0.632812 -0.409938
0.633301 -0.409399
0.633789 -0.40886
0.634277 -0.408321
0.634766 -0.407783
0.635254 -0.407244
0.635742 -0.406705
0.63623 -0.406166
0.636719 -0.405627
0.637207 -0.405088
0.637695 -0.404549
0.638184 -0.40401
0.638672 -0.403471
0.63916 -0.402932
0.639648 -0.402393
0.640137 -0.401854
0.640625 -0.401314
0.641113 -0.400775
0.641602 -0.400236
0.64209 -0.399697
0.642578 -0.399157
0.643066 -0.398618
0.643555 -0.398079
0.644043 -0.397539
0.644531 -0.397
0.64502 -0.396461
0.645508 -0.395921
0.645996 -0.395382
0.646484 -0.394842
0.646973 -0.394303
0.647461 -0.393763
0.647949 -0.393224
0.648438 -0.392684
0.648926 -0.392144
0.649414 -0.391605
0.649902 -0.391065
0.650391 -0.390525
0.650879 -0.389986
0.651367 -0.389446
0.651855 -0.388906
0.652344 -0.388366
0.652832 -0.387826
0.65332 -0.387287
0.653809 -0.386747
0.654297 -0.386207
0.654785 -0.385667
0.655273 -0.385127
0.655762 -0.384587
0.65625 -0.384047
0.656738 -0.383507
0.657227 -0.382967
0.657715 -0.382427
0.658203 -0.381887
0.658691 -0.381346
0.65918 -0.380806
0.659668 -0.380266
0.660156 -0.379726
0.660645 -0.379186
0.661133 -0.378645
0.661621 -0.378105
0.662109 -0.377565
0.662598 -0.377024
0.663086 -0.376484
0.663574 -0.375944
0.664062 -0.375403
0.664551 -0.374863
0.665039 -0.374322
0.665527 -0.373782
0.666016 -0.373241
0.666504 -0.372701
0.666992 -0.37216
0.66748 -0.37162
0.667969 -0.371079
0.668457 -0.370538
0.668945 -0.369998
0.669434 -0.369457
0.669922 -0.368916
0.67041 -0.368376
0.670898 -0.367835
0.671387 -0.367294
0.671875 -0.366753
0.672363 -0.366213
0.672852 -0.365672
0.67334 -0.365131
0.673828 -0.36459
0.674316 -0.364049
0.674805 -0.363508
0.675293 -0.362967
0.675781 -0.362426
0.67627 -0.361885
0.676758 -0.361344
0.677246 -0.360803
0.677734 -0.360262
0.678223 -0.359721
0.678711 -0.35918
0.679199 -0.358639
0.679688 -0.358097
0.680176 -0.357556
0.680664 -0.357015
0.681152 -0.356474
0.681641 -0.355933
0.682129 -0.355391
0.682617 -0.35485
0.683105 -0.354309
0.683594 -0.353767
0.684082 -0.353226
0.68457 -0.352684
0.685059 -0.352143
0.685547 -0.351602
0.686035 -0.35106
0.686523 -0.350519
0.687012 -0.349977
0.6875 -0.349436
0.687988 -0.348894
0.688477 -0.348352
0.688965 -0.347811
0.689453 -0.347269
0.689941 -0.346728
0.69043 -0.346186
0.690918 -0.345644
0.691406 -0.345103
0.691895 -0.344561
0.692383 -0.344019
0.692871 -0.343477
0.693359 -0.342935
0.693848 -0.342394
0.694336 -0.341852
0.694824 -0.34131
0.695312 -0.340768
0.695801 -0.340226
0.696289 -0.339684
0.696777 -0.339142
0.697266 -0.3386
0.697754 -0.338058
0.698242 -0.337516
0.69873 -0.336974
0.699219 -0.336432
0.699707 -0.33589
0.700195 -0.335348
0.700684 -0.334806
0.701172 -0.334264
0.70166 -0.333722
0.702148 -0.333179
0.702637 -0.332637
0.703125 -0.332095
0.703613 -0.331553
0.704102 -0.331011
0.70459 -0.330468
0.705078 -0.329926
0.705566 -0.329384
0.706055 -0.328841
0.706543 -0.328299
0.707031 -0.327757
0.70752 -0.327214
0.708008 -0.326672
0.708496 -0.326129
0.708984 -0.325587
0.709473 -0.325044
0.709961 -0.324502
0.710449 -0.323959
0.710938 -0.323417
0.711426 -0.322874
0.711914 -0.322332
0.712402 -0.321789
0.712891 -0.321246
0.713379 -0.320704
0.713867 -0.320161
0.714355 -0.319618
0.714844 -0.319076
0.715332 -0.318533
0.71582 -0.31799
0.716309 -0.317447
0.716797 -0.316905
0.717285 -0.316362
0.717773 -0.315819
0.718262 -0.315276
0.71875 -0.314733
0.719238 -0.31419
0.719727 -0.313647
0.720215 -0.313105
0.720703 -0.312562
0.721191 -0.312019
0.72168 -0.311476
0.722168 -0.310933
0.722656 -0.31039
0.723145 -0.309847
0.723633 -0.309304
0.724121 -0.30876
0.724609 -0.308217
0.725098 -0.307674
0.725586 -0.307131
0.726074 -0.306588
0.726562 -0.306045
0.727051 -0.305502
0.727539 -0.304958
0.728027 -0.304415
0.728516 -0.303872
0.729004 -0.303329
0.729492 -0.302785
0.72998 -0.302242
0.730469 -0.301699
0.730957 -0.301155
0.731445 -0.300612
0.731934 -0.300069
0.732422 -0.299525
0.73291 -0.298982
0.733398 -0.298439
0.733887 -0.297895
0.734375 -0.297352
0.734863 -0.296808
0.735352 -0.296265
0.73584 -0.295721
0.736328 -0.295178
0.736816 -0.294634
0.737305 -0.29409
0.737793 -0.293547
0.738281 -0.293003
0.73877 -0.29246
0.739258 -0.291916
0.739746 -0.291372
0.740234 -0.290829
0.740723 -0.290285
0.741211 -0.289741
0.741699 -0.289197
0.742188 -0.288654
0.742676 -0.28811
0.743164 -0.287566
0.743652 -0.287022
0.744141 -0.286479
0.744629 -0.285935
0.745117 -0.285391
0.745605 -0.284847
0.746094 -0.284303
0.746582 -0.283759
0.74707 -0.283215
0.747559 -0.282671
0.748047 -0.282127
0.748535 -0.281583
0.749023 -0.281039
0.749512 -0.280495
0.75 -0.279951
0.750488 -0.279407
0.750977 -0.278863
0.751465 -0.278319
0.751953 -0.277775
0.752441 -0.277231
0.75293 -0.276687
0.753418 -0.276143
0.753906 -0.275599
0.754395 -0.275054
0.754883 -0.27451
0.755371 -0.273966
0.755859 -0.273422
0.756348 -0.272878
0.756836 -0.272333
0.757324 -0.271789
0.757812 -0.271245
0.758301 -0.270701
0.758789 -0.270156
0.759277 -0.269612
0.759766 -0.269068
0.760254 -0.268523
0.760742 -0.267979
0.76123 -0.267434
0.761719 -0.26689
0.762207 -0.266346
0.762695 -0.265801
0.763184 -0.265257
0.763672 -0.264712
0.76416 -0.264168
0.764648 -0.263623
0.765137 -0.263079
0.765625 -0.262534
0.766113 -0.26199
0.766602 -0.261445
0.76709 -0.2609
0.767578 -0.260356
0.768066 -0.259811
0.768555 -0.259267
0.769043 -0.258722
0.769531 -0.258177
0.77002 -0.257633
0.770508 -0.257088
0.770996 -0.256543
0.771484 -0.255998
0.771973 -0.255454
0.772461 -0.254909
0.772949 -0.254364
0.773438 -0.253819
0.773926 -0.253275
0.774414 -0.25273
0.774902 -0.252185
0.775391 -0.25164
0.775879 -0.251095
0.776367 -0.25055
0.776855 -0.250006
0.777344 -0.249461
0.777832 -0.248916
0.77832 -0.248371
0.778809 -0.247826
0.779297 -0.247281
0.779785 -0.246736
0.780273 -0.246191
0.780762 -0.245646
0.78125 -0.245101
0.781738 -0.244556
0.782227 -0.244011
0.782715 -0.243466
0.783203 -0.242921
0.783691 -0.242376
0.78418 -0.24183
0.784668 -0.241285
0.785156 -0.24074
0.785645 -0.240195
0.786133 -0.23965
0.786621 -0.239105
0.787109 -0.23856
0.787598 -0.238014
0.788086 -0.237469
0.788574 -0.236924
0.789062 -0.236379
0.789551 -0.235833
0.790039 -0.235288
0.790527 -0.234743
0.791016 -0.234198
0.791504 -0.233652
0.791992 -0.233107
0.79248 -0.232562
0.792969 -0.232016
0.793457 -0.231471
0.793945 -0.230926
0.794434 -0.23038
0.794922 -0.229835
0.79541 -0.229289
0.795898 -0.228744
0.796387 -0.228198
0.796875 -0.227653
0.797363 -0.227108
0.797852 -0.226562
0.79834 -0.226017
0.798828 -0.225471
0.799316 -0.224926
0.799805 -0.22438
0.800293 -0.223834
0.800781 -0.223289
0.80127 -0.222743
0.801758 -0.222198
0.802246 -0.221652
0.802734 -0.221106
0.803223 -0.220561
0.803711 -0.220015
0.804199 -0.21947
0.804688 -0.218924
0.805176 -0.218378
0.805664 -0.217833
0.806152 -0.217287
0.806641 -0.216741
0.807129 -0.216195
0.807617 -0.21565
0.808105 -0.215104
0.808594 -0.214558
0.809082 -0.214012
0.80957 -0.213467
0.810059 -0.212921
0.810547 -0.212375
0.811035 -0.211829
0.811523 -0.211283
0.812012 -0.210737
0.8125 -0.210192
0.812988 -0.209646
0.813477 -0.2091
0.813965 -0.208554
0.814453 -0.208008
0.814941 -0.207462
0.81543 -0.206916
0.815918 -0.20637
0.816406 -0.205824
0.816895 -0.205278
0.817383 -0.204732
0.817871 -0.204186
0.818359 -0.20364
0.818848 -0.203094
0.819336 -0.202548
0.819824 -0.202002
0.820312 -0.201456
0.820801 -0.20091
0.821289 -0.200364
0.821777 -0.199818
0.822266 -0.199272
0.822754 -0.198726
0.823242 -0.19818
0.82373 -0.197634
0.824219 -0.197087
0.824707 -0.196541
0.825195 -0.195995
0.825684 -0.195449
0.826172 -0.194903
0.82666 -0.194357
0.827148 -0.19381
0.827637 -0.193264
0.828125 -0.192718
0.828613 -0.192172
0.829102 -0.191626
0.82959 -0.191079
0.830078 -0.190533
0.830566 -0.189987
0.831055 -0.18944
0.831543 -0.188894
0.832031 -0.188348
0.83252 -0.187801
0.833008 -0.187255
0.833496 -0.186709
0.833984 -0.186162
0.834473 -0.185616
0.834961 -0.18507
0.835449 -0.184523
0.835938 -0.183977
0.836426 -0.183431
0.836914 -0.182884
0.837402 -0.182338
0.837891 -0.181791
0.838379 -0.181245
0.838867 -0.180698
0.839355 -0.180152
0.839844 -0.179605
0.840332 -0.179059
0.84082 -0.178512
0.841309 -0.177966
0.841797 -0.177419
0.842285 -0.176873
0.842773 -0.176326
0.843262 -0.17578
0.84375 -0.175233
0.844238 -0.174687
0.844727 -0.17414
0.845215 -0.173594
0.845703 -0.173047
0.846191 -0.1725
0.84668 -0.171954
0.847168 -0.171407
0.847656 -0.170861
0.848145 -0.170314
0.848633 -0.169767
0.849121 -0.169221
0.849609 -0.168674
0.850098 -0.168127
0.850586 -0.167581
0.851074 -0.167034
0.851562 -0.166487
0.852051 -0.165941
0.852539 -0.165394
0.853027 -0.164847
0.853516 -0.1643
0.854004 -0.163754
0.854492 -0.163207
0.85498 -0.16266
0.855469 -0.162113
0.855957 -0.161567
0.856445 -0.16102
0.856934 -0.160473
0.857422 -0.159926
0.85791 -0.15938
0.858398 -0.158833
0.858887 -0.158286
0.859375 -0.157739
0.859863 -0.157192
0.860352 -0.156645
0.86084 -0.156099
0.861328 -0.155552
0.861816 -0.155005
0.862305 -0.154458
0.862793 -0.153911
0.863281 -0.153364
0.86377 -0.152817
0.864258 -0.15227
0.864746 -0.151723
0.865234 -0.151177
0.865723 -0.15063
0.866211 -0.150083
0.866699 -0.149536
0.867188 -0.148989
0.867676 -0.148442
0.868164 -0.147895
0.868652 -0.147348
0.869141 -0.146801
0.869629 -0.146254
0.870117 -0.145707
0.870605 -0.14516
0.871094 -0.144613
0.871582 -0.144066
0.87207 -0.143519
0.872559 -0.142972
0.873047 -0.142425
0.873535 -0.141878
0.874023 -0.141331
0.874512 -0.140784
0.875 -0.140237
0.875488 -0.13969
0.875977 -0.139143
0.876465 -0.138596
0.876953 -0.138049
0.877441 -0.137502
0.87793 -0.136954
0.878418 -0.136407
0.878906 -0.13586
0.879395 -0.135313
0.879883 -0.134766
0.880371 -0.134219
0.880859 -0.133672
0.881348 -0.133125
0.881836 -0.132578
0.882324 -0.132031
0.882812 -0.131483
0.883301 -0.130936
0.883789 -0.130389
0.884277 -0.129842
0.884766 -0.129295
0.885254 -0.128748
0.885742 -0.128201
0.88623 -0.127653
0.886719 -0.127106
0.887207 -0.126559
0.887695 -0.126012
0.888184 -0.125465
0.888672 -0.124918
0.88916 -0.12437
0.889648 -0.123823
0.890137 -0.123276
0.890625 -0.122729
0.891113 -0.122182
0.891602 -0.121635
0.89209 -0.121087
0.892578 -0.12054
0.893066 -0.119993
0.893555 -0.119446
0.894043 -0.118899
0.894531 -0.118351
0.89502 -0.117804
0.895508 -0.117257
0.895996 -0.11671
0.896484 -0.116163
0.896973 -0.115615
0.897461 -0.115068
0.897949 -0.114521
0.898438 -0.113974
0.898926 -0.113426
0.899414 -0.112879
0.899902 -0.112332
0.900391 -0.111785
0.900879 -0.111238
0.901367 -0.11069
0.901855 -0.110143
0.902344 -0.109596
0.902832 -0.109049
0.90332 -0.108502
0.903809 -0.107954
0.904297 -0.107407
0.904785 -0.10686
0.905273 -0.106313
0.905762 -0.105765
0.90625 -0.105218
0.906738 -0.104671
0.907227 -0.104124
0.907715 -0.103577
0.908203 -0.103029
0.908691 -0.102482
0.90918 -0.101935
0.909668 -0.101388
0.910156 -0.10084
0.910645 -0.100293
0.911133 -0.0997461
0.911621 -0.0991989
0.912109 -0.0986517
0.912598 -0.0981045
0.913086 -0.0975573
0.913574 -0.0970101
0.914062 -0.0964629
0.914551 -0.0959157
0.915039 -0.0953685
0.915527 -0.0948213
0.916016 -0.0942742
0.916504 -0.093727
0.916992 -0.0931798
0.91748 -0.0926327
0.917969 -0.0920855
0.918457 -0.0915383
0.918945 -0.0909912
0.919434 -0.090444
0.919922 -0.0898969
0.92041 -0.0893497
0.920898 -0.0888026
0.921387 -0.0882555
0.921875 -0.0877083
0.922363 -0.0871612
0.922852 -0.0866141
0.92334 -0.086067
0.923828 -0.0855199
0.924316 -0.0849728
0.924805 -0.0844257
0.925293 -0.0838786
0.925781 -0.0833315
0.92627 -0.0827844
0.926758 -0.0822373
0.927246 -0.0816903
0.927734 -0.0811432
0.928223 -0.0805961
0.928711 -0.0800491
0.929199 -0.079502
0.929688 -0.078955
0.930176 -0.078408
0.930664 -0.077861
0.931152 -0.0773139
0.931641 -0.0767669
0.932129 -0.0762199
0.932617 -0.0756729
0.933105 -0.0751259
0.933594 -0.074579
0.934082 -0.074032
0.93457 -0.073485
0.935059 -0.0729381
0.935547 -0.0723911
0.936035 -0.0718442
0.936523 -0.0712972
0.937012 -0.0707503
0.9375 -0.0702034
0.937988 -0.0696565
0.938477 -0.0691096
0.938965 -0.0685627
0.939453 -0.0680158
0.939941 -0.0674689
0.94043 -0.0669221
0.940918 -0.0663752
0.941406 -0.0658284
0.941895 -0.0652815
0.942383 -0.0647347
0.942871 -0.0641879
0.943359 -0.0636411
0.943848 -0.0630943
0.944336 -0.0625475
0.944824 -0.0620007
0.945312 -0.0614539
0.945801 -0.0609072
0.946289 -0.0603604
0.946777 -0.0598137
0.947266 -0.0592669
0.947754 -0.0587202
0.948242 -0.0581735
0.94873 -0.0576268
0.949219 -0.0570801
0.949707 -0.0565334
0.950195 -0.0559868
0.950684 -0.0554401
0.951172 -0.0548934
0.95166 -0.0543468
0.952148 -0.0538002
0.952637 -0.0532535
0.953125 -0.0527069
0.953613 -0.0521603
0.954102 -0.0516137
0.95459 -0.0510671
0.955078 -0.0505206
0.955566 -0.049974
0.956055 -0.0494275
0.956543 -0.0488809
0.957031 -0.0483344
0.95752 -0.0477879
0.958008 -0.0472414
0.958496 -0.0466949
0.958984 -0.0461484
0.959473 -0.0456019
0.959961 -0.0450554
0.960449 -0.044509
0.960938 -0.0439625
0.961426 -0.0434161
0.961914 -0.0428697
0.962402 -0.0423232
0.962891 -0.0417768
0.963379 -0.0412304
0.963867 -0.0406841
0.964355 -0.0401377
0.964844 -0.0395913
0.965332 -0.039045
0.96582 -0.0384986
0.966309 -0.0379523
0.966797 -0.037406
0.967285 -0.0368596
0.967773 -0.0363133
0.968262 -0.035767
0.96875 -0.0352207
0.969238 -0.0346745
0.969727 -0.0341282
0.970215 -0.0335819
0.970703 -0.0330357
0.971191 -0.0324894
0.97168 -0.0319432
0.972168 -0.031397
0.972656 -0.0308508
0.973145 -0.0303046
0.973633 -0.0297584
0.974121 -0.0292122
0.974609 -0.028666
0.975098 -0.0281198
0.975586 -0.0275737
0.976074 -0.0270275
0.976562 -0.0264814
0.977051 -0.0259352
0.977539 -0.0253891
0.978027 -0.024843
0.978516 -0.0242969
0.979004 -0.0237507
0.979492 -0.0232046
0.97998 -0.0226585
0.980469 -0.0221125
0.980957 -0.0215664
0.981445 -0.0210203
0.981934 -0.0204742
0.982422 -0.0199282
0.98291 -0.0193821
0.983398 -0.0188361
0.983887 -0.01829
0.984375 -0.017744
0.984863 -0.017198
0.985352 -0.0166519
0.98584 -0.0161059
0.986328 -0.0155599
0.986816 -0.0150139
0.987305 -0.0144679
0.987793 -0.0139219
0.988281 -0.0133759
0.98877 -0.0128299
0.989258 -0.0122839
0.989746 -0.0117379
0.990234 -0.011192
0.990723 -0.010646
0.991211 -0.0101
0.991699 -0.00955406
0.992188 -0.0090081
0.992676 -0.00846214
0.993164 -0.00791618
0.993652 -0.00737022
0.994141 -0.00682427
0.994629 -0.00627832
0.995117 -0.00573237
0.995605 -0.00518643
0.996094 -0.00464048
0.996582 -0.00409454
0.99707 -0.0035486
0.997559 -0.00300266
0.998047 -0.00245672
0.998535 -0.00191078
0.999023 -0.00136484
0.999512 -0.000818905
1 -0.000272968
