0 0.000169715
0.000488281 0.000509146
0.000976562 0.000848576
0.00146484 0.00118801
0.00195312 0.00152744
0.00244141 0.00186687
0.00292969 0.0022063
0.00341797 0.00254573
0.00390625 0.00288516
0.00439453 0.00322459
0.00488281 0.00356402
0.00537109 0.00390346
0.00585938 0.00424289
0.00634766 0.00458232
0.00683594 0.00492175
0.00732422 0.00526119
0.0078125 0.00560062
0.00830078 0.00594005
0.00878906 0.00627949
0.00927734 0.00661892
0.00976562 0.00695836
0.0102539 0.0072978
0.0107422 0.00763723
0.0112305 0.00797667
0.0117188 0.00831611
0.012207 0.00865554
0.0126953 0.00899498
0.0131836 0.00933442
0.0136719 0.00967386
0.0141602 0.0100133
0.0146484 0.0103527
0.0151367 0.0106922
0.015625 0.0110316
0.0161133 0.0113711
0.0166016 0.0117105
0.0170898 0.01205
0.0175781 0.0123894
0.0180664 0.0127289
0.0185547 0.0130683
0.019043 0.0134078
0.0195312 0.0137472
0.0200195 0.0140867
0.0205078 0.0144261
0.0209961 0.0147656
0.0214844 0.015105
0.0219727 0.0154445
0.0224609 0.0157839
0.0229492 0.0161234
0.0234375 0.0164628
0.0239258 0.0168023
0.0244141 0.0171418
0.0249023 0.0174812
0.0253906 0.0178207
0.0258789 0.0181601
0.0263672 0.0184996
0.0268555 0.0188391
0.0273438 0.0191785
0.027832 0.019518
0.0283203 0.0198575
0.0288086 0.0201969
0.0292969 0.0205364
0.0297852 0.0208759
0.0302734 0.0212154
0.0307617 0.0215548
0.03125 0.0218943
0.0317383 0.0222338
0.0322266 0.0225733
0.0327148 0.0229128
0.0332031 0.0232522
0.0336914 0.0235917
0.0341797 0.0239312
0.034668 0.0242707
0.0351562 0.0246102
0.0356445 0.0249497
0.0361328 0.0252892
0.0366211 0.0256287
0.0371094 0.0259682
0.0375977 0.0263077
0.0380859 0.0266472
0.0385742 0.0269867
0.0390625 0.0273262
0.0395508 0.0276657
0.0400391 0.0280052
0.0405273 0.0283447
0.0410156 0.0286842
0.0415039 0.0290237
0.0419922 0.0293632
0.0424805 0.0297027
0.0429688 0.0300423
0.043457 0.0303818
0.0439453 0.0307213
0.0444336 0.0310608
0.0449219 0.0314004
0.0454102 0.0317399
0.0458984 0.0320794
0.0463867 0.0324189
0.046875 0.0327585
0.0473633 0.033098
0.0478516 0.0334375
0.0483398 0.0337771
0.0488281 0.0341166
0.0493164 0.0344562
0.0498047 0.0347957
0.050293 0.0351352
0.0507812 0.0354748
0.0512695 0.0358143
0.0517578 0.0361539
0.0522461 0.0364935
0.0527344 0.036833
0.0532227 0.0371726
0.0537109 0.0375121
0.0541992 0.0378517
0.0546875 0.0381913
0.0551758 0.0385308
0.0556641 0.0388704
0.0561523 0.03921
0.0566406 0.0395495
0.0571289 0.0398891
0.0576172 0.0402287
0.0581055 0.0405683
0.0585938 0.0409078
0.059082 0.0412474
0.0595703 0.041587
0.0600586 0.0419266
0.0605469 0.0422662
0.0610352 0.0426058
0.0615234 0.0429454
0.0620117 0.043285
0.0625 0.0436246
0.0629883 0.0439642
0.0634766 0.0443038
0.0639648 0.0446434
0.0644531 0.044983
0.0649414 0.0453226
0.0654297 0.0456622
0.065918 0.0460018
0.0664062 0.0463414
0.0668945 0.046681
0.0673828 0.0470207
0.0678711 0.0473603
0.0683594 0.0476999
0.0688477 0.0480395
0.0693359 0.0483792
0.0698242 0.0487188
0.0703125 0.0490584
0.0708008 0.0493981
0.0712891 0.0497377
0.0717773 0.0500773
0.0722656 0.050417
0.0727539 0.0507566
0.0732422 0.0510963
0.0737305 0.0514359
0.0742188 0.0517756
0.074707 0.0521152
0.0751953 0.0524549
0.0756836 0.0527945
0.0761719 0.0531342
0.0766602 0.0534739
0.0771484 0.0538135
0.0776367 0.0541532
0.078125 0.0544929
0.0786133 0.0548325
0.0791016 0.0551722
0.0795898 0.0555119
0.0800781 0.0558516
0.0805664 0.0561912
0.0810547 0.0565309
0.081543 0.0568706
0.0820312 0.0572103
0.0825195 0.05755
0.0830078 0.0578897
0.0834961 0.0582294
0.0839844 0.0585691
0.0844727 0.0589088
0.0849609 0.0592484
0.0854492 0.0595882
0.0859375 0.0599279
0.0864258 0.0602676
0.0869141 0.0606073
0.0874023 0.060947
0.0878906 0.0612867
0.0883789 0.0616264
0.0888672 0.0619661
0.0893555 0.0623058
0.0898438 0.0626456
0.090332 0.0629853
0.0908203 0.063325
0.0913086 0.0636647
0.0917969 0.0640045
0.0922852 0.0643442
0.0927734 0.0646839
0.0932617 0.0650237
0.09375 0.0653634
0.0942383 0.0657031
0.0947266 0.0660429
0.0952148 0.0663826
0.0957031 0.0667224
0.0961914 0.0670621
0.0966797 0.0674018
0.097168 0.0677416
0.0976562 0.0680814
0.0981445 0.0684211
0.0986328 0.0687609
0.0991211 0.0691006
0.0996094 0.0694404
0.100098 0.0697801
0.100586 0.0701199
0.101074 0.0704597
0.101562 0.0707994
0.102051 0.0711392
0.102539 0.071479
0.103027 0.0718187
0.103516 0.0721585
0.104004 0.0724983
0.104492 0.0728381
0.10498 0.0731779
0.105469 0.0735176
0.105957 0.0738574
0.106445 0.0741972
0.106934 0.074537
0.107422 0.0748768
0.10791 0.0752166
0.108398 0.0755564
0.108887 0.0758962
0.109375 0.0762359
0.109863 0.0765757
0.110352 0.0769155
0.11084 0.0772553
0.111328 0.0775951
0.111816 0.0779349
0.112305 0.0782748
0.112793 0.0786146
0.113281 0.0789544
0.11377 0.0792942
0.114258 0.079634
0.114746 0.0799738
0.115234 0.0803136
0.115723 0.0806534
0.116211 0.0809932
0.116699 0.0813331
0.117188 0.0816729
0.117676 0.0820127
0.118164 0.0823525
0.118652 0.0826923
0.119141 0.0830322
0.119629 0.083372
0.120117 0.0837118
0.120605 0.0840517
0.121094 0.0843915
0.121582 0.0847313
0.12207 0.0850711
0.122559 0.085411
0.123047 0.0857508
0.123535 0.0860906
0.124023 0.0864305
0.124512 0.0867703
0.125 0.0871102
0.125488 0.08745
0.125977 0.0877898
0.126465 0.0881297
0.126953 0.0884695
0.127441 0.0888094
0.12793 0.0891492
0.128418 0.0894891
0.128906 0.0898289
0.129395 0.0901688
0.129883 0.0905086
0.130371 0.0908485
0.130859 0.0911883
0.131348 0.0915282
0.131836 0.091868
0.132324 0.0922079
0.132812 0.0925477
0.133301 0.0928876
0.133789 0.0932275
0.134277 0.0935673
0.134766 0.0939072
0.135254 0.094247
0.135742 0.0945869
0.13623 0.0949268
0.136719 0.0952666
0.137207 0.0956065
0.137695 0.0959463
0.138184 0.0962862
0.138672 0.0966261
0.13916 0.0969659
0.139648 0.0973058
0.140137 0.0976457
0.140625 0.0979855
0.141113 0.0983254
0.141602 0.0986653
0.14209 0.0990051
0.142578 0.099345
0.143066 0.0996849
0.143555 0.100025
0.144043 0.100365
0.144531 0.100705
0.14502 0.101044
0.145508 0.101384
0.145996 0.101724
0.146484 0.102064
0.146973 0.102404
0.147461 0.102744
0.147949 0.103084
0.148438 0.103423
0.148926 0.103763
0.149414 0.104103
0.149902 0.104443
0.150391 0.104783
0.150879 0.105123
0.151367 0.105463
0.151855 0.105803
0.152344 0.106143
0.152832 0.106482
0.15332 0.106822
0.153809 0.107162
0.154297 0.107502
0.154785 0.107842
0.155273 0.108182
0.155762 0.108522
0.15625 0.108862
0.156738 0.109201
0.157227 0.109541
0.157715 0.109881
0.158203 0.110221
0.158691 0.110561
0.15918 0.110901
0.159668 0.111241
0.160156 0.111581
0.160645 0.11192
0.161133 0.11226
0.161621 0.1126
0.162109 0.11294
0.162598 0.11328
0.163086 0.11362
0.163574 0.11396
0.164062 0.1143
0.164551 0.114639
0.165039 0.114979
0.165527 0.115319
0.166016 0.115659
0.166504 0.115999
0.166992 0.116339
0.16748 0.116679
0.167969 0.117019
0.168457 0.117358
0.168945 0.117698
0.169434 0.118038
0.169922 0.118378
0.17041 0.118718
0.170898 0.119058
0.171387 0.119398
0.171875 0.119738
0.172363 0.120077
0.172852 0.120417
0.17334 0.120757
0.173828 0.121097
0.174316 0.121437
0.174805 0.121777
0.175293 0.122117
0.175781 0.122457
0.17627 0.122796
0.176758 0.123136
0.177246 0.123476
0.177734 0.123816
0.178223 0.124156
0.178711 0.124496
0.179199 0.124836
0.179688 0.125175
0.180176 0.125515
0.180664 0.125855
0.181152 0.126195
0.181641 0.126535
0.182129 0.126875
0.182617 0.127215
0.183105 0.127554
0.183594 0.127894
0.184082 0.128234
0.18457 0.128574
0.185059 0.128914
0.185547 0.129254
0.186035 0.129594
0.186523 0.129933
0.187012 0.130273
0.1875 0.130613
0.187988 0.130953
0.188477 0.131293
0.188965 0.131633
0.189453 0.131973
0.189941 0.132312
0.19043 0.132652
0.190918 0.132992
0.191406 0.133332
0.191895 0.133672
0.192383 0.134012
0.192871 0.134351
0.193359 0.134691
0.193848 0.135031
0.194336 0.135371
0.194824 0.135711
0.195312 0.136051
0.195801 0.13639
0.196289 0.13673
0.196777 0.13707
0.197266 0.13741
0.197754 0.13775
0.198242 0.13809
0.19873 0.138429
0.199219 0.138769
0.199707 0.139109
0.200195 0.139449
0.200684 0.139789
0.201172 0.140129
0.20166 0.140468
0.202148 0.140808
0.202637 0.141148
0.203125 0.141488
0.203613 0.141828
0.204102 0.142167
0.20459 0.142507
0.205078 0.142847
0.205566 0.143187
0.206055 0.143527
0.206543 0.143866
0.207031 0.144206
0.20752 0.144546
0.208008 0.144886
0.208496 0.145226
0.208984 0.145565
0.209473 0.145905
0.209961 0.146245
0.210449 0.146585
0.210938 0.146925
0.211426 0.147264
0.211914 0.147604
0.212402 0.147944
0.212891 0.148284
0.213379 0.148624
0.213867 0.148963
0.214355 0.149303
0.214844 0.149643
0.215332 0.149983
0.21582 0.150322
0.216309 0.150662
0.216797 0.151002
0.217285 0.151342
0.217773 0.151682
0.218262 0.152021
0.21875 0.152361
0.219238 0.152701
0.219727 0.153041
0.220215 0.15338
0.220703 0.15372
0.221191 0.15406
0.22168 0.1544
0.222168 0.154739
0.222656 0.155079
0.223145 0.155419
0.223633 0.155759
0.224121 0.156098
0.224609 0.156438
0.225098 0.156778
0.225586 0.157118
0.226074 0.157457
0.226562 0.157797
0.227051 0.158137
0.227539 0.158477
0.228027 0.158816
0.228516 0.159156
0.229004 0.159496
0.229492 0.159835
0.22998 0.160175
0.230469 0.160515
0.230957 0.160855
0.231445 0.161194
0.231934 0.161534
0.232422 0.161874
0.23291 0.162213
0.233398 0.162553
0.233887 0.162893
0.234375 0.163233
0.234863 0.163572
0.235352 0.163912
0.23584 0.164252
0.236328 0.164591
0.236816 0.164931
0.237305 0.165271
0.237793 0.16561
0.238281 0.16595
0.23877 0.16629
0.239258 0.16663
0.239746 0.166969
0.240234 0.167309
0.240723 0.167649
0.241211 0.167988
0.241699 0.168328
0.242188 0.168668
0.242676 0.169007
0.243164 0.169347
0.243652 0.169687
0.244141 0.170026
0.244629 0.170366
0.245117 0.170706
0.245605 0.171045
0.246094 0.171385
0.246582 0.171725
0.24707 0.172064
0.247559 0.172404
0.248047 0.172744
0.248535 0.173083
0.249023 0.173423
0.249512 0.173763
0.25 0.174102
0.250488 0.174442
0.250977 0.174781
0.251465 0.175121
0.251953 0.175461
0.252441 0.1758
0.25293 0.17614
0.253418 0.17648
0.253906 0.176819
0.254395 0.177159
0.254883 0.177498
0.255371 0.177838
0.255859 0.178178
0.256348 0.178517
0.256836 0.178857
0.257324 0.179196
0.257812 0.179536
0.258301 0.179876
0.258789 0.180215
0.259277 0.180555
0.259766 0.180894
0.260254 0.181234
0.260742 0.181574
0.26123 0.181913
0.261719 0.182253
0.262207 0.182592
0.262695 0.182932
0.263184 0.183272
0.263672 0.183611
0.26416 0.183951
0.264648 0.18429
0.265137 0.18463
0.265625 0.184969
0.266113 0.185309
0.266602 0.185649
0.26709 0.185988
0.267578 0.186328
0.268066 0.186667
0.268555 0.187007
0.269043 0.187346
0.269531 0.187686
0.27002 0.188025
0.270508 0.188365
0.270996 0.188705
0.271484 0.189044
0.271973 0.189384
0.272461 0.189723
0.272949 0.190063
0.273438 0.190402
0.273926 0.190742
0.274414 0.191081
0.274902 0.191421
0.275391 0.19176
0.275879 0.1921
0.276367 0.192439
0.276855 0.192779
0.277344 0.193118
0.277832 0.193458
0.27832 0.193797
0.278809 0.194137
0.279297 0.194476
0.279785 0.194816
0.280273 0.195155
0.280762 0.195495
0.28125 0.195834
0.281738 0.196174
0.282227 0.196513
0.282715 0.196853
0.283203 0.197192
0.283691 0.197532
0.28418 0.197871
0.284668 0.198211
0.285156 0.19855
0.285645 0.19889
0.286133 0.199229
0.286621 0.199568
0.287109 0.199908
0.287598 0.200247
0.288086 0.200587
0.288574 0.200926
0.289062 0.201266
0.289551 0.201605
0.290039 0.201945
0.290527 0.202284
0.291016 0.202623
0.291504 0.202963
0.291992 0.203302
0.29248 0.203642
0.292969 0.203981
0.293457 0.204321
0.293945 0.20466
0.294434 0.204999
0.294922 0.205339
0.29541 0.205678
0.295898 0.206018
0.296387 0.206357
0.296875 0.206696
0.297363 0.207036
0.297852 0.207375
0.29834 0.207715
0.298828 0.208054
0.299316 0.208393
0.299805 0.208733
0.300293 0.209072
0.300781 0.209411
0.30127 0.209751
0.301758 0.21009
0.302246 0.21043
0.302734 0.210769
0.303223 0.211108
0.303711 0.211448
0.304199 0.211787
0.304688 0.212126
0.305176 0.212466
0.305664 0.212805
0.306152 0.213144
0.306641 0.213484
0.307129 0.213823
0.307617 0.214162
0.308105 0.214502
0.308594 0.214841
0.309082 0.21518
0.30957 0.21552
0.310059 0.215859
0.310547 0.216198
0.311035 0.216538
0.311523 0.216877
0.312012 0.217216
0.3125 0.217556
0.312988 0.217895
0.313477 0.218234
0.313965 0.218574
0.314453 0.218913
0.314941 0.219252
0.31543 0.219591
0.315918 0.219931
0.316406 0.22027
0.316895 0.220609
0.317383 0.220949
0.317871 0.221288
0.318359 0.221627
0.318848 0.221966
0.319336 0.222306
0.319824 0.222645
0.320312 0.222984
0.320801 0.223323
0.321289 0.223663
0.321777 0.224002
0.322266 0.224341
0.322754 0.22468
0.323242 0.22502
0.32373 0.225359
0.324219 0.225698
0.324707 0.226037
0.325195 0.226377
0.325684 0.226716
0.326172 0.227055
0.32666 0.227394
0.327148 0.227733
0.327637 0.228073
0.328125 0.228412
0.328613 0.228751
0.329102 0.22909
0.32959 0.229429
0.330078 0.229769
0.330566 0.230108
0.331055 0.230447
0.331543 0.230786
0.332031 0.231125
0.33252 0.231465
0.333008 0.231804
0.333496 0.232143
0.333984 0.232482
0.334473 0.232821
0.334961 0.23316
0.335449 0.2335
0.335938 0.233839
0.336426 0.234178
0.336914 0.234517
0.337402 0.234856
0.337891 0.235195
0.338379 0.235534
0.338867 0.235874
0.339355 0.236213
0.339844 0.236552
0.340332 0.236891
0.34082 0.23723
0.341309 0.237569
0.341797 0.237908
0.342285 0.238247
0.342773 0.238587
0.343262 0.238926
0.34375 0.239265
0.344238 0.239604
0.344727 0.239943
0.345215 0.240282
0.345703 0.240621
0.346191 0.24096
0.34668 0.241299
0.347168 0.241638
0.347656 0.241977
0.348145 0.242316
0.348633 0.242656
0.349121 0.242995
0.349609 0.243334
0.350098 0.243673
0.350586 0.244012
0.351074 0.244351
0.351562 0.24469
0.352051 0.245029
0.352539 0.245368
0.353027 0.245707
0.353516 0.246046
0.354004 0.246385
0.354492 0.246724
0.35498 0.247063
0.355469 0.247402
0.355957 0.247741
0.356445 0.24808
0.356934 0.248419
0.357422 0.248758
0.35791 0.249097
0.358398 0.249436
0.358887 0.249775
0.359375 0.250114
0.359863 0.250453
0.360352 0.250792
0.36084 0.251131
0.361328 0.25147
0.361816 0.251809
0.362305 0.252148
0.362793 0.252487
0.363281 0.252826
0.36377 0.253165
0.364258 0.253504
0.364746 0.253843
0.365234 0.254182
0.365723 0.254521
0.366211 0.25486
0.366699 0.255199
0.367188 0.255538
0.367676 0.255877
0.368164 0.256215
0.368652 0.256554
0.369141 0.256893
0.369629 0.257232
0.370117 0.257571
0.370605 0.25791
0.371094 0.258249
0.371582 0.258588
0.37207 0.258927
0.372559 0.259266
0.373047 0.259605
0.373535 0.259943
0.374023 0.260282
0.374512 0.260621
0.375 0.26096
0.375488 0.261299
0.375977 0.261638
0.376465 0.261977
0.376953 0.262316
0.377441 0.262654
0.37793 0.262993
0.378418 0.263332
0.378906 0.263671
0.379395 0.26401
0.379883 0.264349
0.380371 0.264687
0.380859 0.265026
0.381348 0.265365
0.381836 0.265704
0.382324 0.266043
0.382812 0.266382
0.383301 0.26672
0.383789 0.267059
0.384277 0.267398
0.384766 0.267737
0.385254 0.268076
0.385742 0.268414
0.38623 0.268753
0.386719 0.269092
0.387207 0.269431
0.387695 0.26977
0.388184 0.270108
0.388672 0.270447
0.38916 0.270786
0.389648 0.271125
0.390137 0.271463
0.390625 0.271802
0.391113 0.272141
0.391602 0.27248
0.39209 0.272818
0.392578 0.273157
0.393066 0.273496
0.393555 0.273835
0.394043 0.274173
0.394531 0.274512
0.39502 0.274851
0.395508 0.275189
0.395996 0.275528
0.396484 0.275867
0.396973 0.276206
0.397461 0.276544
0.397949 0.276883
0.398438 0.277222
0.398926 0.27756
0.399414 0.277899
0.399902 0.278238
0.400391 0.278576
0.400879 0.278915
0.401367 0.279254
0.401855 0.279592
0.402344 0.279931
0.402832 0.28027
0.40332 0.280608
0.403809 0.280947
0.404297 0.281286
0.404785 0.281624
0.405273 0.281963
0.405762 0.282302
0.40625 0.28264
0.406738 0.282979
0.407227 0.283317
0.407715 0.283656
0.408203 0.283995
0.408691 0.284333
0.40918 0.284672
0.409668 0.28501
0.410156 0.285349
0.410645 0.285688
0.411133 0.286026
0.411621 0.286365
0.412109 0.286703
0.412598 0.287042
0.413086 0.287381
0.413574 0.287719
0.414062 0.288058
0.414551 0.288396
0.415039 0.288735
0.415527 0.289073
0.416016 0.289412
0.416504 0.28975
0.416992 0.290089
0.41748 0.290427
0.417969 0.290766
0.418457 0.291105
0.418945 0.291443
0.419434 0.291782
0.419922 0.29212
0.42041 0.292459
0.420898 0.292797
0.421387 0.293136
0.421875 0.293474
0.422363 0.293813
0.422852 0.294151
0.42334 0.29449
0.423828 0.294828
0.424316 0.295166
0.424805 0.295505
0.425293 0.295843
0.425781 0.296182
0.42627 0.29652
0.426758 0.296859
0.427246 0.297197
0.427734 0.297536
0.428223 0.297874
0.428711 0.298213
0.429199 0.298551
0.429688 0.298889
0.430176 0.299228
0.430664 0.299566
0.431152 0.299905
0.431641 0.300243
0.432129 0.300581
0.432617 0.30092
0.433105 0.301258
0.433594 0.301597
0.434082 0.301935
0.43457 0.302273
0.435059 0.302612
0.435547 0.30295
0.436035 0.303288
0.436523 0.303627
0.437012 0.303965
0.4375 0.304304
0.437988 0.304642
0.438477 0.30498
0.438965 0.305319
0.439453 0.305657
0.439941 0.305995
0.44043 0.306334
0.440918 0.306672
0.441406 0.30701
0.441895 0.307348
0.442383 0.307687
0.442871 0.308025
0.443359 0.308363
0.443848 0.308702
0.444336 0.30904
0.444824 0.309378
0.445312 0.309717
0.445801 0.310055
0.446289 0.310393
0.446777 0.310731
0.447266 0.31107
0.447754 0.311408
0.448242 0.311746
0.44873 0.312084
0.449219 0.312423
0.449707 0.312761
0.450195 0.313099
0.450684 0.313437
0.451172 0.313776
0.45166 0.314114
0.452148 0.314452
0.452637 0.31479
0.453125 0.315128
0.453613 0.315467
0.454102 0.315805
0.45459 0.316143
0.455078 0.316481
0.455566 0.316819
0.456055 0.317158
0.456543 0.317496
0.457031 0.317834
0.45752 0.318172
0.458008 0.31851
0.458496 0.318848
0.458984 0.319186
0.459473 0.319525
0.459961 0.319863
0.460449 0.320201
0.460938 0.320539
0.461426 0.320877
0.461914 0.321215
0.462402 0.321553
0.462891 0.321891
0.463379 0.32223
0.463867 0.322568
0.464355 0.322906
0.464844 0.323244
0.465332 0.323582
0.46582 0.32392
0.466309 0.324258
0.466797 0.324596
0.467285 0.324934
0.467773 0.325272
0.468262 0.32561
0.46875 0.325948
0.469238 0.326286
0.469727 0.326625
0.470215 0.326963
0.470703 0.327301
0.471191 0.327639
0.47168 0.327977
0.472168 0.328315
0.472656 0.328653
0.473145 0.328991
0.473633 0.329329
0.474121 0.329667
0.474609 0.330005
0.475098 0.330343
0.475586 0.330681
0.476074 0.331019
0.476562 0.331357
0.477051 0.331695
0.477539 0.332033
0.478027 0.33237
0.478516 0.332708
0.479004 0.333046
0.479492 0.333384
0.47998 0.333722
0.480469 0.33406
0.480957 0.334398
0.481445 0.334736
0.481934 0.335074
0.482422 0.335412
0.48291 0.33575
0.483398 0.336088
0.483887 0.336426
0.484375 0.336763
0.484863 0.337101
0.485352 0.337439
0.48584 0.337777
0.486328 0.338115
0.486816 0.338453
0.487305 0.33879
0.487793 0.339128
0.488281 0.339465
0.48877 0.339803
0.489258 0.340139
0.489746 0.340475
0.490234 0.340809
0.490723 0.341141
0.491211 0.341467
0.491699 0.341785
0.492188 0.342087
0.492676 0.342363
0.493164 0.342592
0.493652 0.342738
0.494141 0.342739
0.494629 0.342485
0.495117 0.341784
0.495605 0.3403
0.496094 0.337455
0.496582 0.332262
0.49707 0.323077
0.497559 0.307275
0.498047 0.280989
0.498535 0.239307
0.499023 0.177763
0.499512 0.0957141
0.5 1.82705e-14
0.500488 -0.0957141
0.500977 -0.177763
0.501465 -0.239307
0.501953 -0.280989
0.502441 -0.307275
0.50293 -0.323077
0.503418 -0.332262
0.503906 -0.337455
0.504395 -0.3403
0.504883 -0.341784
0.505371 -0.342485
0.505859 -0.342739
0.506348 -0.342738
0.506836 -0.342592
0.507324 -0.342363
0.507812 -0.342087
0.508301 -0.341785
0.508789 -0.341467
0.509277 -0.341141
0.509766 -0.340809
0.510254 -0.340475
0.510742 -0.340139
0.51123 -0.339803
0.511719 -0.339465
0.512207 -0.339128
0.512695 -0.33879
0.513184 -0.338453
0.513672 -0.338115
0.51416 -0.337777
0.514648 -0.337439
0.515137 -0.337101
0.515625 -0.336763
0.516113 -0.336426
0.516602 -0.336088
0.51709 -0.33575
0.517578 -0.335412
0.518066 -0.335074
0.518555 -0.334736
0.519043 -0.334398
0.519531 -0.33406
0.52002 -0.333722
0.520508 -0.333384
0.520996 -0.333046
0.521484 -0.332708
0.521973 -0.33237
0.522461 -0.332033
0.522949 -0.331695
0.523438 -0.331357
0.523926 -0.331019
0.524414 -0.330681
0.524902 -0.330343
0.525391 -0.330005
0.525879 -0.329667
0.526367 -0.329329
0.526855 -0.328991
0.527344 -0.328653
0.527832 -0.328315
0.52832 -0.327977
0.528809 -0.327639
0.529297 -0.327301
0.529785 -0.326963
0.530273 -0.326625
0.530762 -0.326286
0.53125 -0.325948
0.531738 -0.32561
0.532227 -0.325272
0.532715 -0.324934
0.533203 -0.324596
0.533691 -0.324258
0.53418 -0.32392
0.534668 -0.323582
0.535156 -0.323244
0.535645 -0.322906
0.536133 -0.322568
0.536621 -0.32223
0.537109 -0.321891
0.537598 -0.321553
0.538086 -0.321215
0.538574 -0.320877
0.539062 -0.320539
0.539551 -0.320201
0.540039 -0.319863
0.540527 -0.319525
0.541016 -0.319186
0.541504 -0.318848
0.541992 -0.31851
0.54248 -0.318172
0.542969 -0.317834
0.543457 -0.317496
0.543945 -0.317158
0.544434 -0.316819
0.544922 -0.316481
0.54541 -0.316143
0.545898 -0.315805
0.546387 -0.315467
0.546875 -0.315128
0.547363 -0.31479
0.547852 -0.314452
0.54834 -0.314114
0.548828 -0.313776
0.549316 -0.313437
0.549805 -0.313099
0.550293 -0.312761
0.550781 -0.312423
0.55127 -0.312084
0.551758 -0.311746
0.552246 -0.311408
0.552734 -0.31107
0.553223 -0.310731
0.553711 -0.310393
0.554199 -0.310055
0.554688 -0.309717
0.555176 -0.309378
0.555664 -0.30904
0.556152 -0.308702
0.556641 -0.308363
0.557129 -0.308025
0.557617 -0.307687
0.558105 -0.307348
0.558594 -0.30701
0.559082 -0.306672
0.55957 -0.306334
0.560059 -0.305995
0.560547 -0.305657
0.561035 -0.305319
0.561523 -0.30498
0.562012 -0.304642
0.5625 -0.304304
0.562988 -0.303965
0.563477 -0.303627
0.563965 -0.303288
0.564453 -0.30295
0.564941 -0.302612
0.56543 -0.302273
0.565918 -0.301935
0.566406 -0.301597
0.566895 -0.301258
0.567383 -0.30092
0.567871 -0.300581
0.568359 -0.300243
0.568848 -0.299905
0.569336 -0.299566
0.569824 -0.299228
0.570312 -0.298889
0.570801 -0.298551
0.571289 -0.298213
0.571777 -0.297874
0.572266 -0.297536
0.572754 -0.297197
0.573242 -0.296859
0.57373 -0.29652
0.574219 -0.296182
0.574707 -0.295843
0.575195 -0.295505
0.575684 -0.295166
0.576172 -0.294828
0.57666 -0.29449
0.577148 -0.294151
0.577637 -0.293813
0.578125 -0.293474
0.578613 -0.293136
0.579102 -0.292797
0.57959 -0.292459
0.580078 -0.29212
0.580566 -0.291782
0.581055 -0.291443
0.581543 -0.291105
0.582031 -0.290766
0.58252 -0.290427
0.583008 -0.290089
0.583496 -0.28975
0.583984 -0.289412
0.584473 -0.289073
0.584961 -0.288735
0.585449 -0.288396
0.585938 -0.288058
0.586426 -0.287719
0.586914 -0.287381
0.587402 -0.287042
0.587891 -0.286703
0.588379 -0.286365
0.588867 -0.286026
0.589355 -0.285688
0.589844 -0.285349
0.590332 -0.28501
0.59082 -0.284672
0.591309 -0.284333
0.591797 -0.283995
0.592285 -0.283656
0.592773 -0.283317
0.593262 -0.282979
0.59375 -0.28264
0.594238 -0.282302
0.594727 -0.281963
0.595215 -0.281624
0.595703 -0.281286
0.596191 -0.280947
0.59668 -0.280608
0.597168 -0.28027
0.597656 -0.279931
0.598145 -0.279592
0.598633 -0.279254
0.599121 -0.278915
0.599609 -0.278576
0.600098 -0.278238
0.600586 -0.277899
0.601074 -0.27756
0.601562 -0.277222
0.602051 -0.276883
0.602539 -0.276544
0.603027 -0.276206
0.603516 -0.275867
0.604004 -0.275528
0.604492 -0.275189
0.60498 -0.274851
0.605469 -0.274512
0.605957 -0.274173
0.606445 -0.273835
0.606934 -0.273496
0.607422 -0.273157
0.60791 -0.272818
0.608398 -0.27248
0.608887 -0.272141
0.609375 -0.271802
0.609863 -0.271463
0.610352 -0.271125
0.61084 -0.270786
0.611328 -0.270447
0.611816 -0.270108
0.612305 -0.26977
0.612793 -0.269431
0.613281 -0.269092
0.61377 -0.268753
0.614258 -0.268414
0.614746 -0.268076
0.615234 -0.267737
0.615723 -0.267398
0.616211 -0.267059
0.616699 -0.26672
0.617188 -0.266382
0.617676 -0.266043
0.618164 -0.265704
0.618652 -0.265365
0.619141 -0.265026
0.619629 -0.264687
0.620117 -0.264349
0.620605 -0.26401
0.621094 -0.263671
0.621582 -0.263332
0.62207 -0.262993
0.622559 -0.262654
0.623047 -0.262316
0.623535 -0.261977
0.624023 -0.261638
0.624512 -0.261299
0.625 -0.26096
0.625488 -0.260621
0.625977 -0.260282
0.626465 -0.259943
0.626953 -0.259605
0.627441 -0.259266
0.62793 -0.258927
0.628418 -0.258588
0.628906 -0.258249
0.629395 -0.25791
0.629883 -0.257571
0.630371 -0.257232
0.630859 -0.256893
0.631348 -0.256554
0.631836 -0.256215
0.632324 -0.255877
0.632812 -0.255538
0.633301 -0.255199
0.633789 -0.25486
0.634277 -0.254521
0.634766 -0.254182
0.635254 -0.253843
0.635742 -0.253504
0.63623 -0.253165
0.636719 -0.252826
0.637207 -0.252487
0.637695 -0.252148
0.638184 -0.251809
0.638672 -0.25147
0.63916 -0.251131
0.639648 -0.250792
0.640137 -0.250453
0.640625 -0.250114
0.641113 -0.249775
0.641602 -0.249436
0.64209 -0.249097
0.642578 -0.248758
0.643066 -0.248419
0.643555 -0.24808
0.644043 -0.247741
0.644531 -0.247402
0.64502 -0.247063
0.645508 -0.246724
0.645996 -0.246385
0.646484 -0.246046
0.646973 -0.245707
0.647461 -0.245368
0.647949 -0.245029
0.648438 -0.24469
0.648926 -0.244351
0.649414 -0.244012
0.649902 -0.243673
0.650391 -0.243334
0.650879 -0.242995
0.651367 -0.242656
0.651855 -0.242316
0.652344 -0.241977
0.652832 -0.241638
0.65332 -0.241299
0.653809 -0.24096
0.654297 -0.240621
0.654785 -0.240282
0.655273 -0.239943
0.655762 -0.239604
0.65625 -0.239265
0.656738 -0.238926
0.657227 -0.238587
0.657715 -0.238247
0.658203 -0.237908
0.658691 -0.237569
0.65918 -0.23723
0.659668 -0.236891
0.660156 -0.236552
0.660645 -0.236213
0.661133 -0.235874
0.661621 -0.235534
0.662109 -0.235195
0.662598 -0.234856
0.663086 -0.234517
0.663574 -0.234178
0.664062 -0.233839
0.664551 -0.2335
0.665039 -0.23316
0.665527 -0.232821
0.666016 -0.232482
0.666504 -0.232143
0.666992 -0.231804
0.66748 -0.231465
0.667969 -0.231125
0.668457 -0.230786
0.668945 -0.230447
0.669434 -0.230108
0.669922 -0.229769
0.67041 -0.229429
0.670898 -0.22909
0.671387 -0.228751
0.671875 -0.228412
0.672363 -0.228073
0.672852 -0.227733
0.67334 -0.227394
0.673828 -0.227055
0.674316 -0.226716
0.674805 -0.226377
0.675293 -0.226037
0.675781 -0.225698
0.67627 -0.225359
0.676758 -0.22502
0.677246 -0.22468
0.677734 -0.224341
0.678223 -0.224002
0.678711 -0.223663
0.679199 -0.223323
0.679688 -0.222984
0.680176 -0.222645
0.680664 -0.222306
0.681152 -0.221966
0.681641 -0.221627
0.682129 -0.221288
0.682617 -0.220949
0.683105 -0.220609
0.683594 -0.22027
0.684082 -0.219931
0.68457 -0.219591
0.685059 -0.219252
0.685547 -0.218913
0.686035 -0.218574
0.686523 -0.218234
0.687012 -0.217895
0.6875 -0.217556
0.687988 -0.217216
0.688477 -0.216877
0.688965 -0.216538
0.689453 -0.216198
0.689941 -0.215859
0.69043 -0.21552
0.690918 -0.21518
0.691406 -0.214841
0.691895 -0.214502
0.692383 -0.214162
0.692871 -0.213823
0.693359 -0.213484
0.693848 -0.213144
0.694336 -0.212805
0.694824 -0.212466
0.695312 -0.212126
0.695801 -0.211787
0.696289 -0.211448
0.696777 -0.211108
0.697266 -0.210769
0.697754 -0.21043
0.698242 -0.21009
0.69873 -0.209751
0.699219 -0.209411
0.699707 -0.209072
0.700195 -0.208733
0.700684 -0.208393
0.701172 -0.208054
0.70166 -0.207715
0.702148 -0.207375
0.702637 -0.207036
0.703125 -0.206696
0.703613 -0.206357
0.704102 -0.206018
0.70459 -0.205678
0.705078 -0.205339
0.705566 -0.204999
0.706055 -0.20466
0.706543 -0.204321
0.707031 -0.203981
0.70752 -0.203642
0.708008 -0.203302
0.708496 -0.202963
0.708984 -0.202623
0.709473 -0.202284
0.709961 -0.201945
0.710449 -0.201605
0.710938 -0.201266
0.711426 -0.200926
0.711914 -0.200587
0.712402 -0.200247
0.712891 -0.199908
0.713379 -0.199568
0.713867 -0.199229
0.714355 -0.19889
0.714844 -0.19855
0.715332 -0.198211
0.71582 -0.197871
0.716309 -0.197532
0.716797 -0.197192
0.717285 -0.196853
0.717773 -0.196513
0.718262 -0.196174
0.71875 -0.195834
0.719238 -0.195495
0.719727 -0.195155
0.720215 -0.194816
0.720703 -0.194476
0.721191 -0.194137
0.72168 -0.193797
0.722168 -0.193458
0.722656 -0.193118
0.723145 -0.192779
0.723633 -0.192439
0.724121 -0.1921
0.724609 -0.19176
0.725098 -0.191421
0.725586 -0.191081
0.726074 -0.190742
0.726562 -0.190402
0.727051 -0.190063
0.727539 -0.189723
0.728027 -0.189384
0.728516 -0.189044
0.729004 -0.188705
0.729492 -0.188365
0.72998 -0.188025
0.730469 -0.187686
0.730957 -0.187346
0.731445 -0.187007
0.731934 -0.186667
0.732422 -0.186328
0.73291 -0.185988
0.733398 -0.185649
0.733887 -0.185309
0.734375 -0.184969
0.734863 -0.18463
0.735352 -0.18429
0.73584 -0.183951
0.736328 -0.183611
0.736816 -0.183272
0.737305 -0.182932
0.737793 -0.182592
0.738281 -0.182253
0.73877 -0.181913
0.739258 -0.181574
0.739746 -0.181234
0.740234 -0.180894
0.740723 -0.180555
0.741211 -0.180215
0.741699 -0.179876
0.742188 -0.179536
0.742676 -0.179196
0.743164 -0.178857
0.743652 -0.178517
0.744141 -0.178178
0.744629 -0.177838
0.745117 -0.177498
0.745605 -0.177159
0.746094 -0.176819
0.746582 -0.17648
0.74707 -0.17614
0.747559 -0.1758
0.748047 -0.175461
0.748535 -0.175121
0.749023 -0.174781
0.749512 -0.174442
0.75 -0.174102
0.750488 -0.173763
0.750977 -0.173423
0.751465 -0.173083
0.751953 -0.172744
0.752441 -0.172404
0.75293 -0.172064
0.753418 -0.171725
0.753906 -0.171385
0.754395 -0.171045
0.754883 -0.170706
0.755371 -0.170366
0.755859 -0.170026
0.756348 -0.169687
0.756836 -0.169347
0.757324 -0.169007
0.757812 -0.168668
0.758301 -0.168328
0.758789 -0.167988
0.759277 -0.167649
0.759766 -0.167309
0.760254 -0.166969
0.760742 -0.16663
0.76123 -0.16629
0.761719 -0.16595
0.762207 -0.16561
0.762695 -0.165271
0.763184 -0.164931
0.763672 -0.164591
0.76416 -0.164252
0.764648 -0.163912
0.765137 -0.163572
0.765625 -0.163233
0.766113 -0.162893
0.766602 -0.162553
0.76709 -0.162213
0.767578 -0.161874
0.768066 -0.161534
0.768555 -0.161194
0.769043 -0.160855
0.769531 -0.160515
0.77002 -0.160175
0.770508 -0.159835
0.770996 -0.159496
0.771484 -0.159156
0.771973 -0.158816
0.772461 -0.158477
0.772949 -0.158137
0.773438 -0.157797
0.773926 -0.157457
0.774414 -0.157118
0.774902 -0.156778
0.775391 -0.156438
0.775879 -0.156098
0.776367 -0.155759
0.776855 -0.155419
0.777344 -0.155079
0.777832 -0.154739
0.77832 -0.1544
0.778809 -0.15406
0.779297 -0.15372
0.779785 -0.15338
0.780273 -0.153041
0.780762 -0.152701
0.78125 -0.152361
0.781738 -0.152021
0.782227 -0.151682
0.782715 -0.151342
0.783203 -0.151002
0.783691 -0.150662
0.78418 -0.150322
0.784668 -0.149983
0.785156 -0.149643
0.785645 -0.149303
0.786133 -0.148963
0.786621 -0.148624
0.787109 -0.148284
0.787598 -0.147944
0.788086 -0.147604
0.788574 -0.147264
0.789062 -0.146925
0.789551 -0.146585
0.790039 -0.146245
0.790527 -0.145905
0.791016 -0.145565
0.791504 -0.145226
0.791992 -0.144886
0.79248 -0.144546
0.792969 -0.144206
0.793457 -0.143866
0.793945 -0.143527
0.794434 -0.143187
0.794922 -0.142847
0.79541 -0.142507
0.795898 -0.142167
0.796387 -0.141828
0.796875 -0.141488
0.797363 -0.141148
0.797852 -0.140808
0.79834 -0.140468
0.798828 -0.140129
0.799316 -0.139789
0.799805 -0.139449
0.800293 -0.139109
0.800781 -0.138769
0.80127 -0.138429
0.801758 -0.13809
0.802246 -0.13775
0.802734 -0.13741
0.803223 -0.13707
0.803711 -0.13673
0.804199 -0.13639
0.804688 -0.136051
0.805176 -0.135711
0.805664 -0.135371
0.806152 -0.135031
0.806641 -0.134691
0.807129 -0.134351
0.807617 -0.134012
0.808105 -0.133672
0.808594 -0.133332
0.809082 -0.132992
0.80957 -0.132652
0.810059 -0.132312
0.810547 -0.131973
0.811035 -0.131633
0.811523 -0.131293
0.812012 -0.130953
0.8125 -0.130613
0.812988 -0.130273
0.813477 -0.129933
0.813965 -0.129594
0.814453 -0.129254
0.814941 -0.128914
0.81543 -0.128574
0.815918 -0.128234
0.816406 -0.127894
0.816895 -0.127554
0.817383 -0.127215
0.817871 -0.126875
0.818359 -0.126535
0.818848 -0.126195
0.819336 -0.125855
0.819824 -0.125515
0.820312 -0.125175
0.820801 -0.124836
0.821289 -0.124496
0.821777 -0.124156
0.822266 -0.123816
0.822754 -0.123476
0.823242 -0.123136
0.82373 -0.122796
0.824219 -0.122457
0.824707 -0.122117
0.825195 -0.121777
0.825684 -0.121437
0.826172 -0.121097
0.82666 -0.120757
0.827148 -0.120417
0.827637 -0.120077
0.828125 -0.119738
0.828613 -0.119398
0.829102 -0.119058
0.82959 -0.118718
0.830078 -0.118378
0.830566 -0.118038
0.831055 -0.117698
0.831543 -0.117358
0.832031 -0.117019
0.83252 -0.116679
0.833008 -0.116339
0.833496 -0.115999
0.833984 -0.115659
0.834473 -0.115319
0.834961 -0.114979
0.835449 -0.114639
0.835938 -0.1143
0.836426 -0.11396
0.836914 -0.11362
0.837402 -0.11328
0.837891 -0.11294
0.838379 -0.1126
0.838867 -0.11226
0.839355 -0.11192
0.839844 -0.111581
0.840332 -0.111241
0.84082 -0.110901
0.841309 -0.110561
0.841797 -0.110221
0.842285 -0.109881
0.842773 -0.109541
0.843262 -0.109201
0.84375 -0.108862
0.844238 -0.108522
0.844727 -0.108182
0.845215 -0.107842
0.845703 -0.107502
0.846191 -0.107162
0.84668 -0.106822
0.847168 -0.106482
0.847656 -0.106143
0.848145 -0.105803
0.848633 -0.105463
0.849121 -0.105123
0.849609 -0.104783
0.850098 -0.104443
0.850586 -0.104103
0.851074 -0.103763
0.851562 -0.103423
0.852051 -0.103084
0.852539 -0.102744
0.853027 -0.102404
0.853516 -0.102064
0.854004 -0.101724
0.854492 -0.101384
0.85498 -0.101044
0.855469 -0.100705
0.855957 -0.100365
0.856445 -0.100025
0.856934 -0.0996849
0.857422 -0.099345
0.85791 -0.0990051
0.858398 -0.0986653
0.858887 -0.0983254
0.859375 -0.0979855
0.859863 -0.0976457
0.860352 -0.0973058
0.86084 -0.0969659
0.861328 -0.0966261
0.861816 -0.0962862
0.862305 -0.0959463
0.862793 -0.0956065
0.863281 -0.0952666
0.86377 -0.0949268
0.864258 -0.0945869
0.864746 -0.094247
0.865234 -0.0939072
0.865723 -0.0935673
0.866211 -0.0932275
0.866699 -0.0928876
0.867188 -0.0925477
0.867676 -0.0922079
0.868164 -0.091868
0.868652 -0.0915282
0.869141 -0.0911883
0.869629 -0.0908485
0.870117 -0.0905086
0.870605 -0.0901688
0.871094 -0.0898289
0.871582 -0.0894891
0.87207 -0.0891492
0.872559 -0.0888094
0.873047 -0.0884695
0.873535 -0.0881297
0.874023 -0.0877898
0.874512 -0.08745
0.875 -0.0871102
0.875488 -0.0867703
0.875977 -0.0864305
0.876465 -0.0860906
0.876953 -0.0857508
0.877441 -0.085411
0.87793 -0.0850711
0.878418 -0.0847313
0.878906 -0.0843915
0.879395 -0.0840517
0.879883 -0.0837118
0.880371 -0.083372
0.880859 -0.0830322
0.881348 -0.0826923
0.881836 -0.0823525
0.882324 -0.0820127
0.882812 -0.0816729
0.883301 -0.0813331
0.883789 -0.0809932
0.884277 -0.0806534
0.884766 -0.0803136
0.885254 -0.0799738
0.885742 -0.079634
0.88623 -0.0792942
0.886719 -0.0789544
0.887207 -0.0786146
0.887695 -0.0782748
0.888184 -0.0779349
0.888672 -0.0775951
0.88916 -0.0772553
0.889648 -0.0769155
0.890137 -0.0765757
0.890625 -0.0762359
0.891113 -0.0758962
0.891602 -0.0755564
0.89209 -0.0752166
0.892578 -0.0748768
0.893066 -0.074537
0.893555 -0.0741972
0.894043 -0.0738574
0.894531 -0.0735176
0.89502 -0.0731779
0.895508 -0.0728381
0.895996 -0.0724983
0.896484 -0.0721585
0.896973 -0.0718187
0.897461 -0.071479
0.897949 -0.0711392
0.898438 -0.0707994
0.898926 -0.0704597
0.899414 -0.0701199
0.899902 -0.0697801
0.900391 -0.0694404
0.900879 -0.0691006
0.901367 -0.0687609
0.901855 -0.0684211
0.902344 -0.0680814
0.902832 -0.0677416
0.90332 -0.0674018
0.903809 -0.0670621
0.904297 -0.0667224
0.904785 -0.0663826
0.905273 -0.0660429
0.905762 -0.0657031
0.90625 -0.0653634
0.906738 -0.0650237
0.907227 -0.0646839
0.907715 -0.0643442
0.908203 -0.0640045
0.908691 -0.0636647
0.90918 -0.063325
0.909668 -0.0629853
0.910156 -0.0626456
0.910645 -0.0623058
0.911133 -0.0619661
0.911621 -0.0616264
0.912109 -0.0612867
0.912598 -0.060947
0.913086 -0.0606073
0.913574 -0.0602676
0.914062 -0.0599279
0.914551 -0.0595882
0.915039 -0.0592484
0.915527 -0.0589088
0.916016 -0.0585691
0.916504 -0.0582294
0.916992 -0.0578897
0.91748 -0.05755
0.917969 -0.0572103
0.918457 -0.0568706
0.918945 -0.0565309
0.919434 -0.0561912
0.919922 -0.0558516
0.92041 -0.0555119
0.920898 -0.0551722
0.921387 -0.0548325
0.921875 -0.0544929
0.922363 -0.0541532
0.922852 -0.0538135
0.92334 -0.0534739
0.923828 -0.0531342
0.924316 -0.0527945
0.924805 -0.0524549
0.925293 -0.0521152
0.925781 -0.0517756
0.92627 -0.0514359
0.926758 -0.0510963
0.927246 -0.0507566
0.927734 -0.050417
0.928223 -0.0500773
0.928711 -0.0497377
0.929199 -0.0493981
0.929688 -0.0490584
0.930176 -0.0487188
0.930664 -0.0483792
0.931152 -0.0480395
0.931641 -0.0476999
0.932129 -0.0473603
0.932617 -0.0470207
0.933105 -0.046681
0.933594 -0.0463414
0.934082 -0.0460018
0.93457 -0.0456622
0.935059 -0.0453226
0.935547 -0.044983
0.936035 -0.0446434
0.936523 -0.0443038
0.937012 -0.0439642
0.9375 -0.0436246
0.937988 -0.043285
0.938477 -0.0429454
0.938965 -0.0426058
0.939453 -0.0422662
0.939941 -0.0419266
0.94043 -0.041587
0.940918 -0.0412474
0.941406 -0.0409078
0.941895 -0.0405683
0.942383 -0.0402287
0.942871 -0.0398891
0.943359 -0.0395495
0.943848 -0.03921
0.944336 -0.0388704
0.944824 -0.0385308
0.945312 -0.0381913
0.945801 -0.0378517
0.946289 -0.0375121
0.946777 -0.0371726
0.947266 -0.036833
0.947754 -0.0364935
0.948242 -0.0361539
0.94873 -0.0358143
0.949219 -0.0354748
0.949707 -0.0351352
0.950195 -0.0347957
0.950684 -0.0344562
0.951172 -0.0341166
0.95166 -0.0337771
0.952148 -0.0334375
0.952637 -0.033098
0.953125 -0.0327585
0.953613 -0.0324189
0.954102 -0.0320794
0.95459 -0.0317399
0.955078 -0.0314004
0.955566 -0.0310608
0.956055 -0.0307213
0.956543 -0.0303818
0.957031 -0.0300423
0.95752 -0.0297027
0.958008 -0.0293632
0.958496 -0.0290237
0.958984 -0.0286842
0.959473 -0.0283447
0.959961 -0.0280052
0.960449 -0.0276657
0.960938 -0.0273262
0.961426 -0.0269867
0.961914 -0.0266472
0.962402 -0.0263077
0.962891 -0.0259682
0.963379 -0.0256287
0.963867 -0.0252892
0.964355 -0.0249497
0.964844 -0.0246102
0.965332 -0.0242707
0.96582 -0.0239312
0.966309 -0.0235917
0.966797 -0.0232522
0.967285 -0.0229128
0.967773 -0.0225733
0.968262 -0.0222338
0.96875 -0.0218943
0.969238 -0.0215548
0.969727 -0.0212154
0.970215 -0.0208759
0.970703 -0.0205364
0.971191 -0.0201969
0.97168 -0.0198575
0.972168 -0.019518
0.972656 -0.0191785
0.973145 -0.0188391
0.973633 -0.0184996
0.974121 -0.0181601
0.974609 -0.0178207
0.975098 -0.0174812
0.975586 -0.0171418
0.976074 -0.0168023
0.976562 -0.0164628
0.977051 -0.0161234
0.977539 -0.0157839
0.978027 -0.0154445
0.978516 -0.015105
0.979004 -0.0147656
0.979492 -0.0144261
0.97998 -0.0140867
0.980469 -0.0137472
0.980957 -0.0134078
0.981445 -0.0130683
0.981934 -0.0127289
0.982422 -0.0123894
0.98291 -0.01205
0.983398 -0.0117105
0.983887 -0.0113711
0.984375 -0.0110316
0.984863 -0.0106922
0.985352 -0.0103527
0.98584 -0.0100133
0.986328 -0.00967386
0.986816 -0.00933442
0.987305 -0.00899498
0.987793 -0.00865554
0.988281 -0.00831611
0.98877 -0.00797667
0.989258 -0.00763723
0.989746 -0.0072978
0.990234 -0.00695836
0.990723 -0.00661892
0.991211 -0.00627949
0.991699 -0.00594005
0.992188 -0.00560062
0.992676 -0.00526119
0.993164 -0.00492175
0.993652 -0.00458232
0.994141 -0.00424289
0.994629 -0.00390346
0.995117 -0.00356402
0.995605 -0.00322459
0.996094 -0.00288516
0.996582 -0.00254573
0.99707 -0.0022063
0.997559 -0.00186687
0.998047 -0.00152744
0.998535 -0.00118801
0.999023 -0.000848576
0.999512 -0.000509146
1 -0.000169715
