0 3.47543e-14 3.47543e-14
6.28319 0.0612432 0.0612432
12.5664 0.0148696 0.0148696
18.8496 0.00655827 0.00655827
25.1327 0.00367515 0.00367515
31.4159 0.00234969 0.00234969
37.6991 0.00162835 0.00162835
43.9823 0.00119682 0.00119682
50.2655 0.000914412 0.000914412
56.5487 0.000723223 0.000723223
62.8319 0.000584474 0.000584474
69.115 0.000483651 0.000483651
75.3982 0.000405405 0.000405405
81.6814 0.000345905 0.000345905
87.9646 0.000297489 0.000297489
94.2478 0.000259499 0.000259499
100.531 0.00022747 0.00022747
106.814 0.000201761 0.000201761
113.097 0.000179474 0.000179474
119.381 0.000161281 0.000161281
125.664 0.000145148 0.000145148
131.947 0.000131809 0.000131809
138.23 0.000119753 0.000119753
144.513 0.000109688 0.000109688
150.796 0.000100439 0.000100439
157.08 9.26609e-05 9.26609e-05
163.363 8.54101e-05 8.54101e-05
169.646 7.92768e-05 7.92768e-05
175.929 7.34856e-05 7.34856e-05
182.212 6.85658e-05 6.85658e-05
188.496 6.38662e-05 6.38662e-05
194.779 5.98609e-05 5.98609e-05
201.062 5.59941e-05 5.59941e-05
207.345 5.26907e-05 5.26907e-05
213.628 4.94704e-05 4.94704e-05
219.911 4.67148e-05 4.67148e-05
226.195 4.4004e-05 4.4004e-05
232.478 4.1682e-05 4.1682e-05
238.761 3.93782e-05 3.93782e-05
245.044 3.74038e-05 3.74038e-05
251.327 3.54293e-05 3.54293e-05
257.611 3.37368e-05 3.37368e-05
263.894 3.20314e-05 3.20314e-05
270.177 3.05699e-05 3.05699e-05
276.46 2.90866e-05 2.90866e-05
282.743 2.78163e-05 2.78163e-05
289.027 2.6518e-05 2.6518e-05
295.31 2.5407e-05 2.5407e-05
301.593 2.42641e-05 2.42641e-05
307.876 2.32872e-05 2.32872e-05
314.159 2.22757e-05 2.22757e-05
320.442 2.14122e-05 2.14122e-05
326.726 2.05126e-05 2.05126e-05
333.009 1.97458e-05 1.97458e-05
339.292 1.89423e-05 1.89423e-05
345.575 1.82583e-05 1.82583e-05
351.858 1.75375e-05 1.75375e-05
358.142 1.69251e-05 1.69251e-05
364.425 1.6276e-05 1.6276e-05
370.708 1.57255e-05 1.57255e-05
376.991 1.51389e-05 1.51389e-05
383.274 1.46424e-05 1.46424e-05
389.557 1.41104e-05 1.41104e-05
395.841 1.36611e-05 1.36611e-05
402.124 1.31773e-05 1.31773e-05
408.407 1.27695e-05 1.27695e-05
414.69 1.23281e-05 1.23281e-05
420.973 1.19568e-05 1.19568e-05
427.257 1.15531e-05 1.15531e-05
433.54 1.12142e-05 1.12142e-05
439.823 1.08439e-05 1.08439e-05
446.106 1.05339e-05 1.05339e-05
452.389 1.01935e-05 1.01935e-05
458.673 9.90909e-06 9.90909e-06
464.956 9.59538e-06 9.59538e-06
471.239 9.33397e-06 9.33397e-06
477.522 9.04427e-06 9.04427e-06
483.805 8.80346e-06 8.80346e-06
490.088 8.53539e-06 8.53539e-06
496.372 8.3131e-06 8.3131e-06
502.655 8.06456e-06 8.06456e-06
508.938 7.85899e-06 7.85899e-06
515.221 7.62813e-06 7.62813e-06
521.504 7.43767e-06 7.43767e-06
527.788 7.22287e-06 7.22287e-06
534.071 7.04611e-06 7.04611e-06
540.354 6.84592e-06 6.84592e-06
546.637 6.6816e-06 6.6816e-06
552.92 6.49473e-06 6.49473e-06
559.203 6.34175e-06 6.34175e-06
565.487 6.16705e-06 6.16705e-06
571.77 6.02441e-06 6.02441e-06
578.053 5.86086e-06 5.86086e-06
584.336 5.72767e-06 5.72767e-06
590.619 5.57435e-06 5.57435e-06
596.903 5.44982e-06 5.44982e-06
603.186 5.30591e-06 5.30591e-06
609.469 5.18933e-06 5.18933e-06
615.752 5.05408e-06 5.05408e-06
622.035 4.9448e-06 4.9448e-06
628.319 4.81754e-06 4.81754e-06
634.602 4.715e-06 4.715e-06
640.885 4.59512e-06 4.59512e-06
647.168 4.49878e-06 4.49878e-06
653.451 4.38573e-06 4.38573e-06
659.734 4.29513e-06 4.29513e-06
666.018 4.18841e-06 4.18841e-06
672.301 4.10311e-06 4.10311e-06
678.584 4.00227e-06 4.00227e-06
684.867 3.92189e-06 3.92189e-06
691.15 3.82652e-06 3.82652e-06
697.434 3.7507e-06 3.7507e-06
703.717 3.66041e-06 3.66041e-06
710 3.58883e-06 3.58883e-06
716.283 3.50328e-06 3.50328e-06
722.566 3.43564e-06 3.43564e-06
728.849 3.35451e-06 3.35451e-06
735.133 3.29054e-06 3.29054e-06
741.416 3.21355e-06 3.21355e-06
747.699 3.153e-06 3.153e-06
753.982 3.07988e-06 3.07988e-06
760.265 3.02253e-06 3.02253e-06
766.549 2.95303e-06 2.95303e-06
772.832 2.89866e-06 2.89866e-06
779.115 2.83255e-06 2.83255e-06
785.398 2.78098e-06 2.78098e-06
791.681 2.71806e-06 2.71806e-06
797.965 2.66911e-06 2.66911e-06
804.248 2.60917e-06 2.60917e-06
810.531 2.56268e-06 2.56268e-06
816.814 2.50556e-06 2.50556e-06
823.097 2.46136e-06 2.46136e-06
829.38 2.40689e-06 2.40689e-06
835.664 2.36486e-06 2.36486e-06
841.947 2.31288e-06 2.31288e-06
848.23 2.27289e-06 2.27289e-06
854.513 2.22326e-06 2.22326e-06
860.796 2.18518e-06 2.18518e-06
867.08 2.13778e-06 2.13778e-06
873.363 2.1015e-06 2.1015e-06
879.646 2.05619e-06 2.05619e-06
885.929 2.02161e-06 2.02161e-06
892.212 1.97828e-06 1.97828e-06
898.495 1.94531e-06 1.94531e-06
904.779 1.90385e-06 1.90385e-06
911.062 1.87239e-06 1.87239e-06
917.345 1.83271e-06 1.83271e-06
923.628 1.80268e-06 1.80268e-06
929.911 1.76468e-06 1.76468e-06
936.195 1.736e-06 1.736e-06
942.478 1.69959e-06 1.69959e-06
948.761 1.67219e-06 1.67219e-06
955.044 1.6373e-06 1.6373e-06
961.327 1.61111e-06 1.61111e-06
967.611 1.57765e-06 1.57765e-06
973.894 1.55261e-06 1.55261e-06
980.177 1.52051e-06 1.52051e-06
986.46 1.49656e-06 1.49656e-06
992.743 1.46576e-06 1.46576e-06
999.026 1.44284e-06 1.44284e-06
1005.31 1.41327e-06 1.41327e-06
1011.59 1.39133e-06 1.39133e-06
1017.88 1.36293e-06 1.36293e-06
1024.16 1.34192e-06 1.34192e-06
1030.44 1.31464e-06 1.31464e-06
1036.73 1.29451e-06 1.29451e-06
1043.01 1.2683e-06 1.2683e-06
1049.29 1.24901e-06 1.24901e-06
1055.58 1.22381e-06 1.22381e-06
1061.86 1.20532e-06 1.20532e-06
1068.14 1.18109e-06 1.18109e-06
1074.42 1.16335e-06 1.16335e-06
1080.71 1.14005e-06 1.14005e-06
1086.99 1.12304e-06 1.12304e-06
1093.27 1.10061e-06 1.10061e-06
1099.56 1.0843e-06 1.0843e-06
1105.84 1.06271e-06 1.06271e-06
1112.12 1.04705e-06 1.04705e-06
1118.41 1.02627e-06 1.02627e-06
1124.69 1.01124e-06 1.01124e-06
1130.97 9.91229e-07 9.91229e-07
1137.26 9.76795e-07 9.76795e-07
1143.54 9.57519e-07 9.57519e-07
1149.82 9.43657e-07 9.43657e-07
1156.11 9.25084e-07 9.25084e-07
1162.39 9.11767e-07 9.11767e-07
1168.67 8.93868e-07 8.93868e-07
1174.96 8.81071e-07 8.81071e-07
1181.24 8.63817e-07 8.63817e-07
1187.52 8.51518e-07 8.51518e-07
1193.81 8.34882e-07 8.34882e-07
1200.09 8.23059e-07 8.23059e-07
1206.37 8.07015e-07 8.07015e-07
1212.65 7.95647e-07 7.95647e-07
1218.94 7.80171e-07 7.80171e-07
1225.22 7.69238e-07 7.69238e-07
1231.5 7.54306e-07 7.54306e-07
1237.79 7.4379e-07 7.4379e-07
1244.07 7.2938e-07 7.2938e-07
1250.35 7.19263e-07 7.19263e-07
1256.64 7.05354e-07 7.05354e-07
1262.92 6.95619e-07 6.95619e-07
1269.2 6.82191e-07 6.82191e-07
1275.49 6.72822e-07 6.72822e-07
1281.77 6.59856e-07 6.59856e-07
1288.05 6.50837e-07 6.50837e-07
1294.34 6.38316e-07 6.38316e-07
1300.62 6.29633e-07 6.29633e-07
1306.9 6.17538e-07 6.17538e-07
1313.19 6.09177e-07 6.09177e-07
1319.47 5.97492e-07 5.97492e-07
1325.75 5.8944e-07 5.8944e-07
1332.04 5.78149e-07 5.78149e-07
1338.32 5.70393e-07 5.70393e-07
1344.6 5.59482e-07 5.59482e-07
1350.88 5.52011e-07 5.52011e-07
1357.17 5.41464e-07 5.41464e-07
1363.45 5.34265e-07 5.34265e-07
1369.73 5.24069e-07 5.24069e-07
1376.02 5.17133e-07 5.17133e-07
1382.3 5.07275e-07 5.07275e-07
1388.58 5.00591e-07 5.00591e-07
1394.87 4.91057e-07 4.91057e-07
1401.15 4.84615e-07 4.84615e-07
1407.43 4.75395e-07 4.75395e-07
1413.72 4.69184e-07 4.69184e-07
1420 4.60266e-07 4.60266e-07
1426.28 4.54279e-07 4.54279e-07
1432.57 4.45651e-07 4.45651e-07
1438.85 4.39878e-07 4.39878e-07
1445.13 4.3153e-07 4.3153e-07
1451.42 4.25964e-07 4.25964e-07
1457.7 4.17886e-07 4.17886e-07
1463.98 4.12518e-07 4.12518e-07
1470.27 4.047e-07 4.047e-07
1476.55 3.99523e-07 3.99523e-07
1482.83 3.91955e-07 3.91955e-07
1489.11 3.86962e-07 3.86962e-07
1495.4 3.79636e-07 3.79636e-07
1501.68 3.74819e-07 3.74819e-07
1507.96 3.67727e-07 3.67727e-07
1514.25 3.6308e-07 3.6308e-07
1520.53 3.56213e-07 3.56213e-07
1526.81 3.5173e-07 3.5173e-07
1533.1 3.4508e-07 3.4508e-07
1539.38 3.40754e-07 3.40754e-07
1545.66 3.34314e-07 3.34314e-07
1551.95 3.30139e-07 3.30139e-07
1558.23 3.23901e-07 3.23901e-07
1564.51 3.19873e-07 3.19873e-07
1570.8 3.13831e-07 3.13831e-07
1577.08 3.09943e-07 3.09943e-07
1583.36 3.04089e-07 3.04089e-07
1589.65 3.00337e-07 3.00337e-07
1595.93 2.94665e-07 2.94665e-07
1602.21 2.91043e-07 2.91043e-07
1608.5 2.85548e-07 2.85548e-07
1614.78 2.82052e-07 2.82052e-07
1621.06 2.76726e-07 2.76726e-07
1627.34 2.73351e-07 2.73351e-07
1633.63 2.6819e-07 2.6819e-07
1639.91 2.64932e-07 2.64932e-07
1646.19 2.59929e-07 2.59929e-07
1652.48 2.56784e-07 2.56784e-07
1658.76 2.51935e-07 2.51935e-07
1665.04 2.48898e-07 2.48898e-07
1671.33 2.44197e-07 2.44197e-07
1677.61 2.41265e-07 2.41265e-07
1683.89 2.36707e-07 2.36707e-07
1690.18 2.33876e-07 2.33876e-07
1696.46 2.29457e-07 2.29457e-07
1702.74 2.26723e-07 2.26723e-07
1709.03 2.22438e-07 2.22438e-07
1715.31 2.19798e-07 2.19798e-07
1721.59 2.15643e-07 2.15643e-07
1727.88 2.13093e-07 2.13093e-07
1734.16 2.09064e-07 2.09064e-07
1740.44 2.06601e-07 2.06601e-07
1746.73 2.02693e-07 2.02693e-07
1753.01 2.00315e-07 2.00315e-07
1759.29 1.96524e-07 1.96524e-07
1765.58 1.94227e-07 1.94227e-07
1771.86 1.9055e-07 1.9055e-07
1778.14 1.88332e-07 1.88332e-07
1784.42 1.84765e-07 1.84765e-07
1790.71 1.82622e-07 1.82622e-07
1796.99 1.79161e-07 1.79161e-07
1803.27 1.77091e-07 1.77091e-07
1809.56 1.73734e-07 1.73734e-07
1815.84 1.71734e-07 1.71734e-07
1822.12 1.68477e-07 1.68477e-07
1828.41 1.66545e-07 1.66545e-07
1834.69 1.63384e-07 1.63384e-07
1840.97 1.61518e-07 1.61518e-07
1847.26 1.58451e-07 1.58451e-07
1853.54 1.56648e-07 1.56648e-07
1859.82 1.53671e-07 1.53671e-07
1866.11 1.5193e-07 1.5193e-07
1872.39 1.49041e-07 1.49041e-07
1878.67 1.47359e-07 1.47359e-07
1884.96 1.44554e-07 1.44554e-07
1891.24 1.42929e-07 1.42929e-07
1897.52 1.40207e-07 1.40207e-07
1903.81 1.38637e-07 1.38637e-07
1910.09 1.35994e-07 1.35994e-07
1916.37 1.34478e-07 1.34478e-07
1922.65 1.31912e-07 1.31912e-07
1928.94 1.30448e-07 1.30448e-07
1935.22 1.27957e-07 1.27957e-07
1941.5 1.26541e-07 1.26541e-07
1947.79 1.24123e-07 1.24123e-07
1954.07 1.22756e-07 1.22756e-07
1960.35 1.20408e-07 1.20408e-07
1966.64 1.19087e-07 1.19087e-07
1972.92 1.16807e-07 1.16807e-07
1979.2 1.15531e-07 1.15531e-07
1985.49 1.13316e-07 1.13316e-07
1991.77 1.12084e-07 1.12084e-07
1998.05 1.09933e-07 1.09933e-07
2004.34 1.08742e-07 1.08742e-07
2010.62 1.06654e-07 1.06654e-07
2016.9 1.05503e-07 1.05503e-07
2023.19 1.03475e-07 1.03475e-07
2029.47 1.02363e-07 1.02363e-07
2035.75 1.00394e-07 1.00394e-07
2042.04 9.93194e-08 9.93194e-08
2048.32 9.74061e-08 9.74061e-08
2054.6 9.63684e-08 9.63684e-08
2060.88 9.45098e-08 9.45098e-08
2067.17 9.35072e-08 9.35072e-08
2073.45 9.17017e-08 9.17017e-08
2079.73 9.07332e-08 9.07332e-08
2086.02 8.89792e-08 8.89792e-08
2092.3 8.80436e-08 8.80436e-08
2098.58 8.63395e-08 8.63395e-08
2104.87 8.54356e-08 8.54356e-08
2111.15 8.378e-08 8.378e-08
2117.43 8.29068e-08 8.29068e-08
2123.72 8.12981e-08 8.12981e-08
2130 8.04546e-08 8.04546e-08
2136.28 7.88915e-08 7.88915e-08
2142.57 7.80766e-08 7.80766e-08
2148.85 7.65578e-08 7.65578e-08
2155.13 7.57706e-08 7.57706e-08
2161.42 7.42947e-08 7.42947e-08
2167.7 7.35342e-08 7.35342e-08
2173.98 7.20999e-08 7.20999e-08
2180.27 7.13654e-08 7.13654e-08
2186.55 6.99715e-08 6.99715e-08
2192.83 6.92619e-08 6.92619e-08
2199.11 6.79072e-08 6.79072e-08
2205.4 6.72218e-08 6.72218e-08
2211.68 6.59051e-08 6.59051e-08
2217.96 6.52431e-08 6.52431e-08
2224.25 6.39633e-08 6.39633e-08
2230.53 6.33239e-08 6.33239e-08
2236.81 6.20799e-08 6.20799e-08
2243.1 6.14623e-08 6.14623e-08
2249.38 6.02531e-08 6.02531e-08
2255.66 5.96566e-08 5.96566e-08
2261.95 5.84811e-08 5.84811e-08
2268.23 5.7905e-08 5.7905e-08
2274.51 5.67623e-08 5.67623e-08
2280.8 5.62059e-08 5.62059e-08
2287.08 5.5095e-08 5.5095e-08
2293.36 5.45577e-08 5.45577e-08
2299.65 5.34776e-08 5.34776e-08
2305.93 5.29588e-08 5.29588e-08
2312.21 5.19086e-08 5.19086e-08
2318.5 5.14076e-08 5.14076e-08
2324.78 5.03866e-08 5.03866e-08
2331.06 4.99027e-08 4.99027e-08
2337.34 4.89099e-08 4.89099e-08
2343.63 4.84427e-08 4.84427e-08
2349.91 4.74774e-08 4.74774e-08
2356.19 4.70263e-08 4.70263e-08
2362.48 4.60876e-08 4.60876e-08
2368.76 4.5652e-08 4.5652e-08
2375.04 4.47392e-08 4.47392e-08
2381.33 4.43186e-08 4.43186e-08
2387.61 4.34309e-08 4.34309e-08
2393.89 4.30249e-08 4.30249e-08
2400.18 4.21616e-08 4.21616e-08
2406.46 4.17696e-08 4.17696e-08
2412.74 4.093e-08 4.093e-08
2419.03 4.05516e-08 4.05516e-08
2425.31 3.97349e-08 3.97349e-08
2431.59 3.93698e-08 3.93698e-08
2437.88 3.85754e-08 3.85754e-08
2444.16 3.82229e-08 3.82229e-08
2450.44 3.74503e-08 3.74503e-08
2456.73 3.71101e-08 3.71101e-08
2463.01 3.63585e-08 3.63585e-08
2469.29 3.60301e-08 3.60301e-08
2475.58 3.52991e-08 3.52991e-08
2481.86 3.49822e-08 3.49822e-08
2488.14 3.4271e-08 3.4271e-08
2494.42 3.39652e-08 3.39652e-08
2500.71 3.32733e-08 3.32733e-08
2506.99 3.29783e-08 3.29783e-08
2513.27 3.23052e-08 3.23052e-08
2519.56 3.20205e-08 3.20205e-08
2525.84 3.13656e-08 3.13656e-08
2532.12 3.10909e-08 3.10909e-08
2538.41 3.04538e-08 3.04538e-08
2544.69 3.01888e-08 3.01888e-08
2550.97 2.95689e-08 2.95689e-08
2557.26 2.93132e-08 2.93132e-08
2563.54 2.87101e-08 2.87101e-08
2569.82 2.84635e-08 2.84635e-08
2576.11 2.78766e-08 2.78766e-08
2582.39 2.76387e-08 2.76387e-08
2588.67 2.70676e-08 2.70676e-08
2594.96 2.68382e-08 2.68382e-08
2601.24 2.62825e-08 2.62825e-08
2607.52 2.60612e-08 2.60612e-08
2613.81 2.55204e-08 2.55204e-08
2620.09 2.53071e-08 2.53071e-08
2626.37 2.47808e-08 2.47808e-08
2632.65 2.4575e-08 2.4575e-08
2638.94 2.40629e-08 2.40629e-08
2645.22 2.38645e-08 2.38645e-08
2651.5 2.33661e-08 2.33661e-08
2657.79 2.31748e-08 2.31748e-08
2664.07 2.26897e-08 2.26897e-08
2670.35 2.25053e-08 2.25053e-08
2676.64 2.20331e-08 2.20331e-08
2682.92 2.18554e-08 2.18554e-08
2689.2 2.13958e-08 2.13958e-08
2695.49 2.12245e-08 2.12245e-08
2701.77 2.07772e-08 2.07772e-08
2708.05 2.06121e-08 2.06121e-08
2714.34 2.01767e-08 2.01767e-08
2720.62 2.00176e-08 2.00176e-08
2726.9 1.95938e-08 1.95938e-08
2733.19 1.94405e-08 1.94405e-08
2739.47 1.90279e-08 1.90279e-08
2745.75 1.88802e-08 1.88802e-08
2752.04 1.84786e-08 1.84786e-08
2758.32 1.83363e-08 1.83363e-08
2764.6 1.79453e-08 1.79453e-08
2770.88 1.78083e-08 1.78083e-08
2777.17 1.74276e-08 1.74276e-08
2783.45 1.72956e-08 1.72956e-08
2789.73 1.6925e-08 1.6925e-08
2796.02 1.67979e-08 1.67979e-08
2802.3 1.64371e-08 1.64371e-08
2808.58 1.63147e-08 1.63147e-08
2814.87 1.59634e-08 1.59634e-08
2821.15 1.58455e-08 1.58455e-08
2827.43 1.55035e-08 1.55035e-08
2833.72 1.539e-08 1.539e-08
2840 1.5057e-08 1.5057e-08
2846.28 1.49478e-08 1.49478e-08
2852.57 1.46235e-08 1.46235e-08
2858.85 1.45184e-08 1.45184e-08
2865.13 1.42026e-08 1.42026e-08
2871.42 1.41015e-08 1.41015e-08
2877.7 1.3794e-08 1.3794e-08
2883.98 1.36967e-08 1.36967e-08
2890.27 1.33972e-08 1.33972e-08
2896.55 1.33037e-08 1.33037e-08
2902.83 1.3012e-08 1.3012e-08
2909.11 1.2922e-08 1.2922e-08
2915.4 1.2638e-08 1.2638e-08
2921.68 1.25514e-08 1.25514e-08
2927.96 1.22748e-08 1.22748e-08
2934.25 1.21916e-08 1.21916e-08
2940.53 1.19222e-08 1.19222e-08
2946.81 1.18422e-08 1.18422e-08
2953.1 1.15798e-08 1.15798e-08
2959.38 1.15029e-08 1.15029e-08
2965.66 1.12473e-08 1.12473e-08
2971.95 1.11734e-08 1.11734e-08
2978.23 1.09245e-08 1.09245e-08
2984.51 1.08535e-08 1.08535e-08
2990.8 1.06111e-08 1.06111e-08
2997.08 1.05428e-08 1.05428e-08
3003.36 1.03067e-08 1.03067e-08
3009.65 1.02411e-08 1.02411e-08
3015.93 1.00111e-08 1.00111e-08
3022.21 9.94816e-09 9.94816e-09
3028.5 9.72406e-09 9.72406e-09
3034.78 9.66364e-09 9.66364e-09
3041.06 9.44534e-09 9.44534e-09
3047.34 9.38735e-09 9.38735e-09
3053.63 9.17468e-09 9.17468e-09
3059.91 9.11902e-09 9.11902e-09
3066.19 8.91184e-09 8.91184e-09
3072.48 8.85844e-09 8.85844e-09
3078.76 8.65659e-09 8.65659e-09
3085.04 8.60537e-09 8.60537e-09
3091.33 8.40872e-09 8.40872e-09
3097.61 8.3596e-09 8.3596e-09
3103.89 8.168e-09 8.168e-09
3110.18 8.12091e-09 8.12091e-09
3116.46 7.93424e-09 7.93424e-09
3122.74 7.88909e-09 7.88909e-09
3129.03 7.70721e-09 7.70721e-09
3135.31 7.66395e-09 7.66395e-09
3141.59 7.48673e-09 7.48673e-09
3147.88 7.44529e-09 7.44529e-09
3154.16 7.27261e-09 7.27261e-09
3160.44 7.23292e-09 7.23292e-09
3166.73 7.06466e-09 7.06466e-09
3173.01 7.02666e-09 7.02666e-09
3179.29 6.8627e-09 6.8627e-09
3185.57 6.82633e-09 6.82633e-09
3191.86 6.66655e-09 6.66655e-09
3198.14 6.63175e-09 6.63175e-09
3204.42 6.47605e-09 6.47605e-09
3210.71 6.44277e-09 6.44277e-09
3216.99 6.29103e-09 6.29103e-09
3223.27 6.25921e-09 6.25921e-09
3229.56 6.11134e-09 6.11134e-09
3235.84 6.08092e-09 6.08092e-09
3242.12 5.93681e-09 5.93681e-09
3248.41 5.90775e-09 5.90775e-09
3254.69 5.7673e-09 5.7673e-09
3260.97 5.73954e-09 5.73954e-09
3267.26 5.60266e-09 5.60266e-09
3273.54 5.57616e-09 5.57616e-09
3279.82 5.44275e-09 5.44275e-09
3286.11 5.41746e-09 5.41746e-09
3292.39 5.28743e-09 5.28743e-09
3298.67 5.26331e-09 5.26331e-09
3304.96 5.13657e-09 5.13657e-09
3311.24 5.11357e-09 5.11357e-09
3317.52 4.99004e-09 4.99004e-09
3323.81 4.96812e-09 4.96812e-09
3330.09 4.84771e-09 4.84771e-09
3336.37 4.82684e-09 4.82684e-09
3342.65 4.70947e-09 4.70947e-09
3348.94 4.6896e-09 4.6896e-09
3355.22 4.57519e-09 4.57519e-09
3361.5 4.55628e-09 4.55628e-09
3367.79 4.44476e-09 4.44476e-09
3374.07 4.42678e-09 4.42678e-09
3380.35 4.31806e-09 4.31806e-09
3386.64 4.30098e-09 4.30098e-09
3392.92 4.195e-09 4.195e-09
3399.2 4.17877e-09 4.17877e-09
3405.49 4.07546e-09 4.07546e-09
3411.77 4.06006e-09 4.06006e-09
3418.05 3.95934e-09 3.95934e-09
3424.34 3.94474e-09 3.94474e-09
3430.62 3.84654e-09 3.84654e-09
3436.9 3.8327e-09 3.8327e-09
3443.19 3.73697e-09 3.73697e-09
3449.47 3.72387e-09 3.72387e-09
3455.75 3.63054e-09 3.63054e-09
3462.04 3.61815e-09 3.61815e-09
3468.32 3.52715e-09 3.52715e-09
3474.6 3.51543e-09 3.51543e-09
3480.88 3.42671e-09 3.42671e-09
3487.17 3.41565e-09 3.41565e-09
3493.45 3.32915e-09 3.32915e-09
3499.73 3.31872e-09 3.31872e-09
3506.02 3.23437e-09 3.23437e-09
3512.3 3.22454e-09 3.22454e-09
3518.58 3.1423e-09 3.1423e-09
3524.87 3.13305e-09 3.13305e-09
3531.15 3.05286e-09 3.05286e-09
3537.43 3.04417e-09 3.04417e-09
3543.72 2.96598e-09 2.96598e-09
3550 2.95781e-09 2.95781e-09
3556.28 2.88157e-09 2.88157e-09
3562.57 2.87392e-09 2.87392e-09
3568.85 2.79957e-09 2.79957e-09
3575.13 2.79241e-09 2.79241e-09
3581.42 2.71991e-09 2.71991e-09
3587.7 2.71322e-09 2.71322e-09
3593.98 2.64253e-09 2.64253e-09
3600.27 2.63629e-09 2.63629e-09
3606.55 2.56734e-09 2.56734e-09
3612.83 2.56154e-09 2.56154e-09
3619.11 2.49431e-09 2.49431e-09
3625.4 2.48892e-09 2.48892e-09
3631.68 2.42335e-09 2.42335e-09
3637.96 2.41836e-09 2.41836e-09
3644.25 2.35442e-09 2.35442e-09
3650.53 2.3498e-09 2.3498e-09
3656.81 2.28745e-09 2.28745e-09
3663.1 2.2832e-09 2.2832e-09
3669.38 2.22238e-09 2.22238e-09
3675.66 2.21848e-09 2.21848e-09
3681.95 2.15917e-09 2.15917e-09
3688.23 2.15561e-09 2.15561e-09
3694.51 2.09776e-09 2.09776e-09
3700.8 2.09452e-09 2.09452e-09
3707.08 2.0381e-09 2.0381e-09
3713.36 2.03516e-09 2.03516e-09
3719.65 1.98013e-09 1.98013e-09
3725.93 1.97748e-09 1.97748e-09
3732.21 1.92382e-09 1.92382e-09
3738.5 1.92145e-09 1.92145e-09
3744.78 1.8691e-09 1.8691e-09
3751.06 1.867e-09 1.867e-09
3757.34 1.81594e-09 1.81594e-09
3763.63 1.81409e-09 1.81409e-09
3769.91 1.7643e-09 1.7643e-09
3776.19 1.76269e-09 1.76269e-09
3782.48 1.71412e-09 1.71412e-09
3788.76 1.71274e-09 1.71274e-09
3795.04 1.66536e-09 1.66536e-09
3801.33 1.66421e-09 1.66421e-09
3807.61 1.61799e-09 1.61799e-09
3813.89 1.61705e-09 1.61705e-09
3820.18 1.57197e-09 1.57197e-09
3826.46 1.57123e-09 1.57123e-09
3832.74 1.52726e-09 1.52726e-09
3839.03 1.52671e-09 1.52671e-09
3845.31 1.48381e-09 1.48381e-09
3851.59 1.48344e-09 1.48344e-09
3857.88 1.4416e-09 1.4416e-09
3864.16 1.4414e-09 1.4414e-09
3870.44 1.40059e-09 1.40059e-09
3876.73 1.40055e-09 1.40055e-09
3883.01 1.36074e-09 1.36074e-09
3889.29 1.36086e-09 1.36086e-09
3895.57 1.32202e-09 1.32202e-09
3901.86 1.32229e-09 1.32229e-09
3908.14 1.2844e-09 1.2844e-09
3914.42 1.28481e-09 1.28481e-09
3920.71 1.24785e-09 1.24785e-09
3926.99 1.24839e-09 1.24839e-09
3933.27 1.21233e-09 1.21233e-09
3939.56 1.213e-09 1.213e-09
3945.84 1.17782e-09 1.17782e-09
3952.12 1.17861e-09 1.17861e-09
3958.41 1.14429e-09 1.14429e-09
3964.69 1.14519e-09 1.14519e-09
3970.97 1.11171e-09 1.11171e-09
3977.26 1.11271e-09 1.11271e-09
3983.54 1.08005e-09 1.08005e-09
3989.82 1.08116e-09 1.08116e-09
3996.11 1.04929e-09 1.04929e-09
4002.39 1.05049e-09 1.05049e-09
4008.67 1.01941e-09 1.01941e-09
4014.96 1.02069e-09 1.02069e-09
4021.24 9.90367e-10 9.90367e-10
4027.52 9.91733e-10 9.91733e-10
4033.8 9.62149e-10 9.62149e-10
4040.09 9.63593e-10 9.63593e-10
4046.37 9.3473e-10 9.3473e-10
4052.65 9.36247e-10 9.36247e-10
4058.94 9.08087e-10 9.08087e-10
4065.22 9.09672e-10 9.09672e-10
4071.5 8.822e-10 8.822e-10
4077.79 8.83848e-10 8.83848e-10
4084.07 8.57045e-10 8.57045e-10
4090.35 8.58752e-10 8.58752e-10
4096.64 8.32602e-10 8.32602e-10
4102.92 8.34363e-10 8.34363e-10
4109.2 8.08851e-10 8.08851e-10
4115.49 8.10663e-10 8.10663e-10
4121.77 7.85773e-10 7.85773e-10
4128.05 7.87631e-10 7.87631e-10
4134.34 7.63347e-10 7.63347e-10
4140.62 7.65249e-10 7.65249e-10
4146.9 7.41556e-10 7.41556e-10
4153.19 7.43497e-10 7.43497e-10
4159.47 7.20382e-10 7.20382e-10
4165.75 7.22359e-10 7.22359e-10
4172.04 6.99806e-10 6.99806e-10
4178.32 7.01816e-10 7.01816e-10
4184.6 6.79813e-10 6.79813e-10
4190.88 6.81852e-10 6.81852e-10
4197.17 6.60385e-10 6.60385e-10
4203.45 6.62451e-10 6.62451e-10
4209.73 6.41507e-10 6.41507e-10
4216.02 6.43596e-10 6.43596e-10
4222.3 6.23162e-10 6.23162e-10
4228.58 6.25273e-10 6.25273e-10
4234.87 6.05336e-10 6.05336e-10
4241.15 6.07465e-10 6.07465e-10
4247.43 5.88014e-10 5.88014e-10
4253.72 5.90159e-10 5.90159e-10
4260 5.71182e-10 5.71182e-10
4266.28 5.73341e-10 5.73341e-10
4272.57 5.54826e-10 5.54826e-10
4278.85 5.56996e-10 5.56996e-10
4285.13 5.38932e-10 5.38932e-10
4291.42 5.41111e-10 5.41111e-10
4297.7 5.23487e-10 5.23487e-10
4303.98 5.25673e-10 5.25673e-10
4310.27 5.08479e-10 5.08479e-10
4316.55 5.10669e-10 5.10669e-10
4322.83 4.93894e-10 4.93894e-10
4329.11 4.96088e-10 4.96088e-10
4335.4 4.79722e-10 4.79722e-10
4341.68 4.81917e-10 4.81917e-10
4347.96 4.65951e-10 4.65951e-10
4354.25 4.68145e-10 4.68145e-10
4360.53 4.52568e-10 4.52568e-10
4366.81 4.54761e-10 4.54761e-10
4373.1 4.39564e-10 4.39564e-10
4379.38 4.41753e-10 4.41753e-10
4385.66 4.26926e-10 4.26926e-10
4391.95 4.2911e-10 4.2911e-10
4398.23 4.14646e-10 4.14646e-10
4404.51 4.16824e-10 4.16824e-10
4410.8 4.02713e-10 4.02713e-10
4417.08 4.04883e-10 4.04883e-10
4423.36 3.91117e-10 3.91117e-10
4429.65 3.93278e-10 3.93278e-10
4435.93 3.79848e-10 3.79848e-10
4442.21 3.81999e-10 3.81999e-10
4448.5 3.68898e-10 3.68898e-10
4454.78 3.71037e-10 3.71037e-10
4461.06 3.58256e-10 3.58256e-10
4467.34 3.60383e-10 3.60383e-10
4473.63 3.47916e-10 3.47916e-10
4479.91 3.50029e-10 3.50029e-10
4486.19 3.37867e-10 3.37867e-10
4492.48 3.39966e-10 3.39966e-10
4498.76 3.28102e-10 3.28102e-10
4505.04 3.30186e-10 3.30186e-10
4511.33 3.18613e-10 3.18613e-10
4517.61 3.20681e-10 3.20681e-10
4523.89 3.09392e-10 3.09392e-10
4530.18 3.11443e-10 3.11443e-10
4536.46 3.00431e-10 3.00431e-10
4542.74 3.02464e-10 3.02464e-10
4549.03 2.91723e-10 2.91723e-10
4555.31 2.93738e-10 2.93738e-10
4561.59 2.83261e-10 2.83261e-10
4567.88 2.85257e-10 2.85257e-10
4574.16 2.75038e-10 2.75038e-10
4580.44 2.77015e-10 2.77015e-10
4586.73 2.67047e-10 2.67047e-10
4593.01 2.69004e-10 2.69004e-10
4599.29 2.59282e-10 2.59282e-10
4605.57 2.61218e-10 2.61218e-10
4611.86 2.51736e-10 2.51736e-10
4618.14 2.53651e-10 2.53651e-10
4624.42 2.44403e-10 2.44403e-10
4630.71 2.46296e-10 2.46296e-10
4636.99 2.37277e-10 2.37277e-10
4643.27 2.39149e-10 2.39149e-10
4649.56 2.30352e-10 2.30352e-10
4655.84 2.32201e-10 2.32201e-10
4662.12 2.23623e-10 2.23623e-10
4668.41 2.2545e-10 2.2545e-10
4674.69 2.17084e-10 2.17084e-10
4680.97 2.18887e-10 2.18887e-10
4687.26 2.10729e-10 2.10729e-10
4693.54 2.1251e-10 2.1251e-10
4699.82 2.04554e-10 2.04554e-10
4706.11 2.06311e-10 2.06311e-10
4712.39 1.98554e-10 1.98554e-10
4718.67 2.00286e-10 2.00286e-10
4724.96 1.92722e-10 1.92722e-10
4731.24 1.94431e-10 1.94431e-10
4737.52 1.87056e-10 1.87056e-10
4743.8 1.88741e-10 1.88741e-10
4750.09 1.81549e-10 1.81549e-10
4756.37 1.8321e-10 1.8321e-10
4762.65 1.76198e-10 1.76198e-10
4768.94 1.77834e-10 1.77834e-10
4775.22 1.70998e-10 1.70998e-10
4781.5 1.7261e-10 1.7261e-10
4787.79 1.65945e-10 1.65945e-10
4794.07 1.67532e-10 1.67532e-10
4800.35 1.61035e-10 1.61035e-10
4806.64 1.62597e-10 1.62597e-10
4812.92 1.56263e-10 1.56263e-10
4819.2 1.57801e-10 1.57801e-10
4825.49 1.51626e-10 1.51626e-10
4831.77 1.53139e-10 1.53139e-10
4838.05 1.47121e-10 1.47121e-10
4844.34 1.48609e-10 1.48609e-10
4850.62 1.42742e-10 1.42742e-10
4856.9 1.44205e-10 1.44205e-10
4863.19 1.38488e-10 1.38488e-10
4869.47 1.39926e-10 1.39926e-10
4875.75 1.34353e-10 1.34353e-10
4882.03 1.35767e-10 1.35767e-10
4888.32 1.30335e-10 1.30335e-10
4894.6 1.31724e-10 1.31724e-10
4900.88 1.26431e-10 1.26431e-10
4907.17 1.27796e-10 1.27796e-10
4913.45 1.22638e-10 1.22638e-10
4919.73 1.23977e-10 1.23977e-10
4926.02 1.18951e-10 1.18951e-10
4932.3 1.20267e-10 1.20267e-10
4938.58 1.15369e-10 1.15369e-10
4944.87 1.1666e-10 1.1666e-10
4951.15 1.11888e-10 1.11888e-10
4957.43 1.13155e-10 1.13155e-10
4963.72 1.08506e-10 1.08506e-10
4970 1.09748e-10 1.09748e-10
4976.28 1.05219e-10 1.05219e-10
4982.57 1.06438e-10 1.06438e-10
4988.85 1.02026e-10 1.02026e-10
4995.13 1.0322e-10 1.0322e-10
5001.42 9.89223e-11 9.89223e-11
5007.7 1.00093e-10 1.00093e-10
5013.98 9.59068e-11 9.59068e-11
5020.27 9.70541e-11 9.70541e-11
5026.55 9.29768e-11 9.29768e-11
5032.83 9.41006e-11 9.41006e-11
5039.11 9.01297e-11 9.01297e-11
5045.4 9.12303e-11 9.12303e-11
5051.68 8.73632e-11 8.73632e-11
5057.96 8.84408e-11 8.84408e-11
5064.25 8.46751e-11 8.46751e-11
5070.53 8.57299e-11 8.57299e-11
5076.81 8.20633e-11 8.20633e-11
5083.1 8.30953e-11 8.30953e-11
5089.38 7.95254e-11 7.95254e-11
5095.66 8.05349e-11 8.05349e-11
5101.95 7.70595e-11 7.70595e-11
5108.23 7.80468e-11 7.80468e-11
5114.51 7.46635e-11 7.46635e-11
5120.8 7.56287e-11 7.56287e-11
5127.08 7.23356e-11 7.23356e-11
5133.36 7.32789e-11 7.32789e-11
5139.65 7.00737e-11 7.00737e-11
5145.93 7.09954e-11 7.09954e-11
5152.21 6.7876e-11 6.7876e-11
5158.5 6.87762e-11 6.87762e-11
5164.78 6.57407e-11 6.57407e-11
5171.06 6.66198e-11 6.66198e-11
5177.34 6.36661e-11 6.36661e-11
5183.63 6.45242e-11 6.45242e-11
5189.91 6.16505e-11 6.16505e-11
5196.19 6.24878e-11 6.24878e-11
5202.48 5.96921e-11 5.96921e-11
5208.76 6.0509e-11 6.0509e-11
5215.04 5.77895e-11 5.77895e-11
5221.33 5.85861e-11 5.85861e-11
5227.61 5.59411e-11 5.59411e-11
5233.89 5.67177e-11 5.67177e-11
5240.18 5.41452e-11 5.41452e-11
5246.46 5.49021e-11 5.49021e-11
5252.74 5.24006e-11 5.24006e-11
5259.03 5.31379e-11 5.31379e-11
5265.31 5.07056e-11 5.07056e-11
5271.59 5.14237e-11 5.14237e-11
5277.88 4.90591e-11 4.90591e-11
5284.16 4.97581e-11 4.97581e-11
5290.44 4.74595e-11 4.74595e-11
5296.73 4.81397e-11 4.81397e-11
5303.01 4.59056e-11 4.59056e-11
5309.29 4.65673e-11 4.65673e-11
5315.57 4.43961e-11 4.43961e-11
5321.86 4.50395e-11 4.50395e-11
5328.14 4.29297e-11 4.29297e-11
5334.42 4.35551e-11 4.35551e-11
5340.71 4.15054e-11 4.15054e-11
5346.99 4.2113e-11 4.2113e-11
5353.27 4.01218e-11 4.01218e-11
5359.56 4.07119e-11 4.07119e-11
5365.84 3.87779e-11 3.87779e-11
5372.12 3.93508e-11 3.93508e-11
5378.41 3.74726e-11 3.74726e-11
5384.69 3.80285e-11 3.80285e-11
5390.97 3.62048e-11 3.62048e-11
5397.26 3.67439e-11 3.67439e-11
5403.54 3.49734e-11 3.49734e-11
5409.82 3.5496e-11 3.5496e-11
5416.11 3.37774e-11 3.37774e-11
5422.39 3.42838e-11 3.42838e-11
5428.67 3.26159e-11 3.26159e-11
5434.96 3.31064e-11 3.31064e-11
5441.24 3.14879e-11 3.14879e-11
5447.52 3.19627e-11 3.19627e-11
5453.8 3.03925e-11 3.03925e-11
5460.09 3.08518e-11 3.08518e-11
5466.37 2.93288e-11 2.93288e-11
5472.65 2.97729e-11 2.97729e-11
5478.94 2.82959e-11 2.82959e-11
5485.22 2.8725e-11 2.8725e-11
5491.5 2.72929e-11 2.72929e-11
5497.79 2.77074e-11 2.77074e-11
5504.07 2.6319e-11 2.6319e-11
5510.35 2.67191e-11 2.67191e-11
5516.64 2.53735e-11 2.53735e-11
5522.92 2.57595e-11 2.57595e-11
5529.2 2.44556e-11 2.44556e-11
5535.49 2.48276e-11 2.48276e-11
5541.77 2.35644e-11 2.35644e-11
5548.05 2.39228e-11 2.39228e-11
5554.34 2.26993e-11 2.26993e-11
5560.62 2.30443e-11 2.30443e-11
5566.9 2.18596e-11 2.18596e-11
5573.19 2.21914e-11 2.21914e-11
5579.47 2.10446e-11 2.10446e-11
5585.75 2.13635e-11 2.13635e-11
5592.03 2.02535e-11 2.02535e-11
5598.32 2.05598e-11 2.05598e-11
5604.6 1.94858e-11 1.94858e-11
5610.88 1.97797e-11 1.97797e-11
5617.17 1.87408e-11 1.87408e-11
5623.45 1.90226e-11 1.90226e-11
5629.73 1.80179e-11 1.80179e-11
5636.02 1.82878e-11 1.82878e-11
5642.3 1.73165e-11 1.73165e-11
5648.58 1.75747e-11 1.75747e-11
5654.87 1.6636e-11 1.6636e-11
5661.15 1.68829e-11 1.68829e-11
5667.43 1.5976e-11 1.5976e-11
5673.72 1.62117e-11 1.62117e-11
5680 1.53357e-11 1.53357e-11
5686.28 1.55605e-11 1.55605e-11
5692.57 1.47147e-11 1.47147e-11
5698.85 1.49289e-11 1.49289e-11
5705.13 1.41126e-11 1.41126e-11
5711.42 1.43163e-11 1.43163e-11
5717.7 1.35287e-11 1.35287e-11
5723.98 1.37222e-11 1.37222e-11
5730.27 1.29626e-11 1.29626e-11
5736.55 1.31463e-11 1.31463e-11
5742.83 1.24139e-11 1.24139e-11
5749.11 1.25878e-11 1.25878e-11
5755.4 1.18821e-11 1.18821e-11
5761.68 1.20466e-11 1.20466e-11
5767.96 1.13667e-11 1.13667e-11
5774.25 1.1522e-11 1.1522e-11
5780.53 1.08673e-11 1.08673e-11
5786.81 1.10137e-11 1.10137e-11
5793.1 1.03836e-11 1.03836e-11
5799.38 1.05212e-11 1.05212e-11
5805.66 9.91512e-12 9.91512e-12
5811.95 1.00443e-11 1.00443e-11
5818.23 9.46145e-12 9.46145e-12
5824.51 9.58234e-12 9.58234e-12
5830.8 9.02224e-12 9.02224e-12
5837.08 9.13511e-12 9.13511e-12
5843.36 8.59713e-12 8.59713e-12
5849.65 8.70222e-12 8.70222e-12
5855.93 8.18577e-12 8.18577e-12
5862.21 8.28331e-12 8.28331e-12
5868.5 7.78781e-12 7.78781e-12
5874.78 7.87804e-12 7.87804e-12
5881.06 7.40294e-12 7.40294e-12
5887.34 7.48608e-12 7.48608e-12
5893.63 7.03083e-12 7.03083e-12
5899.91 7.10712e-12 7.10712e-12
5906.19 6.67117e-12 6.67117e-12
5912.48 6.74085e-12 6.74085e-12
5918.76 6.32367e-12 6.32367e-12
5925.04 6.38696e-12 6.38696e-12
5931.33 5.98805e-12 5.98805e-12
5937.61 6.04517e-12 6.04517e-12
5943.89 5.66402e-12 5.66402e-12
5950.18 5.71521e-12 5.71521e-12
5956.46 5.35131e-12 5.35131e-12
5962.74 5.39681e-12 5.39681e-12
5969.03 5.04968e-12 5.04968e-12
5975.31 5.08971e-12 5.08971e-12
5981.59 4.75886e-12 4.75886e-12
5987.88 4.79365e-12 4.79365e-12
5994.16 4.47862e-12 4.47862e-12
6000.44 4.5084e-12 4.5084e-12
6006.73 4.20873e-12 4.20873e-12
6013.01 4.23372e-12 4.23372e-12
6019.29 3.94897e-12 3.94897e-12
6025.57 3.9694e-12 3.9694e-12
6031.86 3.69912e-12 3.69912e-12
6038.14 3.71522e-12 3.71522e-12
6044.42 3.45897e-12 3.45897e-12
6050.71 3.47097e-12 3.47097e-12
6056.99 3.22832e-12 3.22832e-12
6063.27 3.23645e-12 3.23645e-12
6069.56 3.00699e-12 3.00699e-12
6075.84 3.01148e-12 3.01148e-12
6082.12 2.7948e-12 2.7948e-12
6088.41 2.79586e-12 2.79586e-12
6094.69 2.59156e-12 2.59156e-12
6100.97 2.58943e-12 2.58943e-12
6107.26 2.3971e-12 2.3971e-12
6113.54 2.39202e-12 2.39202e-12
6119.82 2.21128e-12 2.21128e-12
6126.11 2.20346e-12 2.20346e-12
6132.39 2.03393e-12 2.03393e-12
6138.67 2.02361e-12 2.02361e-12
6144.96 1.8649e-12 1.8649e-12
6151.24 1.85231e-12 1.85231e-12
6157.52 1.70407e-12 1.70407e-12
6163.8 1.68943e-12 1.68943e-12
6170.09 1.55128e-12 1.55128e-12
6176.37 1.53484e-12 1.53484e-12
6182.65 1.40643e-12 1.40643e-12
6188.94 1.3884e-12 1.3884e-12
6195.22 1.26938e-12 1.26938e-12
6201.5 1.25001e-12 1.25001e-12
6207.79 1.14003e-12 1.14003e-12
6214.07 1.11954e-12 1.11954e-12
6220.35 1.01826e-12 1.01826e-12
6226.64 9.96897e-13 9.96897e-13
6232.92 9.03987e-13 9.03987e-13
6239.2 8.81975e-13 8.81975e-13
6245.49 7.97101e-13 7.97101e-13
6251.77 7.74681e-13 7.74681e-13
6258.05 6.9752e-13 6.9752e-13
6264.34 6.74929e-13 6.74929e-13
6270.62 6.0516e-13 6.0516e-13
6276.9 5.82636e-13 5.82636e-13
6283.19 5.19944e-13 5.19944e-13
6289.47 4.9773e-13 4.9773e-13
6295.75 4.41803e-13 4.41803e-13
6302.03 4.20139e-13 4.20139e-13
6308.32 3.70672e-13 3.70672e-13
6314.6 3.49801e-13 3.49801e-13
6320.88 3.06492e-13 3.06492e-13
6327.17 2.86659e-13 2.86659e-13
6333.45 2.49209e-13 2.49209e-13
6339.73 2.30661e-13 2.30661e-13
6346.02 1.98776e-13 1.98776e-13
6352.3 1.81763e-13 1.81763e-13
6358.58 1.55152e-13 1.55152e-13
6364.87 1.39923e-13 1.39923e-13
6371.15 1.18301e-13 1.18301e-13
6377.43 1.05109e-13 1.05109e-13
6383.72 8.81908e-14 8.81908e-14
6390 7.72915e-14 7.72915e-14
6396.28 6.47978e-14 6.47978e-14
6402.57 5.64481e-14 5.64481e-14
6408.85 4.81023e-14 4.81023e-14
6415.13 4.25619e-14 4.25619e-14
6421.42 3.80906e-14 3.80906e-14
6427.7 3.56217e-14 3.56217e-14
6433.98 3.47543e-14 3.47543e-14
