0 8.29419e-14 8.29419e-14
6.28319 0.136245 0.136245
12.5664 0.0294384 0.0294384
18.8496 0.0123411 0.0123411
25.1327 0.00673229 0.00673229
31.4159 0.00423259 0.00423259
37.6991 0.00290354 0.00290354
43.9823 0.00211728 0.00211728
50.2655 0.00161026 0.00161026
56.5487 0.00126793 0.00126793
62.8319 0.00102234 0.00102234
69.115 0.000843702 0.000843702
75.3982 0.000706317 0.000706317
81.6814 0.000601671 0.000601671
87.9646 0.00051705 0.00051705
94.2478 0.00045061 0.00045061
100.531 0.000394773 0.000394773
106.814 0.000350012 0.000350012
113.097 0.000311217 0.000311217
119.381 0.000279653 0.000279653
125.664 0.000251596 0.000251596
131.947 0.000228518 0.000228518
138.23 0.000207563 0.000207563
144.513 0.000190187 0.000190187
150.796 0.000174121 0.000174121
157.08 0.000160715 0.000160715
163.363 0.000148123 0.000148123
169.646 0.000137568 0.000137568
175.929 0.000127513 0.000127513
182.212 0.000119056 0.000119056
188.496 0.000110898 0.000110898
194.779 0.000104019 0.000104019
201.062 9.73075e-05 9.73075e-05
207.345 9.16395e-05 9.16395e-05
213.628 8.60498e-05 8.60498e-05
219.911 8.13253e-05 8.13253e-05
226.195 7.66196e-05 7.66196e-05
232.478 7.26413e-05 7.26413e-05
238.761 6.86418e-05 6.86418e-05
245.044 6.52613e-05 6.52613e-05
251.327 6.18327e-05 6.18327e-05
257.611 5.89366e-05 5.89366e-05
263.894 5.59746e-05 5.59746e-05
270.177 5.34753e-05 5.34753e-05
276.46 5.08984e-05 5.08984e-05
282.743 4.8727e-05 4.8727e-05
289.027 4.64709e-05 4.64709e-05
295.31 4.45728e-05 4.45728e-05
301.593 4.25861e-05 4.25861e-05
307.876 4.09177e-05 4.09177e-05
314.159 3.91589e-05 3.91589e-05
320.442 3.76848e-05 3.76848e-05
326.726 3.612e-05 3.612e-05
333.009 3.48115e-05 3.48115e-05
339.292 3.34131e-05 3.34131e-05
345.575 3.22465e-05 3.22465e-05
351.858 3.09915e-05 3.09915e-05
358.142 2.99472e-05 2.99472e-05
364.425 2.88165e-05 2.88165e-05
370.708 2.78781e-05 2.78781e-05
376.991 2.68558e-05 2.68558e-05
383.274 2.60096e-05 2.60096e-05
389.557 2.50821e-05 2.50821e-05
395.841 2.43166e-05 2.43166e-05
402.124 2.34724e-05 2.34724e-05
408.407 2.27778e-05 2.27778e-05
414.69 2.20072e-05 2.20072e-05
420.973 2.1375e-05 2.1375e-05
427.257 2.06697e-05 2.06697e-05
433.54 2.00928e-05 2.00928e-05
439.823 1.94454e-05 1.94454e-05
446.106 1.89177e-05 1.89177e-05
452.389 1.83221e-05 1.83221e-05
458.673 1.78381e-05 1.78381e-05
464.956 1.72889e-05 1.72889e-05
471.239 1.6844e-05 1.6844e-05
477.522 1.63364e-05 1.63364e-05
483.805 1.59266e-05 1.59266e-05
490.088 1.54566e-05 1.54566e-05
496.372 1.50783e-05 1.50783e-05
502.655 1.46422e-05 1.46422e-05
508.938 1.42923e-05 1.42923e-05
515.221 1.38869e-05 1.38869e-05
521.504 1.35627e-05 1.35627e-05
527.788 1.31851e-05 1.31851e-05
534.071 1.28843e-05 1.28843e-05
540.354 1.2532e-05 1.2532e-05
546.637 1.22523e-05 1.22523e-05
552.92 1.19232e-05 1.19232e-05
559.203 1.16627e-05 1.16627e-05
565.487 1.13547e-05 1.13547e-05
571.77 1.11118e-05 1.11118e-05
578.053 1.08232e-05 1.08232e-05
584.336 1.05963e-05 1.05963e-05
590.619 1.03254e-05 1.03254e-05
596.903 1.01133e-05 1.01133e-05
603.186 9.8587e-06 9.8587e-06
609.469 9.66004e-06 9.66004e-06
615.752 9.42049e-06 9.42049e-06
622.035 9.23422e-06 9.23422e-06
628.319 9.00853e-06 9.00853e-06
634.602 8.83367e-06 8.83367e-06
640.885 8.6208e-06 8.6208e-06
647.168 8.45645e-06 8.45645e-06
653.451 8.25545e-06 8.25545e-06
659.734 8.1008e-06 8.1008e-06
666.018 7.9108e-06 7.9108e-06
672.301 7.76513e-06 7.76513e-06
678.584 7.58534e-06 7.58534e-06
684.867 7.44799e-06 7.44799e-06
691.15 7.27769e-06 7.27769e-06
697.434 7.14805e-06 7.14805e-06
703.717 6.9866e-06 6.9866e-06
710 6.86412e-06 6.86412e-06
716.283 6.7109e-06 6.7109e-06
722.566 6.59508e-06 6.59508e-06
728.849 6.44955e-06 6.44955e-06
735.133 6.33993e-06 6.33993e-06
741.416 6.20159e-06 6.20159e-06
747.699 6.09775e-06 6.09775e-06
753.982 5.96613e-06 5.96613e-06
760.265 5.86769e-06 5.86769e-06
766.549 5.74236e-06 5.74236e-06
772.832 5.64896e-06 5.64896e-06
779.115 5.52954e-06 5.52954e-06
785.398 5.44085e-06 5.44085e-06
791.681 5.32698e-06 5.32698e-06
797.965 5.2427e-06 5.2427e-06
804.248 5.13403e-06 5.13403e-06
810.531 5.05389e-06 5.05389e-06
816.814 4.95012e-06 4.95012e-06
823.097 4.87386e-06 4.87386e-06
829.38 4.77471e-06 4.77471e-06
835.664 4.70209e-06 4.70209e-06
841.947 4.60729e-06 4.60729e-06
848.23 4.5381e-06 4.5381e-06
854.513 4.44739e-06 4.44739e-06
860.796 4.38142e-06 4.38142e-06
867.08 4.29458e-06 4.29458e-06
873.363 4.23165e-06 4.23165e-06
879.646 4.14847e-06 4.14847e-06
885.929 4.08839e-06 4.08839e-06
892.212 4.00867e-06 4.00867e-06
898.495 3.9513e-06 3.9513e-06
904.779 3.87484e-06 3.87484e-06
911.062 3.82002e-06 3.82002e-06
917.345 3.74666e-06 3.74666e-06
923.628 3.69424e-06 3.69424e-06
929.911 3.62383e-06 3.62383e-06
936.195 3.57368e-06 3.57368e-06
942.478 3.50605e-06 3.50605e-06
948.761 3.45805e-06 3.45805e-06
955.044 3.39307e-06 3.39307e-06
961.327 3.34711e-06 3.34711e-06
967.611 3.28464e-06 3.28464e-06
973.894 3.24061e-06 3.24061e-06
980.177 3.18053e-06 3.18053e-06
986.46 3.13833e-06 3.13833e-06
992.743 3.08052e-06 3.08052e-06
999.026 3.04005e-06 3.04005e-06
1005.31 2.9844e-06 2.9844e-06
1011.59 2.94558e-06 2.94558e-06
1017.88 2.892e-06 2.892e-06
1024.16 2.85474e-06 2.85474e-06
1030.44 2.80312e-06 2.80312e-06
1036.73 2.76735e-06 2.76735e-06
1043.01 2.71759e-06 2.71759e-06
1049.29 2.68324e-06 2.68324e-06
1055.58 2.63527e-06 2.63527e-06
1061.86 2.60226e-06 2.60226e-06
1068.14 2.556e-06 2.556e-06
1074.42 2.52427e-06 2.52427e-06
1080.71 2.47963e-06 2.47963e-06
1086.99 2.44913e-06 2.44913e-06
1093.27 2.40605e-06 2.40605e-06
1099.56 2.37671e-06 2.37671e-06
1105.84 2.33511e-06 2.33511e-06
1112.12 2.30688e-06 2.30688e-06
1118.41 2.2667e-06 2.2667e-06
1124.69 2.23953e-06 2.23953e-06
1130.97 2.20072e-06 2.20072e-06
1137.26 2.17455e-06 2.17455e-06
1143.54 2.13704e-06 2.13704e-06
1149.82 2.11184e-06 2.11184e-06
1156.11 2.07558e-06 2.07558e-06
1162.39 2.05131e-06 2.05131e-06
1168.67 2.01624e-06 2.01624e-06
1174.96 1.99285e-06 1.99285e-06
1181.24 1.95893e-06 1.95893e-06
1187.52 1.93638e-06 1.93638e-06
1193.81 1.90356e-06 1.90356e-06
1200.09 1.88181e-06 1.88181e-06
1206.37 1.85005e-06 1.85005e-06
1212.65 1.82908e-06 1.82908e-06
1218.94 1.79833e-06 1.79833e-06
1225.22 1.7781e-06 1.7781e-06
1231.5 1.74832e-06 1.74832e-06
1237.79 1.7288e-06 1.7288e-06
1244.07 1.69996e-06 1.69996e-06
1250.35 1.68111e-06 1.68111e-06
1256.64 1.65317e-06 1.65317e-06
1262.92 1.63497e-06 1.63497e-06
1269.2 1.6079e-06 1.6079e-06
1275.49 1.59033e-06 1.59033e-06
1281.77 1.56409e-06 1.56409e-06
1288.05 1.54711e-06 1.54711e-06
1294.34 1.52167e-06 1.52167e-06
1300.62 1.50527e-06 1.50527e-06
1306.9 1.4806e-06 1.4806e-06
1313.19 1.46475e-06 1.46475e-06
1319.47 1.44082e-06 1.44082e-06
1325.75 1.4255e-06 1.4255e-06
1332.04 1.40229e-06 1.40229e-06
1338.32 1.38747e-06 1.38747e-06
1344.6 1.36495e-06 1.36495e-06
1350.88 1.35063e-06 1.35063e-06
1357.17 1.32877e-06 1.32877e-06
1363.45 1.31491e-06 1.31491e-06
1369.73 1.29369e-06 1.29369e-06
1376.02 1.28029e-06 1.28029e-06
1382.3 1.25969e-06 1.25969e-06
1388.58 1.24672e-06 1.24672e-06
1394.87 1.22672e-06 1.22672e-06
1401.15 1.21417e-06 1.21417e-06
1407.43 1.19474e-06 1.19474e-06
1413.72 1.18259e-06 1.18259e-06
1420 1.16371e-06 1.16371e-06
1426.28 1.15195e-06 1.15195e-06
1432.57 1.13362e-06 1.13362e-06
1438.85 1.12223e-06 1.12223e-06
1445.13 1.10441e-06 1.10441e-06
1451.42 1.09338e-06 1.09338e-06
1457.7 1.07606e-06 1.07606e-06
1463.98 1.06538e-06 1.06538e-06
1470.27 1.04854e-06 1.04854e-06
1476.55 1.0382e-06 1.0382e-06
1482.83 1.02182e-06 1.02182e-06
1489.11 1.0118e-06 1.0118e-06
1495.4 9.95882e-07 9.95882e-07
1501.68 9.86169e-07 9.86169e-07
1507.96 9.70686e-07 9.70686e-07
1514.25 9.61273e-07 9.61273e-07
1520.53 9.46213e-07 9.46213e-07
1526.81 9.37089e-07 9.37089e-07
1533.1 9.22438e-07 9.22438e-07
1539.38 9.13593e-07 9.13593e-07
1545.66 8.99337e-07 8.99337e-07
1551.95 8.90761e-07 8.90761e-07
1558.23 8.76888e-07 8.76888e-07
1564.51 8.68573e-07 8.68573e-07
1570.8 8.55071e-07 8.55071e-07
1577.08 8.47006e-07 8.47006e-07
1583.36 8.33864e-07 8.33864e-07
1589.65 8.26042e-07 8.26042e-07
1595.93 8.13247e-07 8.13247e-07
1602.21 8.05659e-07 8.05659e-07
1608.5 7.93201e-07 7.93201e-07
1614.78 7.8584e-07 7.8584e-07
1621.06 7.73709e-07 7.73709e-07
1627.34 7.66567e-07 7.66567e-07
1633.63 7.54752e-07 7.54752e-07
1639.91 7.47821e-07 7.47821e-07
1646.19 7.36314e-07 7.36314e-07
1652.48 7.29587e-07 7.29587e-07
1658.76 7.18377e-07 7.18377e-07
1665.04 7.11849e-07 7.11849e-07
1671.33 7.00927e-07 7.00927e-07
1677.61 6.9459e-07 6.9459e-07
1683.89 6.83949e-07 6.83949e-07
1690.18 6.77796e-07 6.77796e-07
1696.46 6.67427e-07 6.67427e-07
1702.74 6.61453e-07 6.61453e-07
1709.03 6.51347e-07 6.51347e-07
1715.31 6.45547e-07 6.45547e-07
1721.59 6.35697e-07 6.35697e-07
1727.88 6.30065e-07 6.30065e-07
1734.16 6.20463e-07 6.20463e-07
1740.44 6.14993e-07 6.14993e-07
1746.73 6.05632e-07 6.05632e-07
1753.01 6.00319e-07 6.00319e-07
1759.29 5.91192e-07 5.91192e-07
1765.58 5.86032e-07 5.86032e-07
1771.86 5.77132e-07 5.77132e-07
1778.14 5.72119e-07 5.72119e-07
1784.42 5.6344e-07 5.6344e-07
1790.71 5.5857e-07 5.5857e-07
1796.99 5.50106e-07 5.50106e-07
1803.27 5.45374e-07 5.45374e-07
1809.56 5.37118e-07 5.37118e-07
1815.84 5.3252e-07 5.3252e-07
1822.12 5.24467e-07 5.24467e-07
1828.41 5.19998e-07 5.19998e-07
1834.69 5.12142e-07 5.12142e-07
1840.97 5.078e-07 5.078e-07
1847.26 5.00135e-07 5.00135e-07
1853.54 4.95914e-07 4.95914e-07
1859.82 4.88435e-07 4.88435e-07
1866.11 4.84333e-07 4.84333e-07
1872.39 4.77035e-07 4.77035e-07
1878.67 4.73048e-07 4.73048e-07
1884.96 4.65926e-07 4.65926e-07
1891.24 4.62049e-07 4.62049e-07
1897.52 4.55098e-07 4.55098e-07
1903.81 4.5133e-07 4.5133e-07
1910.09 4.44545e-07 4.44545e-07
1916.37 4.40881e-07 4.40881e-07
1922.65 4.34258e-07 4.34258e-07
1928.94 4.30696e-07 4.30696e-07
1935.22 4.24231e-07 4.24231e-07
1941.5 4.20767e-07 4.20767e-07
1947.79 4.14454e-07 4.14454e-07
1954.07 4.11086e-07 4.11086e-07
1960.35 4.04923e-07 4.04923e-07
1966.64 4.01648e-07 4.01648e-07
1972.92 3.9563e-07 3.9563e-07
1979.2 3.92444e-07 3.92444e-07
1985.49 3.86567e-07 3.86567e-07
1991.77 3.83469e-07 3.83469e-07
1998.05 3.7773e-07 3.7773e-07
2004.34 3.74716e-07 3.74716e-07
2010.62 3.69111e-07 3.69111e-07
2016.9 3.6618e-07 3.6618e-07
2023.19 3.60705e-07 3.60705e-07
2029.47 3.57854e-07 3.57854e-07
2035.75 3.52505e-07 3.52505e-07
2042.04 3.49732e-07 3.49732e-07
2048.32 3.44507e-07 3.44507e-07
2054.6 3.41809e-07 3.41809e-07
2060.88 3.36705e-07 3.36705e-07
2067.17 3.3408e-07 3.3408e-07
2073.45 3.29093e-07 3.29093e-07
2079.73 3.26539e-07 3.26539e-07
2086.02 3.21667e-07 3.21667e-07
2092.3 3.19182e-07 3.19182e-07
2098.58 3.14421e-07 3.14421e-07
2104.87 3.12003e-07 3.12003e-07
2111.15 3.0735e-07 3.0735e-07
2117.43 3.04997e-07 3.04997e-07
2123.72 3.00451e-07 3.00451e-07
2130 2.98161e-07 2.98161e-07
2136.28 2.93718e-07 2.93718e-07
2142.57 2.9149e-07 2.9149e-07
2148.85 2.87146e-07 2.87146e-07
2155.13 2.84978e-07 2.84978e-07
2161.42 2.80733e-07 2.80733e-07
2167.7 2.78623e-07 2.78623e-07
2173.98 2.74473e-07 2.74473e-07
2180.27 2.72419e-07 2.72419e-07
2186.55 2.68362e-07 2.68362e-07
2192.83 2.66363e-07 2.66363e-07
2199.11 2.62398e-07 2.62398e-07
2205.4 2.60452e-07 2.60452e-07
2211.68 2.56575e-07 2.56575e-07
2217.96 2.54681e-07 2.54681e-07
2224.25 2.5089e-07 2.5089e-07
2230.53 2.49046e-07 2.49046e-07
2236.81 2.4534e-07 2.4534e-07
2243.1 2.43545e-07 2.43545e-07
2249.38 2.3992e-07 2.3992e-07
2255.66 2.38174e-07 2.38174e-07
2261.95 2.34629e-07 2.34629e-07
2268.23 2.32929e-07 2.32929e-07
2274.51 2.29462e-07 2.29462e-07
2280.8 2.27807e-07 2.27807e-07
2287.08 2.24417e-07 2.24417e-07
2293.36 2.22805e-07 2.22805e-07
2299.65 2.19489e-07 2.19489e-07
2305.93 2.1792e-07 2.1792e-07
2312.21 2.14677e-07 2.14677e-07
2318.5 2.13149e-07 2.13149e-07
2324.78 2.09977e-07 2.09977e-07
2331.06 2.08489e-07 2.08489e-07
2337.34 2.05386e-07 2.05386e-07
2343.63 2.03938e-07 2.03938e-07
2349.91 2.00902e-07 2.00902e-07
2356.19 1.99492e-07 1.99492e-07
2362.48 1.96522e-07 1.96522e-07
2368.76 1.9515e-07 1.9515e-07
2375.04 1.92244e-07 1.92244e-07
2381.33 1.90907e-07 1.90907e-07
2387.61 1.88064e-07 1.88064e-07
2393.89 1.86763e-07 1.86763e-07
2400.18 1.83981e-07 1.83981e-07
2406.46 1.82713e-07 1.82713e-07
2412.74 1.79992e-07 1.79992e-07
2419.03 1.78757e-07 1.78757e-07
2425.31 1.76094e-07 1.76094e-07
2431.59 1.74892e-07 1.74892e-07
2437.88 1.72286e-07 1.72286e-07
2444.16 1.71115e-07 1.71115e-07
2450.44 1.68565e-07 1.68565e-07
2456.73 1.67425e-07 1.67425e-07
2463.01 1.64928e-07 1.64928e-07
2469.29 1.63818e-07 1.63818e-07
2475.58 1.61375e-07 1.61375e-07
2481.86 1.60294e-07 1.60294e-07
2488.14 1.57903e-07 1.57903e-07
2494.42 1.5685e-07 1.5685e-07
2500.71 1.5451e-07 1.5451e-07
2506.99 1.53484e-07 1.53484e-07
2513.27 1.51193e-07 1.51193e-07
2519.56 1.50194e-07 1.50194e-07
2525.84 1.47952e-07 1.47952e-07
2532.12 1.46979e-07 1.46979e-07
2538.41 1.44784e-07 1.44784e-07
2544.69 1.43836e-07 1.43836e-07
2550.97 1.41687e-07 1.41687e-07
2557.26 1.40765e-07 1.40765e-07
2563.54 1.38661e-07 1.38661e-07
2569.82 1.37762e-07 1.37762e-07
2576.11 1.35702e-07 1.35702e-07
2582.39 1.34827e-07 1.34827e-07
2588.67 1.3281e-07 1.3281e-07
2594.96 1.31957e-07 1.31957e-07
2601.24 1.29983e-07 1.29983e-07
2607.52 1.29152e-07 1.29152e-07
2613.81 1.27219e-07 1.27219e-07
2620.09 1.2641e-07 1.2641e-07
2626.37 1.24516e-07 1.24516e-07
2632.65 1.23728e-07 1.23728e-07
2638.94 1.21874e-07 1.21874e-07
2645.22 1.21107e-07 1.21107e-07
2651.5 1.19291e-07 1.19291e-07
2657.79 1.18544e-07 1.18544e-07
2664.07 1.16766e-07 1.16766e-07
2670.35 1.16038e-07 1.16038e-07
2676.64 1.14296e-07 1.14296e-07
2682.92 1.13587e-07 1.13587e-07
2689.2 1.11882e-07 1.11882e-07
2695.49 1.11191e-07 1.11191e-07
2701.77 1.0952e-07 1.0952e-07
2708.05 1.08847e-07 1.08847e-07
2714.34 1.07211e-07 1.07211e-07
2720.62 1.06556e-07 1.06556e-07
2726.9 1.04953e-07 1.04953e-07
2733.19 1.04315e-07 1.04315e-07
2739.47 1.02745e-07 1.02745e-07
2745.75 1.02123e-07 1.02123e-07
2752.04 1.00585e-07 1.00585e-07
2758.32 9.99794e-08 9.99794e-08
2764.6 9.84731e-08 9.84731e-08
2770.88 9.78829e-08 9.78829e-08
2777.17 9.64073e-08 9.64073e-08
2783.45 9.58324e-08 9.58324e-08
2789.73 9.43868e-08 9.43868e-08
2796.02 9.38267e-08 9.38267e-08
2802.3 9.24105e-08 9.24105e-08
2808.58 9.18649e-08 9.18649e-08
2814.87 9.04774e-08 9.04774e-08
2821.15 8.99459e-08 8.99459e-08
2827.43 8.85865e-08 8.85865e-08
2833.72 8.80688e-08 8.80688e-08
2840 8.67368e-08 8.67368e-08
2846.28 8.62325e-08 8.62325e-08
2852.57 8.49274e-08 8.49274e-08
2858.85 8.44361e-08 8.44361e-08
2865.13 8.31573e-08 8.31573e-08
2871.42 8.26787e-08 8.26787e-08
2877.7 8.14257e-08 8.14257e-08
2883.98 8.09594e-08 8.09594e-08
2890.27 7.97316e-08 7.97316e-08
2896.55 7.92774e-08 7.92774e-08
2902.83 7.80741e-08 7.80741e-08
2909.11 7.76317e-08 7.76317e-08
2915.4 7.64525e-08 7.64525e-08
2921.68 7.60215e-08 7.60215e-08
2927.96 7.48659e-08 7.48659e-08
2934.25 7.44461e-08 7.44461e-08
2940.53 7.33135e-08 7.33135e-08
2946.81 7.29045e-08 7.29045e-08
2953.1 7.17946e-08 7.17946e-08
2959.38 7.13962e-08 7.13962e-08
2965.66 7.03083e-08 7.03083e-08
2971.95 6.99202e-08 6.99202e-08
2978.23 6.8854e-08 6.8854e-08
2984.51 6.84759e-08 6.84759e-08
2990.8 6.74308e-08 6.74308e-08
2997.08 6.70625e-08 6.70625e-08
3003.36 6.60382e-08 6.60382e-08
3009.65 6.56794e-08 6.56794e-08
3015.93 6.46753e-08 6.46753e-08
3022.21 6.43258e-08 6.43258e-08
3028.5 6.33416e-08 6.33416e-08
3034.78 6.30012e-08 6.30012e-08
3041.06 6.20364e-08 6.20364e-08
3047.34 6.17047e-08 6.17047e-08
3053.63 6.07589e-08 6.07589e-08
3059.91 6.04359e-08 6.04359e-08
3066.19 5.95087e-08 5.95087e-08
3072.48 5.9194e-08 5.9194e-08
3078.76 5.82851e-08 5.82851e-08
3085.04 5.79785e-08 5.79785e-08
3091.33 5.70875e-08 5.70875e-08
3097.61 5.67889e-08 5.67889e-08
3103.89 5.59152e-08 5.59152e-08
3110.18 5.56244e-08 5.56244e-08
3116.46 5.47679e-08 5.47679e-08
3122.74 5.44845e-08 5.44845e-08
3129.03 5.36448e-08 5.36448e-08
3135.31 5.33688e-08 5.33688e-08
3141.59 5.25454e-08 5.25454e-08
3147.88 5.22766e-08 5.22766e-08
3154.16 5.14693e-08 5.14693e-08
3160.44 5.12074e-08 5.12074e-08
3166.73 5.04159e-08 5.04159e-08
3173.01 5.01607e-08 5.01607e-08
3179.29 4.93846e-08 4.93846e-08
3185.57 4.91361e-08 4.91361e-08
3191.86 4.83751e-08 4.83751e-08
3198.14 4.8133e-08 4.8133e-08
3204.42 4.73868e-08 4.73868e-08
3210.71 4.7151e-08 4.7151e-08
3216.99 4.64192e-08 4.64192e-08
3223.27 4.61895e-08 4.61895e-08
3229.56 4.54719e-08 4.54719e-08
3235.84 4.52482e-08 4.52482e-08
3242.12 4.45445e-08 4.45445e-08
3248.41 4.43266e-08 4.43266e-08
3254.69 4.36365e-08 4.36365e-08
3260.97 4.34243e-08 4.34243e-08
3267.26 4.27474e-08 4.27474e-08
3273.54 4.25407e-08 4.25407e-08
3279.82 4.1877e-08 4.1877e-08
3286.11 4.16756e-08 4.16756e-08
3292.39 4.10247e-08 4.10247e-08
3298.67 4.08285e-08 4.08285e-08
3304.96 4.01901e-08 4.01901e-08
3311.24 3.99991e-08 3.99991e-08
3317.52 3.93729e-08 3.93729e-08
3323.81 3.91869e-08 3.91869e-08
3330.09 3.85727e-08 3.85727e-08
3336.37 3.83915e-08 3.83915e-08
3342.65 3.77891e-08 3.77891e-08
3348.94 3.76126e-08 3.76126e-08
3355.22 3.70218e-08 3.70218e-08
3361.5 3.68499e-08 3.68499e-08
3367.79 3.62704e-08 3.62704e-08
3374.07 3.6103e-08 3.6103e-08
3380.35 3.55345e-08 3.55345e-08
3386.64 3.53715e-08 3.53715e-08
3392.92 3.48139e-08 3.48139e-08
3399.2 3.46551e-08 3.46551e-08
3405.49 3.41082e-08 3.41082e-08
3411.77 3.39535e-08 3.39535e-08
3418.05 3.3417e-08 3.3417e-08
3424.34 3.32663e-08 3.32663e-08
3430.62 3.274e-08 3.274e-08
3436.9 3.25933e-08 3.25933e-08
3443.19 3.2077e-08 3.2077e-08
3449.47 3.19341e-08 3.19341e-08
3455.75 3.14277e-08 3.14277e-08
3462.04 3.12885e-08 3.12885e-08
3468.32 3.07917e-08 3.07917e-08
3474.6 3.06562e-08 3.06562e-08
3480.88 3.01688e-08 3.01688e-08
3487.17 3.00368e-08 3.00368e-08
3493.45 2.95586e-08 2.95586e-08
3499.73 2.94301e-08 2.94301e-08
3506.02 2.8961e-08 2.8961e-08
3512.3 2.88358e-08 2.88358e-08
3518.58 2.83756e-08 2.83756e-08
3524.87 2.82536e-08 2.82536e-08
3531.15 2.78021e-08 2.78021e-08
3537.43 2.76834e-08 2.76834e-08
3543.72 2.72404e-08 2.72404e-08
3550 2.71248e-08 2.71248e-08
3556.28 2.66902e-08 2.66902e-08
3562.57 2.65775e-08 2.65775e-08
3568.85 2.61511e-08 2.61511e-08
3575.13 2.60415e-08 2.60415e-08
3581.42 2.56231e-08 2.56231e-08
3587.7 2.55163e-08 2.55163e-08
3593.98 2.51058e-08 2.51058e-08
3600.27 2.50018e-08 2.50018e-08
3606.55 2.4599e-08 2.4599e-08
3612.83 2.44977e-08 2.44977e-08
3619.11 2.41026e-08 2.41026e-08
3625.4 2.40039e-08 2.40039e-08
3631.68 2.36162e-08 2.36162e-08
3637.96 2.35201e-08 2.35201e-08
3644.25 2.31397e-08 2.31397e-08
3650.53 2.30461e-08 2.30461e-08
3656.81 2.26728e-08 2.26728e-08
3663.1 2.25817e-08 2.25817e-08
3669.38 2.22154e-08 2.22154e-08
3675.66 2.21267e-08 2.21267e-08
3681.95 2.17673e-08 2.17673e-08
3688.23 2.16809e-08 2.16809e-08
3694.51 2.13282e-08 2.13282e-08
3700.8 2.1244e-08 2.1244e-08
3707.08 2.08979e-08 2.08979e-08
3713.36 2.0816e-08 2.0816e-08
3719.65 2.04764e-08 2.04764e-08
3725.93 2.03966e-08 2.03966e-08
3732.21 2.00634e-08 2.00634e-08
3738.5 1.99857e-08 1.99857e-08
3744.78 1.96586e-08 1.96586e-08
3751.06 1.9583e-08 1.9583e-08
3757.34 1.92621e-08 1.92621e-08
3763.63 1.91884e-08 1.91884e-08
3769.91 1.88735e-08 1.88735e-08
3776.19 1.88017e-08 1.88017e-08
3782.48 1.84927e-08 1.84927e-08
3788.76 1.84228e-08 1.84228e-08
3795.04 1.81195e-08 1.81195e-08
3801.33 1.80515e-08 1.80515e-08
3807.61 1.77539e-08 1.77539e-08
3813.89 1.76876e-08 1.76876e-08
3820.18 1.73955e-08 1.73955e-08
3826.46 1.7331e-08 1.7331e-08
3832.74 1.70444e-08 1.70444e-08
3839.03 1.69815e-08 1.69815e-08
3845.31 1.67002e-08 1.67002e-08
3851.59 1.6639e-08 1.6639e-08
3857.88 1.6363e-08 1.6363e-08
3864.16 1.63034e-08 1.63034e-08
3870.44 1.60325e-08 1.60325e-08
3876.73 1.59744e-08 1.59744e-08
3883.01 1.57086e-08 1.57086e-08
3889.29 1.5652e-08 1.5652e-08
3895.57 1.53911e-08 1.53911e-08
3901.86 1.53361e-08 1.53361e-08
3908.14 1.508e-08 1.508e-08
3914.42 1.50264e-08 1.50264e-08
3920.71 1.47751e-08 1.47751e-08
3926.99 1.47229e-08 1.47229e-08
3933.27 1.44762e-08 1.44762e-08
3939.56 1.44254e-08 1.44254e-08
3945.84 1.41833e-08 1.41833e-08
3952.12 1.41338e-08 1.41338e-08
3958.41 1.38962e-08 1.38962e-08
3964.69 1.3848e-08 1.3848e-08
3970.97 1.36148e-08 1.36148e-08
3977.26 1.35678e-08 1.35678e-08
3983.54 1.3339e-08 1.3339e-08
3989.82 1.32933e-08 1.32933e-08
3996.11 1.30687e-08 1.30687e-08
4002.39 1.30241e-08 1.30241e-08
4008.67 1.28037e-08 1.28037e-08
4014.96 1.27603e-08 1.27603e-08
4021.24 1.2544e-08 1.2544e-08
4027.52 1.25017e-08 1.25017e-08
4033.8 1.22894e-08 1.22894e-08
4040.09 1.22482e-08 1.22482e-08
4046.37 1.20398e-08 1.20398e-08
4052.65 1.19997e-08 1.19997e-08
4058.94 1.17952e-08 1.17952e-08
4065.22 1.17561e-08 1.17561e-08
4071.5 1.15554e-08 1.15554e-08
4077.79 1.15173e-08 1.15173e-08
4084.07 1.13204e-08 1.13204e-08
4090.35 1.12832e-08 1.12832e-08
4096.64 1.10899e-08 1.10899e-08
4102.92 1.10538e-08 1.10538e-08
4109.2 1.0864e-08 1.0864e-08
4115.49 1.08288e-08 1.08288e-08
4121.77 1.06426e-08 1.06426e-08
4128.05 1.06083e-08 1.06083e-08
4134.34 1.04255e-08 1.04255e-08
4140.62 1.03921e-08 1.03921e-08
4146.9 1.02127e-08 1.02127e-08
4153.19 1.01801e-08 1.01801e-08
4159.47 1.00041e-08 1.00041e-08
4165.75 9.97235e-09 9.97235e-09
4172.04 9.79959e-09 9.79959e-09
4178.32 9.76863e-09 9.76863e-09
4184.6 9.59909e-09 9.59909e-09
4190.88 9.56891e-09 9.56891e-09
4197.17 9.40252e-09 9.40252e-09
4203.45 9.37311e-09 9.37311e-09
4209.73 9.2098e-09 9.2098e-09
4216.02 9.18113e-09 9.18113e-09
4222.3 9.02086e-09 9.02086e-09
4228.58 8.99292e-09 8.99292e-09
4234.87 8.83563e-09 8.83563e-09
4241.15 8.80838e-09 8.80838e-09
4247.43 8.65402e-09 8.65402e-09
4253.72 8.62746e-09 8.62746e-09
4260 8.47596e-09 8.47596e-09
4266.28 8.45007e-09 8.45007e-09
4272.57 8.30139e-09 8.30139e-09
4278.85 8.27614e-09 8.27614e-09
4285.13 8.13023e-09 8.13023e-09
4291.42 8.10561e-09 8.10561e-09
4297.7 7.96241e-09 7.96241e-09
4303.98 7.9384e-09 7.9384e-09
4310.27 7.79788e-09 7.79788e-09
4316.55 7.77445e-09 7.77445e-09
4322.83 7.63655e-09 7.63655e-09
4329.11 7.6137e-09 7.6137e-09
4335.4 7.47837e-09 7.47837e-09
4341.68 7.45608e-09 7.45608e-09
4347.96 7.32328e-09 7.32328e-09
4354.25 7.30153e-09 7.30153e-09
4360.53 7.1712e-09 7.1712e-09
4366.81 7.14999e-09 7.14999e-09
4373.1 7.0221e-09 7.0221e-09
4379.38 7.00139e-09 7.00139e-09
4385.66 6.87589e-09 6.87589e-09
4391.95 6.85569e-09 6.85569e-09
4398.23 6.73253e-09 6.73253e-09
4404.51 6.71281e-09 6.71281e-09
4410.8 6.59196e-09 6.59196e-09
4417.08 6.57271e-09 6.57271e-09
4423.36 6.45413e-09 6.45413e-09
4429.65 6.43534e-09 6.43534e-09
4435.93 6.31897e-09 6.31897e-09
4442.21 6.30062e-09 6.30062e-09
4448.5 6.18644e-09 6.18644e-09
4454.78 6.16853e-09 6.16853e-09
4461.06 6.05649e-09 6.05649e-09
4467.34 6.03899e-09 6.03899e-09
4473.63 5.92906e-09 5.92906e-09
4479.91 5.91197e-09 5.91197e-09
4486.19 5.8041e-09 5.8041e-09
4492.48 5.7874e-09 5.7874e-09
4498.76 5.68157e-09 5.68157e-09
4505.04 5.66526e-09 5.66526e-09
4511.33 5.56141e-09 5.56141e-09
4517.61 5.54547e-09 5.54547e-09
4523.89 5.44359e-09 5.44359e-09
4530.18 5.42801e-09 5.42801e-09
4536.46 5.32805e-09 5.32805e-09
4542.74 5.31282e-09 5.31282e-09
4549.03 5.21475e-09 5.21475e-09
4555.31 5.19986e-09 5.19986e-09
4561.59 5.10365e-09 5.10365e-09
4567.88 5.08909e-09 5.08909e-09
4574.16 4.99469e-09 4.99469e-09
4580.44 4.98046e-09 4.98046e-09
4586.73 4.88785e-09 4.88785e-09
4593.01 4.87393e-09 4.87393e-09
4599.29 4.78308e-09 4.78308e-09
4605.57 4.76946e-09 4.76946e-09
4611.86 4.68034e-09 4.68034e-09
4618.14 4.66701e-09 4.66701e-09
4624.42 4.57958e-09 4.57958e-09
4630.71 4.56654e-09 4.56654e-09
4636.99 4.48078e-09 4.48078e-09
4643.27 4.46801e-09 4.46801e-09
4649.56 4.38388e-09 4.38388e-09
4655.84 4.37138e-09 4.37138e-09
4662.12 4.28887e-09 4.28887e-09
4668.41 4.27663e-09 4.27663e-09
4674.69 4.19569e-09 4.19569e-09
4680.97 4.1837e-09 4.1837e-09
4687.26 4.10431e-09 4.10431e-09
4693.54 4.09257e-09 4.09257e-09
4699.82 4.0147e-09 4.0147e-09
4706.11 4.00319e-09 4.00319e-09
4712.39 3.92683e-09 3.92683e-09
4718.67 3.91555e-09 3.91555e-09
4724.96 3.84065e-09 3.84065e-09
4731.24 3.82959e-09 3.82959e-09
4737.52 3.75614e-09 3.75614e-09
4743.8 3.7453e-09 3.7453e-09
4750.09 3.67327e-09 3.67327e-09
4756.37 3.66264e-09 3.66264e-09
4762.65 3.592e-09 3.592e-09
4768.94 3.58157e-09 3.58157e-09
4775.22 3.5123e-09 3.5123e-09
4781.5 3.50207e-09 3.50207e-09
4787.79 3.43414e-09 3.43414e-09
4794.07 3.4241e-09 3.4241e-09
4800.35 3.3575e-09 3.3575e-09
4806.64 3.34764e-09 3.34764e-09
4812.92 3.28233e-09 3.28233e-09
4819.2 3.27266e-09 3.27266e-09
4825.49 3.20863e-09 3.20863e-09
4831.77 3.19913e-09 3.19913e-09
4838.05 3.13635e-09 3.13635e-09
4844.34 3.12701e-09 3.12701e-09
4850.62 3.06547e-09 3.06547e-09
4856.9 3.0563e-09 3.0563e-09
4863.19 2.99596e-09 2.99596e-09
4869.47 2.98695e-09 2.98695e-09
4875.75 2.9278e-09 2.9278e-09
4882.03 2.91894e-09 2.91894e-09
4888.32 2.86096e-09 2.86096e-09
4894.6 2.85225e-09 2.85225e-09
4900.88 2.79541e-09 2.79541e-09
4907.17 2.78685e-09 2.78685e-09
4913.45 2.73114e-09 2.73114e-09
4919.73 2.72271e-09 2.72271e-09
4926.02 2.66811e-09 2.66811e-09
4932.3 2.65982e-09 2.65982e-09
4938.58 2.60631e-09 2.60631e-09
4944.87 2.59815e-09 2.59815e-09
4951.15 2.54571e-09 2.54571e-09
4957.43 2.53767e-09 2.53767e-09
4963.72 2.48628e-09 2.48628e-09
4970 2.47837e-09 2.47837e-09
4976.28 2.42801e-09 2.42801e-09
4982.57 2.42022e-09 2.42022e-09
4988.85 2.37087e-09 2.37087e-09
4995.13 2.3632e-09 2.3632e-09
5001.42 2.31484e-09 2.31484e-09
5007.7 2.30728e-09 2.30728e-09
5013.98 2.25991e-09 2.25991e-09
5020.27 2.25246e-09 2.25246e-09
5026.55 2.20605e-09 2.20605e-09
5032.83 2.1987e-09 2.1987e-09
5039.11 2.15323e-09 2.15323e-09
5045.4 2.14599e-09 2.14599e-09
5051.68 2.10145e-09 2.10145e-09
5057.96 2.0943e-09 2.0943e-09
5064.25 2.05068e-09 2.05068e-09
5070.53 2.04363e-09 2.04363e-09
5076.81 2.0009e-09 2.0009e-09
5083.1 1.99394e-09 1.99394e-09
5089.38 1.95209e-09 1.95209e-09
5095.66 1.94523e-09 1.94523e-09
5101.95 1.90424e-09 1.90424e-09
5108.23 1.89747e-09 1.89747e-09
5114.51 1.85733e-09 1.85733e-09
5120.8 1.85064e-09 1.85064e-09
5127.08 1.81135e-09 1.81135e-09
5133.36 1.80474e-09 1.80474e-09
5139.65 1.76626e-09 1.76626e-09
5145.93 1.75973e-09 1.75973e-09
5152.21 1.72206e-09 1.72206e-09
5158.5 1.71561e-09 1.71561e-09
5164.78 1.67873e-09 1.67873e-09
5171.06 1.67236e-09 1.67236e-09
5177.34 1.63626e-09 1.63626e-09
5183.63 1.62996e-09 1.62996e-09
5189.91 1.59463e-09 1.59463e-09
5196.19 1.5884e-09 1.5884e-09
5202.48 1.55382e-09 1.55382e-09
5208.76 1.54766e-09 1.54766e-09
5215.04 1.51382e-09 1.51382e-09
5221.33 1.50773e-09 1.50773e-09
5227.61 1.47461e-09 1.47461e-09
5233.89 1.46859e-09 1.46859e-09
5240.18 1.43619e-09 1.43619e-09
5246.46 1.43023e-09 1.43023e-09
5252.74 1.39853e-09 1.39853e-09
5259.03 1.39263e-09 1.39263e-09
5265.31 1.36162e-09 1.36162e-09
5271.59 1.35578e-09 1.35578e-09
5277.88 1.32545e-09 1.32545e-09
5284.16 1.31967e-09 1.31967e-09
5290.44 1.29e-09 1.29e-09
5296.73 1.28428e-09 1.28428e-09
5303.01 1.25526e-09 1.25526e-09
5309.29 1.24961e-09 1.24961e-09
5315.57 1.22123e-09 1.22123e-09
5321.86 1.21563e-09 1.21563e-09
5328.14 1.18788e-09 1.18788e-09
5334.42 1.18233e-09 1.18233e-09
5340.71 1.15521e-09 1.15521e-09
5346.99 1.14971e-09 1.14971e-09
5353.27 1.12319e-09 1.12319e-09
5359.56 1.11775e-09 1.11775e-09
5365.84 1.09183e-09 1.09183e-09
5372.12 1.08644e-09 1.08644e-09
5378.41 1.06111e-09 1.06111e-09
5384.69 1.05577e-09 1.05577e-09
5390.97 1.03102e-09 1.03102e-09
5397.26 1.02572e-09 1.02572e-09
5403.54 1.00154e-09 1.00154e-09
5409.82 9.96296e-10 9.96296e-10
5416.11 9.72673e-10 9.72673e-10
5422.39 9.67474e-10 9.67474e-10
5428.67 9.44398e-10 9.44398e-10
5434.96 9.39247e-10 9.39247e-10
5441.24 9.1671e-10 9.1671e-10
5447.52 9.11604e-10 9.11604e-10
5453.8 8.89597e-10 8.89597e-10
5460.09 8.84536e-10 8.84536e-10
5466.37 8.63049e-10 8.63049e-10
5472.65 8.58033e-10 8.58033e-10
5478.94 8.37057e-10 8.37057e-10
5485.22 8.32086e-10 8.32086e-10
5491.5 8.11612e-10 8.11612e-10
5497.79 8.06685e-10 8.06685e-10
5504.07 7.86704e-10 7.86704e-10
5510.35 7.8182e-10 7.8182e-10
5516.64 7.62324e-10 7.62324e-10
5522.92 7.57483e-10 7.57483e-10
5529.2 7.38464e-10 7.38464e-10
5535.49 7.33665e-10 7.33665e-10
5541.77 7.15114e-10 7.15114e-10
5548.05 7.10358e-10 7.10358e-10
5554.34 6.92266e-10 6.92266e-10
5560.62 6.87552e-10 6.87552e-10
5566.9 6.69912e-10 6.69912e-10
5573.19 6.6524e-10 6.6524e-10
5579.47 6.48044e-10 6.48044e-10
5585.75 6.43414e-10 6.43414e-10
5592.03 6.26654e-10 6.26654e-10
5598.32 6.22066e-10 6.22066e-10
5604.6 6.05734e-10 6.05734e-10
5610.88 6.01188e-10 6.01188e-10
5617.17 5.85277e-10 5.85277e-10
5623.45 5.80772e-10 5.80772e-10
5629.73 5.65274e-10 5.65274e-10
5636.02 5.60811e-10 5.60811e-10
5642.3 5.4572e-10 5.4572e-10
5648.58 5.41298e-10 5.41298e-10
5654.87 5.26606e-10 5.26606e-10
5661.15 5.22227e-10 5.22227e-10
5667.43 5.07926e-10 5.07926e-10
5673.72 5.03589e-10 5.03589e-10
5680 4.89674e-10 4.89674e-10
5686.28 4.85379e-10 4.85379e-10
5692.57 4.71841e-10 4.71841e-10
5698.85 4.67589e-10 4.67589e-10
5705.13 4.54424e-10 4.54424e-10
5711.42 4.50214e-10 4.50214e-10
5717.7 4.37413e-10 4.37413e-10
5723.98 4.33247e-10 4.33247e-10
5730.27 4.20805e-10 4.20805e-10
5736.55 4.16682e-10 4.16682e-10
5742.83 4.04592e-10 4.04592e-10
5749.11 4.00514e-10 4.00514e-10
5755.4 3.88769e-10 3.88769e-10
5761.68 3.84735e-10 3.84735e-10
5767.96 3.73331e-10 3.73331e-10
5774.25 3.69342e-10 3.69342e-10
5780.53 3.58271e-10 3.58271e-10
5786.81 3.54327e-10 3.54327e-10
5793.1 3.43584e-10 3.43584e-10
5799.38 3.39686e-10 3.39686e-10
5805.66 3.29265e-10 3.29265e-10
5811.95 3.25413e-10 3.25413e-10
5818.23 3.15308e-10 3.15308e-10
5824.51 3.11504e-10 3.11504e-10
5830.8 3.01709e-10 3.01709e-10
5837.08 2.97954e-10 2.97954e-10
5843.36 2.88464e-10 2.88464e-10
5849.65 2.84756e-10 2.84756e-10
5855.93 2.75566e-10 2.75566e-10
5862.21 2.71908e-10 2.71908e-10
5868.5 2.63011e-10 2.63011e-10
5874.78 2.59403e-10 2.59403e-10
5881.06 2.50796e-10 2.50796e-10
5887.34 2.47239e-10 2.47239e-10
5893.63 2.38914e-10 2.38914e-10
5899.91 2.3541e-10 2.3541e-10
5906.19 2.27363e-10 2.27363e-10
5912.48 2.23911e-10 2.23911e-10
5918.76 2.16139e-10 2.16139e-10
5925.04 2.1274e-10 2.1274e-10
5931.33 2.05236e-10 2.05236e-10
5937.61 2.01892e-10 2.01892e-10
5943.89 1.94651e-10 1.94651e-10
5950.18 1.91363e-10 1.91363e-10
5956.46 1.8438e-10 1.8438e-10
5962.74 1.81149e-10 1.81149e-10
5969.03 1.74421e-10 1.74421e-10
5975.31 1.71247e-10 1.71247e-10
5981.59 1.64768e-10 1.64768e-10
5987.88 1.61653e-10 1.61653e-10
5994.16 1.55418e-10 1.55418e-10
6000.44 1.52363e-10 1.52363e-10
6006.73 1.46369e-10 1.46369e-10
6013.01 1.43375e-10 1.43375e-10
6019.29 1.37617e-10 1.37617e-10
6025.57 1.34685e-10 1.34685e-10
6031.86 1.29159e-10 1.29159e-10
6038.14 1.26291e-10 1.26291e-10
6044.42 1.20992e-10 1.20992e-10
6050.71 1.18188e-10 1.18188e-10
6056.99 1.13112e-10 1.13112e-10
6063.27 1.10375e-10 1.10375e-10
6069.56 1.05518e-10 1.05518e-10
6075.84 1.02847e-10 1.02847e-10
6082.12 9.82053e-11 9.82053e-11
6088.41 9.56041e-11 9.56041e-11
6094.69 9.11728e-11 9.11728e-11
6100.97 8.86417e-11 8.86417e-11
6107.26 8.44174e-11 8.44174e-11
6113.54 8.1958e-11 8.1958e-11
6119.82 7.79368e-11 7.79368e-11
6126.11 7.55506e-11 7.55506e-11
6132.39 7.17286e-11 7.17286e-11
6138.67 6.9417e-11 6.9417e-11
6144.96 6.57906e-11 6.57906e-11
6151.24 6.35552e-11 6.35552e-11
6157.52 6.01207e-11 6.01207e-11
6163.8 5.79631e-11 5.79631e-11
6170.09 5.47168e-11 5.47168e-11
6176.37 5.26387e-11 5.26387e-11
6182.65 4.95771e-11 4.95771e-11
6188.94 4.758e-11 4.758e-11
6195.22 4.46996e-11 4.46996e-11
6201.5 4.27853e-11 4.27853e-11
6207.79 4.00826e-11 4.00826e-11
6214.07 3.82528e-11 3.82528e-11
6220.35 3.57245e-11 3.57245e-11
6226.64 3.3981e-11 3.3981e-11
6232.92 3.16237e-11 3.16237e-11
6239.2 2.99682e-11 2.99682e-11
6245.49 2.77787e-11 2.77787e-11
6251.77 2.62132e-11 2.62132e-11
6258.05 2.41882e-11 2.41882e-11
6264.34 2.27145e-11 2.27145e-11
6270.62 2.08509e-11 2.08509e-11
6276.9 1.94709e-11 1.94709e-11
6283.19 1.77655e-11 1.77655e-11
6289.47 1.64812e-11 1.64812e-11
6295.75 1.4931e-11 1.4931e-11
6302.03 1.37444e-11 1.37444e-11
6308.32 1.23464e-11 1.23464e-11
6314.6 1.12595e-11 1.12595e-11
6320.88 1.00107e-11 1.00107e-11
6327.17 9.0256e-12 9.0256e-12
6333.45 7.92314e-12 7.92314e-12
6339.73 7.04191e-12 7.04191e-12
6346.02 6.08291e-12 6.08291e-12
6352.3 5.30773e-12 5.30773e-12
6358.58 4.48938e-12 4.48938e-12
6364.87 3.82243e-12 3.82243e-12
6371.15 3.14196e-12 3.14196e-12
6377.43 2.5855e-12 2.5855e-12
6383.72 2.04019e-12 2.04019e-12
6390 1.59647e-12 1.59647e-12
6396.28 1.18366e-12 1.18366e-12
6402.57 8.55014e-13 8.55014e-13
6408.85 5.72079e-13 5.72079e-13
6415.13 3.60855e-13 3.60855e-13
6421.42 2.05215e-13 2.05215e-13
6427.7 1.13819e-13 1.13819e-13
6433.98 8.29419e-14 8.29419e-14
