0 6.0894e-15 6.0894e-15
6.28319 0.0108864 0.0108864
12.5664 0.00271426 0.00271426
18.8496 0.00120666 0.00120666
25.1327 0.00067705 0.00067705
31.4159 0.000433661 0.000433661
37.6991 0.000300205 0.000300205
43.9823 0.000220673 0.000220673
50.2655 0.000168346 0.000168346
56.5487 0.000133028 0.000133028
62.8319 0.00010732 0.00010732
69.115 8.86656e-05 8.86656e-05
75.3982 7.41719e-05 7.41719e-05
81.6814 6.31529e-05 6.31529e-05
87.9646 5.41872e-05 5.41872e-05
94.2478 4.71481e-05 4.71481e-05
100.531 4.12184e-05 4.12184e-05
106.814 3.64539e-05 3.64539e-05
113.097 3.2329e-05 3.2329e-05
119.381 2.89574e-05 2.89574e-05
125.664 2.59726e-05 2.59726e-05
131.947 2.35009e-05 2.35009e-05
138.23 2.12715e-05 2.12715e-05
144.513 1.9407e-05 1.9407e-05
150.796 1.7698e-05 1.7698e-05
157.08 1.62577e-05 1.62577e-05
163.363 1.4919e-05 1.4919e-05
169.646 1.3784e-05 1.3784e-05
175.929 1.27159e-05 1.27159e-05
182.212 1.18062e-05 1.18062e-05
188.496 1.09406e-05 1.09406e-05
194.779 1.02006e-05 1.02006e-05
201.062 9.48953e-06 9.48953e-06
207.345 8.88001e-06 8.88001e-06
213.628 8.28887e-06 8.28887e-06
219.911 7.78115e-06 7.78115e-06
226.195 7.28459e-06 7.28459e-06
232.478 6.85751e-06 6.85751e-06
238.761 6.43654e-06 6.43654e-06
245.044 6.07414e-06 6.07414e-06
251.327 5.71432e-06 5.71432e-06
257.611 5.40441e-06 5.40441e-06
263.894 5.0946e-06 5.0946e-06
270.177 4.82771e-06 4.82771e-06
276.46 4.55921e-06 4.55921e-06
282.743 4.32793e-06 4.32793e-06
289.027 4.09384e-06 4.09384e-06
295.31 3.89228e-06 3.89228e-06
301.593 3.6871e-06 3.6871e-06
307.876 3.51054e-06 3.51054e-06
314.159 3.32982e-06 3.32982e-06
320.442 3.17444e-06 3.17444e-06
326.726 3.01457e-06 3.01457e-06
333.009 2.87725e-06 2.87725e-06
339.292 2.73525e-06 2.73525e-06
345.575 2.61342e-06 2.61342e-06
351.858 2.48682e-06 2.48682e-06
358.142 2.37835e-06 2.37835e-06
364.425 2.26512e-06 2.26512e-06
370.708 2.16823e-06 2.16823e-06
376.991 2.06663e-06 2.06663e-06
383.274 1.97983e-06 1.97983e-06
389.557 1.88841e-06 1.88841e-06
395.841 1.81044e-06 1.81044e-06
402.124 1.72797e-06 1.72797e-06
408.407 1.65776e-06 1.65776e-06
414.69 1.58319e-06 1.58319e-06
420.973 1.51981e-06 1.51981e-06
427.257 1.45223e-06 1.45223e-06
433.54 1.3949e-06 1.3949e-06
439.823 1.33353e-06 1.33353e-06
446.106 1.28158e-06 1.28158e-06
452.389 1.22574e-06 1.22574e-06
458.673 1.17857e-06 1.17857e-06
464.956 1.12768e-06 1.12768e-06
471.239 1.08479e-06 1.08479e-06
477.522 1.03834e-06 1.03834e-06
483.805 9.99272e-07 9.99272e-07
490.088 9.56803e-07 9.56803e-07
496.372 9.21174e-07 9.21174e-07
502.655 8.82295e-07 8.82295e-07
508.938 8.49758e-07 8.49758e-07
515.221 8.1412e-07 8.1412e-07
521.504 7.84371e-07 7.84371e-07
527.788 7.51665e-07 7.51665e-07
534.071 7.24435e-07 7.24435e-07
540.354 6.94387e-07 6.94387e-07
546.637 6.69438e-07 6.69438e-07
552.92 6.41804e-07 6.41804e-07
559.203 6.18922e-07 6.18922e-07
565.487 5.93484e-07 5.93484e-07
571.77 5.72481e-07 5.72481e-07
578.053 5.49043e-07 5.49043e-07
584.336 5.29749e-07 5.29749e-07
590.619 5.08137e-07 5.08137e-07
596.903 4.90399e-07 4.90399e-07
603.186 4.70455e-07 4.70455e-07
609.469 4.54137e-07 4.54137e-07
615.752 4.35719e-07 4.35719e-07
622.035 4.20699e-07 4.20699e-07
628.319 4.03679e-07 4.03679e-07
634.602 3.89844e-07 3.89844e-07
640.885 3.74106e-07 3.74106e-07
647.168 3.61357e-07 3.61357e-07
653.451 3.46796e-07 3.46796e-07
659.734 3.35042e-07 3.35042e-07
666.018 3.21562e-07 3.21562e-07
672.301 3.1072e-07 3.1072e-07
678.584 2.98236e-07 2.98236e-07
684.867 2.88232e-07 2.88232e-07
691.15 2.76663e-07 2.76663e-07
697.434 2.67428e-07 2.67428e-07
703.717 2.56703e-07 2.56703e-07
710 2.48175e-07 2.48175e-07
716.283 2.38229e-07 2.38229e-07
722.566 2.30352e-07 2.30352e-07
728.849 2.21124e-07 2.21124e-07
735.133 2.13845e-07 2.13845e-07
741.416 2.0528e-07 2.0528e-07
747.699 1.98554e-07 1.98554e-07
753.982 1.90601e-07 1.90601e-07
760.265 1.84383e-07 1.84383e-07
766.549 1.76997e-07 1.76997e-07
772.832 1.71247e-07 1.71247e-07
779.115 1.64385e-07 1.64385e-07
785.398 1.59068e-07 1.59068e-07
791.681 1.52691e-07 1.52691e-07
797.965 1.47773e-07 1.47773e-07
804.248 1.41845e-07 1.41845e-07
810.531 1.37296e-07 1.37296e-07
816.814 1.31783e-07 1.31783e-07
823.097 1.27574e-07 1.27574e-07
829.38 1.22447e-07 1.22447e-07
835.664 1.18553e-07 1.18553e-07
841.947 1.13783e-07 1.13783e-07
848.23 1.1018e-07 1.1018e-07
854.513 1.05741e-07 1.05741e-07
860.796 1.02406e-07 1.02406e-07
867.08 9.8275e-08 9.8275e-08
873.363 9.51891e-08 9.51891e-08
879.646 9.13431e-08 9.13431e-08
885.929 8.84871e-08 8.84871e-08
892.212 8.49059e-08 8.49059e-08
898.495 8.22626e-08 8.22626e-08
904.779 7.89275e-08 7.89275e-08
911.062 7.64809e-08 7.64809e-08
917.345 7.33743e-08 7.33743e-08
923.628 7.11099e-08 7.11099e-08
929.911 6.82157e-08 6.82157e-08
936.195 6.61198e-08 6.61198e-08
942.478 6.3423e-08 6.3423e-08
948.761 6.14832e-08 6.14832e-08
955.044 5.89698e-08 5.89698e-08
961.327 5.71746e-08 5.71746e-08
967.611 5.48318e-08 5.48318e-08
973.894 5.31704e-08 5.31704e-08
980.177 5.09862e-08 5.09862e-08
986.46 4.94487e-08 4.94487e-08
992.743 4.74122e-08 4.74122e-08
999.026 4.59895e-08 4.59895e-08
1005.31 4.40903e-08 4.40903e-08
1011.59 4.27739e-08 4.27739e-08
1017.88 4.10025e-08 4.10025e-08
1024.16 3.97846e-08 3.97846e-08
1030.44 3.81322e-08 3.81322e-08
1036.73 3.70055e-08 3.70055e-08
1043.01 3.54638e-08 3.54638e-08
1049.29 3.44216e-08 3.44216e-08
1055.58 3.29831e-08 3.29831e-08
1061.86 3.20191e-08 3.20191e-08
1068.14 3.06766e-08 3.06766e-08
1074.42 2.97851e-08 2.97851e-08
1080.71 2.85321e-08 2.85321e-08
1086.99 2.77078e-08 2.77078e-08
1093.27 2.65381e-08 2.65381e-08
1099.56 2.5776e-08 2.5776e-08
1105.84 2.46839e-08 2.46839e-08
1112.12 2.39794e-08 2.39794e-08
1118.41 2.29597e-08 2.29597e-08
1124.69 2.23086e-08 2.23086e-08
1130.97 2.13563e-08 2.13563e-08
1137.26 2.07547e-08 2.07547e-08
1143.54 1.98652e-08 1.98652e-08
1149.82 1.93094e-08 1.93094e-08
1156.11 1.84785e-08 1.84785e-08
1162.39 1.79651e-08 1.79651e-08
1168.67 1.71888e-08 1.71888e-08
1174.96 1.67147e-08 1.67147e-08
1181.24 1.59894e-08 1.59894e-08
1187.52 1.55517e-08 1.55517e-08
1193.81 1.48738e-08 1.48738e-08
1200.09 1.44698e-08 1.44698e-08
1206.37 1.38362e-08 1.38362e-08
1212.65 1.34634e-08 1.34634e-08
1218.94 1.28711e-08 1.28711e-08
1225.22 1.25272e-08 1.25272e-08
1231.5 1.19734e-08 1.19734e-08
1237.79 1.16562e-08 1.16562e-08
1244.07 1.11385e-08 1.11385e-08
1250.35 1.0846e-08 1.0846e-08
1256.64 1.03618e-08 1.03618e-08
1262.92 1.00923e-08 1.00923e-08
1269.2 9.63937e-09 9.63937e-09
1275.49 9.39103e-09 9.39103e-09
1281.77 8.96736e-09 8.96736e-09
1288.05 8.73863e-09 8.73863e-09
1294.34 8.34225e-09 8.34225e-09
1300.62 8.13166e-09 8.13166e-09
1306.9 7.76075e-09 7.76075e-09
1313.19 7.56695e-09 7.56695e-09
1319.47 7.21982e-09 7.21982e-09
1325.75 7.04154e-09 7.04154e-09
1332.04 6.71662e-09 6.71662e-09
1338.32 6.55269e-09 6.55269e-09
1344.6 6.24852e-09 6.24852e-09
1350.88 6.09785e-09 6.09785e-09
1357.17 5.81305e-09 5.81305e-09
1363.45 5.67465e-09 5.67465e-09
1369.73 5.40795e-09 5.40795e-09
1376.02 5.28088e-09 5.28088e-09
1382.3 5.03109e-09 5.03109e-09
1388.58 4.91449e-09 4.91449e-09
1394.87 4.6805e-09 4.6805e-09
1401.15 4.57357e-09 4.57357e-09
1407.43 4.35435e-09 4.35435e-09
1413.72 4.25635e-09 4.25635e-09
1420 4.05093e-09 4.05093e-09
1426.28 3.96118e-09 3.96118e-09
1432.57 3.76866e-09 3.76866e-09
1438.85 3.68651e-09 3.68651e-09
1445.13 3.50605e-09 3.50605e-09
1451.42 3.43093e-09 3.43093e-09
1457.7 3.26174e-09 3.26174e-09
1463.98 3.1931e-09 3.1931e-09
1470.27 3.03446e-09 3.03446e-09
1476.55 2.97179e-09 2.97179e-09
1482.83 2.82301e-09 2.82301e-09
1489.11 2.76585e-09 2.76585e-09
1495.4 2.62629e-09 2.62629e-09
1501.68 2.57421e-09 2.57421e-09
1507.96 2.44328e-09 2.44328e-09
1514.25 2.39587e-09 2.39587e-09
1520.53 2.27301e-09 2.27301e-09
1526.81 2.22991e-09 2.22991e-09
1533.1 2.11461e-09 2.11461e-09
1539.38 2.07547e-09 2.07547e-09
1545.66 1.96724e-09 1.96724e-09
1551.95 1.93175e-09 1.93175e-09
1558.23 1.83013e-09 1.83013e-09
1564.51 1.798e-09 1.798e-09
1570.8 1.70258e-09 1.70258e-09
1577.08 1.67353e-09 1.67353e-09
1583.36 1.58391e-09 1.58391e-09
1589.65 1.5577e-09 1.5577e-09
1595.93 1.4735e-09 1.4735e-09
1602.21 1.44989e-09 1.44989e-09
1608.5 1.37079e-09 1.37079e-09
1614.78 1.34957e-09 1.34957e-09
1621.06 1.27523e-09 1.27523e-09
1627.34 1.2562e-09 1.2562e-09
1633.63 1.18632e-09 1.18632e-09
1639.91 1.1693e-09 1.1693e-09
1646.19 1.10361e-09 1.10361e-09
1652.48 1.08843e-09 1.08843e-09
1658.76 1.02666e-09 1.02666e-09
1665.04 1.01317e-09 1.01317e-09
1671.33 9.5507e-10 9.5507e-10
1677.61 9.43119e-10 9.43119e-10
1683.89 8.88466e-10 8.88466e-10
1690.18 8.77924e-10 8.77924e-10
1696.46 8.26502e-10 8.26502e-10
1702.74 8.17246e-10 8.17246e-10
1709.03 7.68853e-10 7.68853e-10
1715.31 7.60772e-10 7.60772e-10
1721.59 7.15221e-10 7.15221e-10
1727.88 7.08211e-10 7.08211e-10
1734.16 6.65325e-10 6.65325e-10
1740.44 6.59289e-10 6.59289e-10
1746.73 6.18904e-10 6.18904e-10
1753.01 6.13756e-10 6.13756e-10
1759.29 5.75718e-10 5.75718e-10
1765.58 5.71375e-10 5.71375e-10
1771.86 5.35541e-10 5.35541e-10
1778.14 5.31929e-10 5.31929e-10
1784.42 4.98162e-10 4.98162e-10
1790.71 4.95213e-10 4.95213e-10
1796.99 4.63389e-10 4.63389e-10
1803.27 4.61038e-10 4.61038e-10
1809.56 4.31038e-10 4.31038e-10
1815.84 4.29229e-10 4.29229e-10
1822.12 4.00942e-10 4.00942e-10
1828.41 3.9962e-10 3.9962e-10
1834.69 3.72943e-10 3.72943e-10
1840.97 3.7206e-10 3.7206e-10
1847.26 3.46895e-10 3.46895e-10
1853.54 3.46406e-10 3.46406e-10
1859.82 3.22663e-10 3.22663e-10
1866.11 3.22527e-10 3.22527e-10
1872.39 3.0012e-10 3.0012e-10
1878.67 3.00299e-10 3.00299e-10
1884.96 2.79148e-10 2.79148e-10
1891.24 2.79608e-10 2.79608e-10
1897.52 2.59639e-10 2.59639e-10
1903.81 2.60347e-10 2.60347e-10
1910.09 2.41489e-10 2.41489e-10
1916.37 2.42418e-10 2.42418e-10
1922.65 2.24605e-10 2.24605e-10
1928.94 2.25727e-10 2.25727e-10
1935.22 2.08899e-10 2.08899e-10
1941.5 2.1019e-10 2.1019e-10
1947.79 1.94288e-10 1.94288e-10
1954.07 1.95726e-10 1.95726e-10
1960.35 1.80696e-10 1.80696e-10
1966.64 1.82261e-10 1.82261e-10
1972.92 1.68052e-10 1.68052e-10
1979.2 1.69726e-10 1.69726e-10
1985.49 1.5629e-10 1.5629e-10
1991.77 1.58057e-10 1.58057e-10
1998.05 1.45349e-10 1.45349e-10
2004.34 1.47193e-10 1.47193e-10
2010.62 1.35171e-10 1.35171e-10
2016.9 1.37079e-10 1.37079e-10
2023.19 1.25704e-10 1.25704e-10
2029.47 1.27663e-10 1.27663e-10
2035.75 1.16897e-10 1.16897e-10
2042.04 1.18896e-10 1.18896e-10
2048.32 1.08705e-10 1.08705e-10
2054.6 1.10735e-10 1.10735e-10
2060.88 1.01085e-10 1.01085e-10
2067.17 1.03136e-10 1.03136e-10
2073.45 9.39975e-11 9.39975e-11
2079.73 9.60609e-11 9.60609e-11
2086.02 8.74047e-11 8.74047e-11
2092.3 8.94736e-11 8.94736e-11
2098.58 8.12724e-11 8.12724e-11
2104.87 8.33404e-11 8.33404e-11
2111.15 7.55685e-11 7.55685e-11
2117.43 7.76297e-11 7.76297e-11
2123.72 7.02632e-11 7.02632e-11
2130 7.23124e-11 7.23124e-11
2136.28 6.53287e-11 6.53287e-11
2142.57 6.73614e-11 6.73614e-11
2148.85 6.07391e-11 6.07391e-11
2155.13 6.27512e-11 6.27512e-11
2161.42 5.64704e-11 5.64704e-11
2167.7 5.84583e-11 5.84583e-11
2173.98 5.25002e-11 5.25002e-11
2180.27 5.44609e-11 5.44609e-11
2186.55 4.88077e-11 4.88077e-11
2192.83 5.07385e-11 5.07385e-11
2199.11 4.53735e-11 4.53735e-11
2205.4 4.72721e-11 4.72721e-11
2211.68 4.21796e-11 4.21796e-11
2217.96 4.40441e-11 4.40441e-11
2224.25 3.92093e-11 3.92093e-11
2230.53 4.1038e-11 4.1038e-11
2236.81 3.64469e-11 3.64469e-11
2243.1 3.82384e-11 3.82384e-11
2249.38 3.3878e-11 3.3878e-11
2255.66 3.56312e-11 3.56312e-11
2261.95 3.1489e-11 3.1489e-11
2268.23 3.3203e-11 3.3203e-11
2274.51 2.92674e-11 2.92674e-11
2280.8 3.09415e-11 3.09415e-11
2287.08 2.72015e-11 2.72015e-11
2293.36 2.88353e-11 2.88353e-11
2299.65 2.52804e-11 2.52804e-11
2305.93 2.68736e-11 2.68736e-11
2312.21 2.34941e-11 2.34941e-11
2318.5 2.50464e-11 2.50464e-11
2324.78 2.18331e-11 2.18331e-11
2331.06 2.33445e-11 2.33445e-11
2337.34 2.02886e-11 2.02886e-11
2343.63 2.17592e-11 2.17592e-11
2349.91 1.88525e-11 1.88525e-11
2356.19 2.02825e-11 2.02825e-11
2362.48 1.75173e-11 1.75173e-11
2368.76 1.8907e-11 1.8907e-11
2375.04 1.62758e-11 1.62758e-11
2381.33 1.76257e-11 1.76257e-11
2387.61 1.51216e-11 1.51216e-11
2393.89 1.6432e-11 1.6432e-11
2400.18 1.40486e-11 1.40486e-11
2406.46 1.53199e-11 1.53199e-11
2412.74 1.3051e-11 1.3051e-11
2419.03 1.4284e-11 1.4284e-11
2425.31 1.21236e-11 1.21236e-11
2431.59 1.33188e-11 1.33188e-11
2437.88 1.12615e-11 1.12615e-11
2444.16 1.24195e-11 1.24195e-11
2450.44 1.046e-11 1.046e-11
2456.73 1.15817e-11 1.15817e-11
2463.01 9.71506e-12 9.71506e-12
2469.29 1.0801e-11 1.0801e-11
2475.58 9.0226e-12 9.0226e-12
2481.86 1.00736e-11 1.00736e-11
2488.14 8.37896e-12 8.37896e-12
2494.42 9.39575e-12 9.39575e-12
2500.71 7.78074e-12 7.78074e-12
2506.99 8.76412e-12 8.76412e-12
2513.27 7.22475e-12 7.22475e-12
2519.56 8.17551e-12 8.17551e-12
2525.84 6.70802e-12 6.70802e-12
2532.12 7.62697e-12 7.62697e-12
2538.41 6.2278e-12 6.2278e-12
2544.69 7.11575e-12 7.11575e-12
2550.97 5.78154e-12 5.78154e-12
2557.26 6.63929e-12 6.63929e-12
2563.54 5.36686e-12 5.36686e-12
2569.82 6.19521e-12 6.19521e-12
2576.11 4.98153e-12 4.98153e-12
2582.39 5.78129e-12 5.78129e-12
2588.67 4.62349e-12 4.62349e-12
2594.96 5.39547e-12 5.39547e-12
2601.24 4.29083e-12 4.29083e-12
2607.52 5.03581e-12 5.03581e-12
2613.81 3.98177e-12 3.98177e-12
2620.09 4.70053e-12 4.70053e-12
2626.37 3.69465e-12 3.69465e-12
2632.65 4.38797e-12 4.38797e-12
2638.94 3.42792e-12 3.42792e-12
2645.22 4.09656e-12 4.09656e-12
2651.5 3.18015e-12 3.18015e-12
2657.79 3.82487e-12 3.82487e-12
2664.07 2.95001e-12 2.95001e-12
2670.35 3.57154e-12 3.57154e-12
2676.64 2.73626e-12 2.73626e-12
2682.92 3.33532e-12 3.33532e-12
2689.2 2.53773e-12 2.53773e-12
2695.49 3.11505e-12 3.11505e-12
2701.77 2.35337e-12 2.35337e-12
2708.05 2.90963e-12 2.90963e-12
2714.34 2.18216e-12 2.18216e-12
2720.62 2.71805e-12 2.71805e-12
2726.9 2.02319e-12 2.02319e-12
2733.19 2.53937e-12 2.53937e-12
2739.47 1.87559e-12 1.87559e-12
2745.75 2.37271e-12 2.37271e-12
2752.04 1.73855e-12 1.73855e-12
2758.32 2.21726e-12 2.21726e-12
2764.6 1.61133e-12 1.61133e-12
2770.88 2.07224e-12 2.07224e-12
2777.17 1.49324e-12 1.49324e-12
2783.45 1.93695e-12 1.93695e-12
2789.73 1.38363e-12 1.38363e-12
2796.02 1.81073e-12 1.81073e-12
2802.3 1.2819e-12 1.2819e-12
2808.58 1.69296e-12 1.69296e-12
2814.87 1.18749e-12 1.18749e-12
2821.15 1.58306e-12 1.58306e-12
2827.43 1.09989e-12 1.09989e-12
2833.72 1.48051e-12 1.48051e-12
2840 1.0186e-12 1.0186e-12
2846.28 1.38481e-12 1.38481e-12
2852.57 9.43191e-13 9.43191e-13
2858.85 1.29549e-12 1.29549e-12
2865.13 8.73235e-13 8.73235e-13
2871.42 1.21211e-12 1.21211e-12
2877.7 8.08346e-13 8.08346e-13
2883.98 1.13429e-12 1.13429e-12
2890.27 7.48165e-13 7.48165e-13
2896.55 1.06163e-12 1.06163e-12
2902.83 6.92357e-13 6.92357e-13
2909.11 9.93796e-13 9.93796e-13
2915.4 6.40609e-13 6.40609e-13
2921.68 9.30459e-13 9.30459e-13
2927.96 5.92632e-13 5.92632e-13
2934.25 8.71315e-13 8.71315e-13
2940.53 5.48158e-13 5.48158e-13
2946.81 8.16081e-13 8.16081e-13
2953.1 5.06935e-13 5.06935e-13
2959.38 7.64493e-13 7.64493e-13
2965.66 4.68732e-13 4.68732e-13
2971.95 7.16307e-13 7.16307e-13
2978.23 4.33333e-13 4.33333e-13
2984.51 6.71294e-13 6.71294e-13
2990.8 4.00537e-13 4.00537e-13
2997.08 6.2924e-13 6.2924e-13
3003.36 3.70156e-13 3.70156e-13
3009.65 5.89946e-13 5.89946e-13
3015.93 3.42018e-13 3.42018e-13
3022.21 5.53228e-13 5.53228e-13
3028.5 3.15961e-13 3.15961e-13
3034.78 5.18913e-13 5.18913e-13
3041.06 2.91836e-13 2.91836e-13
3047.34 4.8684e-13 4.8684e-13
3053.63 2.69503e-13 2.69503e-13
3059.91 4.56859e-13 4.56859e-13
3066.19 2.48834e-13 2.48834e-13
3072.48 4.28831e-13 4.28831e-13
3078.76 2.29708e-13 2.29708e-13
3085.04 4.02625e-13 4.02625e-13
3091.33 2.12013e-13 2.12013e-13
3097.61 3.78119e-13 3.78119e-13
3103.89 1.95645e-13 1.95645e-13
3110.18 3.552e-13 3.552e-13
3116.46 1.8051e-13 1.8051e-13
3122.74 3.33763e-13 3.33763e-13
3129.03 1.66516e-13 1.66516e-13
3135.31 3.1371e-13 3.1371e-13
3141.59 1.53581e-13 1.53581e-13
3147.88 2.94947e-13 2.94947e-13
3154.16 1.41628e-13 1.41628e-13
3160.44 2.77391e-13 2.77391e-13
3166.73 1.30585e-13 1.30585e-13
3173.01 2.60961e-13 2.60961e-13
3179.29 1.20386e-13 1.20386e-13
3185.57 2.45582e-13 2.45582e-13
3191.86 1.10968e-13 1.10968e-13
3198.14 2.31186e-13 2.31186e-13
3204.42 1.02275e-13 1.02275e-13
3210.71 2.17706e-13 2.17706e-13
3216.99 9.4253e-14 9.4253e-14
3223.27 2.05084e-13 2.05084e-13
3229.56 8.68527e-14 8.68527e-14
3235.84 1.93263e-13 1.93263e-13
3242.12 8.00282e-14 8.00282e-14
3248.41 1.82189e-13 1.82189e-13
3254.69 7.37369e-14 7.37369e-14
3260.97 1.71815e-13 1.71815e-13
3267.26 6.79393e-14 6.79393e-14
3273.54 1.62094e-13 1.62094e-13
3279.82 6.25987e-14 6.25987e-14
3286.11 1.52983e-13 1.52983e-13
3292.39 5.7681e-14 5.7681e-14
3298.67 1.44443e-13 1.44443e-13
3304.96 5.31546e-14 5.31546e-14
3311.24 1.36437e-13 1.36437e-13
3317.52 4.89903e-14 4.89903e-14
3323.81 1.2893e-13 1.2893e-13
3330.09 4.51609e-14 4.51609e-14
3336.37 1.21889e-13 1.21889e-13
3342.65 4.16412e-14 4.16412e-14
3348.94 1.15284e-13 1.15284e-13
3355.22 3.84077e-14 3.84077e-14
3361.5 1.09087e-13 1.09087e-13
3367.79 3.54388e-14 3.54388e-14
3374.07 1.03272e-13 1.03272e-13
3380.35 3.27143e-14 3.27143e-14
3386.64 9.7814e-14 9.7814e-14
3392.92 3.02158e-14 3.02158e-14
3399.2 9.26901e-14 9.26901e-14
3405.49 2.79258e-14 2.79258e-14
3411.77 8.78789e-14 8.78789e-14
3418.05 2.58283e-14 2.58283e-14
3424.34 8.33603e-14 8.33603e-14
3430.62 2.39086e-14 2.39086e-14
3436.9 7.91155e-14 7.91155e-14
3443.19 2.21529e-14 2.21529e-14
3449.47 7.51273e-14 7.51273e-14
3455.75 2.05484e-14 2.05484e-14
3462.04 7.13791e-14 7.13791e-14
3468.32 1.90834e-14 1.90834e-14
3474.6 6.78558e-14 6.78558e-14
3480.88 1.77469e-14 1.77469e-14
3487.17 6.45431e-14 6.45431e-14
3493.45 1.65288e-14 1.65288e-14
3499.73 6.14278e-14 6.14278e-14
3506.02 1.54198e-14 1.54198e-14
3512.3 5.84972e-14 5.84972e-14
3518.58 1.44112e-14 1.44112e-14
3524.87 5.57399e-14 5.57399e-14
3531.15 1.34949e-14 1.34949e-14
3537.43 5.31449e-14 5.31449e-14
3543.72 1.26636e-14 1.26636e-14
3550 5.07021e-14 5.07021e-14
3556.28 1.19103e-14 1.19103e-14
3562.57 4.8402e-14 4.8402e-14
3568.85 1.12288e-14 1.12288e-14
3575.13 4.62356e-14 4.62356e-14
3581.42 1.06132e-14 1.06132e-14
3587.7 4.41947e-14 4.41947e-14
3593.98 1.0058e-14 1.0058e-14
3600.27 4.22716e-14 4.22716e-14
3606.55 9.55825e-15 9.55825e-15
3612.83 4.04588e-14 4.04588e-14
3619.11 9.10931e-15 9.10931e-15
3625.4 3.87497e-14 3.87497e-14
3631.68 8.7069e-15 8.7069e-15
3637.96 3.71378e-14 3.71378e-14
3644.25 8.34708e-15 8.34708e-15
3650.53 3.56173e-14 3.56173e-14
3656.81 8.0262e-15 8.0262e-15
3663.1 3.41824e-14 3.41824e-14
3669.38 7.7409e-15 7.7409e-15
3675.66 3.28281e-14 3.28281e-14
3681.95 7.48808e-15 7.48808e-15
3688.23 3.15494e-14 3.15494e-14
3694.51 7.26487e-15 7.26487e-15
3700.8 3.03417e-14 3.03417e-14
3707.08 7.06865e-15 7.06865e-15
3713.36 2.92008e-14 2.92008e-14
3719.65 6.89698e-15 6.89698e-15
3725.93 2.81227e-14 2.81227e-14
3732.21 6.74764e-15 6.74764e-15
3738.5 2.71035e-14 2.71035e-14
3744.78 6.61855e-15 6.61855e-15
3751.06 2.61398e-14 2.61398e-14
3757.34 6.50782e-15 6.50782e-15
3763.63 2.52282e-14 2.52282e-14
3769.91 6.41372e-15 6.41372e-15
3776.19 2.43658e-14 2.43658e-14
3782.48 6.33465e-15 6.33465e-15
3788.76 2.35495e-14 2.35495e-14
3795.04 6.26912e-15 6.26912e-15
3801.33 2.27766e-14 2.27766e-14
3807.61 6.21579e-15 6.21579e-15
3813.89 2.20447e-14 2.20447e-14
3820.18 6.17343e-15 6.17343e-15
3826.46 2.13513e-14 2.13513e-14
3832.74 6.14089e-15 6.14089e-15
3839.03 2.06942e-14 2.06942e-14
3845.31 6.11713e-15 6.11713e-15
3851.59 2.00712e-14 2.00712e-14
3857.88 6.10119e-15 6.10119e-15
3864.16 1.94804e-14 1.94804e-14
3870.44 6.09222e-15 6.09222e-15
3876.73 1.892e-14 1.892e-14
3883.01 6.0894e-15 6.0894e-15
3889.29 1.83881e-14 1.83881e-14
3895.57 6.092e-15 6.092e-15
3901.86 1.78833e-14 1.78833e-14
3908.14 6.09937e-15 6.09937e-15
3914.42 1.74039e-14 1.74039e-14
3920.71 6.11089e-15 6.11089e-15
3926.99 1.69484e-14 1.69484e-14
3933.27 6.12602e-15 6.12602e-15
3939.56 1.65157e-14 1.65157e-14
3945.84 6.14424e-15 6.14424e-15
3952.12 1.61043e-14 1.61043e-14
3958.41 6.16511e-15 6.16511e-15
3964.69 1.57131e-14 1.57131e-14
3970.97 6.1882e-15 6.1882e-15
3977.26 1.53409e-14 1.53409e-14
3983.54 6.21315e-15 6.21315e-15
3989.82 1.49867e-14 1.49867e-14
3996.11 6.23961e-15 6.23961e-15
4002.39 1.46496e-14 1.46496e-14
4008.67 6.26727e-15 6.26727e-15
4014.96 1.43285e-14 1.43285e-14
4021.24 6.29586e-15 6.29586e-15
4027.52 1.40227e-14 1.40227e-14
4033.8 6.32514e-15 6.32514e-15
4040.09 1.37312e-14 1.37312e-14
4046.37 6.35487e-15 6.35487e-15
4052.65 1.34533e-14 1.34533e-14
4058.94 6.38485e-15 6.38485e-15
4065.22 1.31882e-14 1.31882e-14
4071.5 6.41492e-15 6.41492e-15
4077.79 1.29353e-14 1.29353e-14
4084.07 6.4449e-15 6.4449e-15
4090.35 1.2694e-14 1.2694e-14
4096.64 6.47466e-15 6.47466e-15
4102.92 1.24636e-14 1.24636e-14
4109.2 6.50407e-15 6.50407e-15
4115.49 1.22434e-14 1.22434e-14
4121.77 6.53303e-15 6.53303e-15
4128.05 1.20331e-14 1.20331e-14
4134.34 6.56144e-15 6.56144e-15
4140.62 1.18321e-14 1.18321e-14
4146.9 6.58921e-15 6.58921e-15
4153.19 1.16399e-14 1.16399e-14
4159.47 6.61628e-15 6.61628e-15
4165.75 1.1456e-14 1.1456e-14
4172.04 6.64258e-15 6.64258e-15
4178.32 1.128e-14 1.128e-14
4184.6 6.66805e-15 6.66805e-15
4190.88 1.11115e-14 1.11115e-14
4197.17 6.69267e-15 6.69267e-15
4203.45 1.09501e-14 1.09501e-14
4209.73 6.71638e-15 6.71638e-15
4216.02 1.07956e-14 1.07956e-14
4222.3 6.73917e-15 6.73917e-15
4228.58 1.06474e-14 1.06474e-14
4234.87 6.76101e-15 6.76101e-15
4241.15 1.05053e-14 1.05053e-14
4247.43 6.78188e-15 6.78188e-15
4253.72 1.0369e-14 1.0369e-14
4260 6.80177e-15 6.80177e-15
4266.28 1.02383e-14 1.02383e-14
4272.57 6.82067e-15 6.82067e-15
4278.85 1.01127e-14 1.01127e-14
4285.13 6.83859e-15 6.83859e-15
4291.42 9.99219e-15 9.99219e-15
4297.7 6.85552e-15 6.85552e-15
4303.98 9.87638e-15 9.87638e-15
4310.27 6.87147e-15 6.87147e-15
4316.55 9.76507e-15 9.76507e-15
4322.83 6.88644e-15 6.88644e-15
4329.11 9.65806e-15 9.65806e-15
4335.4 6.90045e-15 6.90045e-15
4341.68 9.55513e-15 9.55513e-15
4347.96 6.9135e-15 6.9135e-15
4354.25 9.45609e-15 9.45609e-15
4360.53 6.92561e-15 6.92561e-15
4366.81 9.36075e-15 9.36075e-15
4373.1 6.9368e-15 6.9368e-15
4379.38 9.26895e-15 9.26895e-15
4385.66 6.94708e-15 6.94708e-15
4391.95 9.18051e-15 9.18051e-15
4398.23 6.95648e-15 6.95648e-15
4404.51 9.09529e-15 9.09529e-15
4410.8 6.965e-15 6.965e-15
4417.08 9.01312e-15 9.01312e-15
4423.36 6.97268e-15 6.97268e-15
4429.65 8.93388e-15 8.93388e-15
4435.93 6.97953e-15 6.97953e-15
4442.21 8.85743e-15 8.85743e-15
4448.5 6.98558e-15 6.98558e-15
4454.78 8.78363e-15 8.78363e-15
4461.06 6.99085e-15 6.99085e-15
4467.34 8.71238e-15 8.71238e-15
4473.63 6.99535e-15 6.99535e-15
4479.91 8.64355e-15 8.64355e-15
4486.19 6.99912e-15 6.99912e-15
4492.48 8.57705e-15 8.57705e-15
4498.76 7.00218e-15 7.00218e-15
4505.04 8.51276e-15 8.51276e-15
4511.33 7.00454e-15 7.00454e-15
4517.61 8.45059e-15 8.45059e-15
4523.89 7.00624e-15 7.00624e-15
4530.18 8.39045e-15 8.39045e-15
4536.46 7.0073e-15 7.0073e-15
4542.74 8.33225e-15 8.33225e-15
4549.03 7.00773e-15 7.00773e-15
4555.31 8.2759e-15 8.2759e-15
4561.59 7.00757e-15 7.00757e-15
4567.88 8.22133e-15 8.22133e-15
4574.16 7.00683e-15 7.00683e-15
4580.44 8.16847e-15 8.16847e-15
4586.73 7.00554e-15 7.00554e-15
4593.01 8.11723e-15 8.11723e-15
4599.29 7.00372e-15 7.00372e-15
4605.57 8.06755e-15 8.06755e-15
4611.86 7.00139e-15 7.00139e-15
4618.14 8.01938e-15 8.01938e-15
4624.42 6.99857e-15 6.99857e-15
4630.71 7.97264e-15 7.97264e-15
4636.99 6.99528e-15 6.99528e-15
4643.27 7.92727e-15 7.92727e-15
4649.56 6.99154e-15 6.99154e-15
4655.84 7.88323e-15 7.88323e-15
4662.12 6.98738e-15 6.98738e-15
4668.41 7.84045e-15 7.84045e-15
4674.69 6.98281e-15 6.98281e-15
4680.97 7.7989e-15 7.7989e-15
4687.26 6.97785e-15 6.97785e-15
4693.54 7.75851e-15 7.75851e-15
4699.82 6.97253e-15 6.97253e-15
4706.11 7.71924e-15 7.71924e-15
4712.39 6.96685e-15 6.96685e-15
4718.67 7.68106e-15 7.68106e-15
4724.96 6.96083e-15 6.96083e-15
4731.24 7.64391e-15 7.64391e-15
4737.52 6.9545e-15 6.9545e-15
4743.8 7.60776e-15 7.60776e-15
4750.09 6.94787e-15 6.94787e-15
4756.37 7.57257e-15 7.57257e-15
4762.65 6.94096e-15 6.94096e-15
4768.94 7.5383e-15 7.5383e-15
4775.22 6.93377e-15 6.93377e-15
4781.5 7.50493e-15 7.50493e-15
4787.79 6.92633e-15 6.92633e-15
4794.07 7.47241e-15 7.47241e-15
4800.35 6.91866e-15 6.91866e-15
4806.64 7.44072e-15 7.44072e-15
4812.92 6.91076e-15 6.91076e-15
4819.2 7.40982e-15 7.40982e-15
4825.49 6.90265e-15 6.90265e-15
4831.77 7.37969e-15 7.37969e-15
4838.05 6.89434e-15 6.89434e-15
4844.34 7.35029e-15 7.35029e-15
4850.62 6.88585e-15 6.88585e-15
4856.9 7.32162e-15 7.32162e-15
4863.19 6.87718e-15 6.87718e-15
4869.47 7.29363e-15 7.29363e-15
4875.75 6.86836e-15 6.86836e-15
4882.03 7.2663e-15 7.2663e-15
4888.32 6.85939e-15 6.85939e-15
4894.6 7.23962e-15 7.23962e-15
4900.88 6.85028e-15 6.85028e-15
4907.17 7.21355e-15 7.21355e-15
4913.45 6.84105e-15 6.84105e-15
4919.73 7.18809e-15 7.18809e-15
4926.02 6.8317e-15 6.8317e-15
4932.3 7.16321e-15 7.16321e-15
4938.58 6.82224e-15 6.82224e-15
4944.87 7.13888e-15 7.13888e-15
4951.15 6.8127e-15 6.8127e-15
4957.43 7.1151e-15 7.1151e-15
4963.72 6.80306e-15 6.80306e-15
4970 7.09185e-15 7.09185e-15
4976.28 6.79335e-15 6.79335e-15
4982.57 7.0691e-15 7.0691e-15
4988.85 6.78357e-15 6.78357e-15
4995.13 7.04685e-15 7.04685e-15
5001.42 6.77373e-15 6.77373e-15
5007.7 7.02507e-15 7.02507e-15
5013.98 6.76383e-15 6.76383e-15
5020.27 7.00376e-15 7.00376e-15
5026.55 6.7539e-15 6.7539e-15
5032.83 6.98289e-15 6.98289e-15
5039.11 6.74392e-15 6.74392e-15
5045.4 6.96247e-15 6.96247e-15
5051.68 6.73392e-15 6.73392e-15
5057.96 6.94246e-15 6.94246e-15
5064.25 6.72389e-15 6.72389e-15
5070.53 6.92287e-15 6.92287e-15
5076.81 6.71385e-15 6.71385e-15
5083.1 6.90367e-15 6.90367e-15
5089.38 6.70379e-15 6.70379e-15
5095.66 6.88486e-15 6.88486e-15
5101.95 6.69373e-15 6.69373e-15
5108.23 6.86643e-15 6.86643e-15
5114.51 6.68368e-15 6.68368e-15
5120.8 6.84836e-15 6.84836e-15
5127.08 6.67363e-15 6.67363e-15
5133.36 6.83065e-15 6.83065e-15
5139.65 6.66359e-15 6.66359e-15
5145.93 6.81329e-15 6.81329e-15
5152.21 6.65357e-15 6.65357e-15
5158.5 6.79627e-15 6.79627e-15
5164.78 6.64357e-15 6.64357e-15
5171.06 6.77958e-15 6.77958e-15
5177.34 6.6336e-15 6.6336e-15
5183.63 6.7632e-15 6.7632e-15
5189.91 6.62366e-15 6.62366e-15
5196.19 6.74714e-15 6.74714e-15
5202.48 6.61376e-15 6.61376e-15
5208.76 6.73139e-15 6.73139e-15
5215.04 6.60389e-15 6.60389e-15
5221.33 6.71593e-15 6.71593e-15
5227.61 6.59407e-15 6.59407e-15
5233.89 6.70077e-15 6.70077e-15
5240.18 6.5843e-15 6.5843e-15
5246.46 6.68588e-15 6.68588e-15
5252.74 6.57458e-15 6.57458e-15
5259.03 6.67128e-15 6.67128e-15
5265.31 6.56491e-15 6.56491e-15
5271.59 6.65694e-15 6.65694e-15
5277.88 6.5553e-15 6.5553e-15
5284.16 6.64288e-15 6.64288e-15
5290.44 6.54574e-15 6.54574e-15
5296.73 6.62907e-15 6.62907e-15
5303.01 6.53626e-15 6.53626e-15
5309.29 6.61551e-15 6.61551e-15
5315.57 6.52684e-15 6.52684e-15
5321.86 6.6022e-15 6.6022e-15
5328.14 6.51748e-15 6.51748e-15
5334.42 6.58914e-15 6.58914e-15
5340.71 6.5082e-15 6.5082e-15
5346.99 6.57631e-15 6.57631e-15
5353.27 6.49899e-15 6.49899e-15
5359.56 6.56372e-15 6.56372e-15
5365.84 6.48986e-15 6.48986e-15
5372.12 6.55135e-15 6.55135e-15
5378.41 6.48081e-15 6.48081e-15
5384.69 6.53922e-15 6.53922e-15
5390.97 6.47184e-15 6.47184e-15
5397.26 6.5273e-15 6.5273e-15
5403.54 6.46294e-15 6.46294e-15
5409.82 6.51559e-15 6.51559e-15
5416.11 6.45414e-15 6.45414e-15
5422.39 6.5041e-15 6.5041e-15
5428.67 6.44542e-15 6.44542e-15
5434.96 6.49282e-15 6.49282e-15
5441.24 6.43678e-15 6.43678e-15
5447.52 6.48174e-15 6.48174e-15
5453.8 6.42824e-15 6.42824e-15
5460.09 6.47087e-15 6.47087e-15
5466.37 6.41979e-15 6.41979e-15
5472.65 6.46019e-15 6.46019e-15
5478.94 6.41142e-15 6.41142e-15
5485.22 6.44971e-15 6.44971e-15
5491.5 6.40316e-15 6.40316e-15
5497.79 6.43942e-15 6.43942e-15
5504.07 6.39498e-15 6.39498e-15
5510.35 6.42931e-15 6.42931e-15
5516.64 6.38691e-15 6.38691e-15
5522.92 6.4194e-15 6.4194e-15
5529.2 6.37893e-15 6.37893e-15
5535.49 6.40966e-15 6.40966e-15
5541.77 6.37104e-15 6.37104e-15
5548.05 6.40011e-15 6.40011e-15
5554.34 6.36326e-15 6.36326e-15
5560.62 6.39074e-15 6.39074e-15
5566.9 6.35558e-15 6.35558e-15
5573.19 6.38154e-15 6.38154e-15
5579.47 6.348e-15 6.348e-15
5585.75 6.37251e-15 6.37251e-15
5592.03 6.34052e-15 6.34052e-15
5598.32 6.36365e-15 6.36365e-15
5604.6 6.33314e-15 6.33314e-15
5610.88 6.35497e-15 6.35497e-15
5617.17 6.32587e-15 6.32587e-15
5623.45 6.34645e-15 6.34645e-15
5629.73 6.3187e-15 6.3187e-15
5636.02 6.33809e-15 6.33809e-15
5642.3 6.31163e-15 6.31163e-15
5648.58 6.3299e-15 6.3299e-15
5654.87 6.30468e-15 6.30468e-15
5661.15 6.32186e-15 6.32186e-15
5667.43 6.29782e-15 6.29782e-15
5673.72 6.31399e-15 6.31399e-15
5680 6.29108e-15 6.29108e-15
5686.28 6.30627e-15 6.30627e-15
5692.57 6.28444e-15 6.28444e-15
5698.85 6.2987e-15 6.2987e-15
5705.13 6.27791e-15 6.27791e-15
5711.42 6.29129e-15 6.29129e-15
5717.7 6.27148e-15 6.27148e-15
5723.98 6.28403e-15 6.28403e-15
5730.27 6.26517e-15 6.26517e-15
5736.55 6.27693e-15 6.27693e-15
5742.83 6.25896e-15 6.25896e-15
5749.11 6.26997e-15 6.26997e-15
5755.4 6.25286e-15 6.25286e-15
5761.68 6.26315e-15 6.26315e-15
5767.96 6.24688e-15 6.24688e-15
5774.25 6.25649e-15 6.25649e-15
5780.53 6.241e-15 6.241e-15
5786.81 6.24997e-15 6.24997e-15
5793.1 6.23523e-15 6.23523e-15
5799.38 6.24359e-15 6.24359e-15
5805.66 6.22957e-15 6.22957e-15
5811.95 6.23735e-15 6.23735e-15
5818.23 6.22403e-15 6.22403e-15
5824.51 6.23126e-15 6.23126e-15
5830.8 6.21859e-15 6.21859e-15
5837.08 6.2253e-15 6.2253e-15
5843.36 6.21327e-15 6.21327e-15
5849.65 6.21949e-15 6.21949e-15
5855.93 6.20805e-15 6.20805e-15
5862.21 6.21381e-15 6.21381e-15
5868.5 6.20295e-15 6.20295e-15
5874.78 6.20827e-15 6.20827e-15
5881.06 6.19796e-15 6.19796e-15
5887.34 6.20286e-15 6.20286e-15
5893.63 6.19308e-15 6.19308e-15
5899.91 6.19759e-15 6.19759e-15
5906.19 6.18831e-15 6.18831e-15
5912.48 6.19245e-15 6.19245e-15
5918.76 6.18366e-15 6.18366e-15
5925.04 6.18745e-15 6.18745e-15
5931.33 6.17911e-15 6.17911e-15
5937.61 6.18257e-15 6.18257e-15
5943.89 6.17468e-15 6.17468e-15
5950.18 6.17783e-15 6.17783e-15
5956.46 6.17036e-15 6.17036e-15
5962.74 6.17322e-15 6.17322e-15
5969.03 6.16615e-15 6.16615e-15
5975.31 6.16874e-15 6.16874e-15
5981.59 6.16206e-15 6.16206e-15
5987.88 6.16439e-15 6.16439e-15
5994.16 6.15807e-15 6.15807e-15
6000.44 6.16016e-15 6.16016e-15
6006.73 6.1542e-15 6.1542e-15
6013.01 6.15607e-15 6.15607e-15
6019.29 6.15044e-15 6.15044e-15
6025.57 6.1521e-15 6.1521e-15
6031.86 6.1468e-15 6.1468e-15
6038.14 6.14825e-15 6.14825e-15
6044.42 6.14326e-15 6.14326e-15
6050.71 6.14453e-15 6.14453e-15
6056.99 6.13984e-15 6.13984e-15
6063.27 6.14094e-15 6.14094e-15
6069.56 6.13653e-15 6.13653e-15
6075.84 6.13747e-15 6.13747e-15
6082.12 6.13334e-15 6.13334e-15
6088.41 6.13413e-15 6.13413e-15
6094.69 6.13025e-15 6.13025e-15
6100.97 6.13091e-15 6.13091e-15
6107.26 6.12728e-15 6.12728e-15
6113.54 6.12781e-15 6.12781e-15
6119.82 6.12442e-15 6.12442e-15
6126.11 6.12484e-15 6.12484e-15
6132.39 6.12167e-15 6.12167e-15
6138.67 6.12199e-15 6.12199e-15
6144.96 6.11904e-15 6.11904e-15
6151.24 6.11926e-15 6.11926e-15
6157.52 6.11651e-15 6.11651e-15
6163.8 6.11665e-15 6.11665e-15
6170.09 6.1141e-15 6.1141e-15
6176.37 6.11416e-15 6.11416e-15
6182.65 6.11181e-15 6.11181e-15
6188.94 6.11179e-15 6.11179e-15
6195.22 6.10962e-15 6.10962e-15
6201.5 6.10954e-15 6.10954e-15
6207.79 6.10755e-15 6.10755e-15
6214.07 6.10742e-15 6.10742e-15
6220.35 6.10558e-15 6.10558e-15
6226.64 6.10541e-15 6.10541e-15
6232.92 6.10374e-15 6.10374e-15
6239.2 6.10352e-15 6.10352e-15
6245.49 6.102e-15 6.102e-15
6251.77 6.10176e-15 6.10176e-15
6258.05 6.10037e-15 6.10037e-15
6264.34 6.10011e-15 6.10011e-15
6270.62 6.09886e-15 6.09886e-15
6276.9 6.09858e-15 6.09858e-15
6283.19 6.09746e-15 6.09746e-15
6289.47 6.09716e-15 6.09716e-15
6295.75 6.09617e-15 6.09617e-15
6302.03 6.09587e-15 6.09587e-15
6308.32 6.095e-15 6.095e-15
6314.6 6.09469e-15 6.09469e-15
6320.88 6.09393e-15 6.09393e-15
6327.17 6.09364e-15 6.09364e-15
6333.45 6.09298e-15 6.09298e-15
6339.73 6.0927e-15 6.0927e-15
6346.02 6.09214e-15 6.09214e-15
6352.3 6.09187e-15 6.09187e-15
6358.58 6.09141e-15 6.09141e-15
6364.87 6.09117e-15 6.09117e-15
6371.15 6.0908e-15 6.0908e-15
6377.43 6.09058e-15 6.09058e-15
6383.72 6.09029e-15 6.09029e-15
6390 6.09011e-15 6.09011e-15
6396.28 6.0899e-15 6.0899e-15
6402.57 6.08976e-15 6.08976e-15
6408.85 6.08962e-15 6.08962e-15
6415.13 6.08953e-15 6.08953e-15
6421.42 6.08945e-15 6.08945e-15
6427.7 6.08941e-15 6.08941e-15
6433.98 6.0894e-15 6.0894e-15
