0 2.93968e-14 2.93968e-14
6.28319 0.0520313 0.0520313
12.5664 0.0127237 0.0127237
18.8496 0.00562447 0.00562447
25.1327 0.00315453 0.00315453
31.4159 0.00201798 0.00201798
37.6991 0.00139863 0.00139863
43.9823 0.00102826 0.00102826
50.2655 0.00078558 0.00078558
56.5487 0.000621409 0.000621409
62.8319 0.00050215 0.00050215
69.115 0.000415542 0.000415542
75.3982 0.000348287 0.000348287
81.6814 0.000297159 0.000297159
87.9646 0.000255547 0.000255547
94.2478 0.000222895 0.000222895
100.531 0.000195368 0.000195368
106.814 0.000173268 0.000173268
113.097 0.000154114 0.000154114
119.381 0.000138474 0.000138474
125.664 0.000124609 0.000124609
131.947 0.000113141 0.000113141
138.23 0.00010278 0.00010278
144.513 9.41263e-05 9.41263e-05
150.796 8.61782e-05 8.61782e-05
157.08 7.94905e-05 7.94905e-05
163.363 7.32591e-05 7.32591e-05
169.646 6.79857e-05 6.79857e-05
175.929 6.30089e-05 6.30089e-05
182.212 5.87788e-05 5.87788e-05
188.496 5.47402e-05 5.47402e-05
194.779 5.12963e-05 5.12963e-05
201.062 4.79735e-05 4.79735e-05
207.345 4.51331e-05 4.51331e-05
213.628 4.23659e-05 4.23659e-05
219.911 3.99965e-05 3.99965e-05
226.195 3.76672e-05 3.76672e-05
232.478 3.56706e-05 3.56706e-05
238.761 3.36913e-05 3.36913e-05
245.044 3.19936e-05 3.19936e-05
251.327 3.02971e-05 3.02971e-05
257.611 2.88419e-05 2.88419e-05
263.894 2.73767e-05 2.73767e-05
270.177 2.61202e-05 2.61202e-05
276.46 2.48459e-05 2.48459e-05
282.743 2.37537e-05 2.37537e-05
289.027 2.26385e-05 2.26385e-05
295.31 2.16833e-05 2.16833e-05
301.593 2.07016e-05 2.07016e-05
307.876 1.98617e-05 1.98617e-05
314.159 1.8993e-05 1.8993e-05
320.442 1.82506e-05 1.82506e-05
326.726 1.74782e-05 1.74782e-05
333.009 1.68189e-05 1.68189e-05
339.292 1.6129e-05 1.6129e-05
345.575 1.55411e-05 1.55411e-05
351.858 1.49222e-05 1.49222e-05
358.142 1.43958e-05 1.43958e-05
364.425 1.38386e-05 1.38386e-05
370.708 1.33654e-05 1.33654e-05
376.991 1.2862e-05 1.2862e-05
383.274 1.24352e-05 1.24352e-05
389.557 1.19788e-05 1.19788e-05
395.841 1.15926e-05 1.15926e-05
402.124 1.11775e-05 1.11775e-05
408.407 1.08271e-05 1.08271e-05
414.69 1.04485e-05 1.04485e-05
420.973 1.01295e-05 1.01295e-05
427.257 9.78323e-06 9.78323e-06
433.54 9.49213e-06 9.49213e-06
439.823 9.17462e-06 9.17462e-06
446.106 8.9083e-06 8.9083e-06
452.389 8.61646e-06 8.61646e-06
458.673 8.37223e-06 8.37223e-06
464.956 8.10337e-06 8.10337e-06
471.239 7.8789e-06 7.8789e-06
477.522 7.63069e-06 7.63069e-06
483.805 7.42393e-06 7.42393e-06
490.088 7.19431e-06 7.19431e-06
496.372 7.00351e-06 7.00351e-06
502.655 6.79068e-06 6.79068e-06
508.938 6.61425e-06 6.61425e-06
515.221 6.41663e-06 6.41663e-06
521.504 6.25321e-06 6.25321e-06
527.788 6.0694e-06 6.0694e-06
534.071 5.91777e-06 5.91777e-06
540.354 5.74651e-06 5.74651e-06
546.637 5.60559e-06 5.60559e-06
552.92 5.44579e-06 5.44579e-06
559.203 5.31463e-06 5.31463e-06
565.487 5.16529e-06 5.16529e-06
571.77 5.04304e-06 5.04304e-06
578.053 4.90329e-06 4.90329e-06
584.336 4.78917e-06 4.78917e-06
590.619 4.65821e-06 4.65821e-06
596.903 4.55155e-06 4.55155e-06
603.186 4.42868e-06 4.42868e-06
609.469 4.32886e-06 4.32886e-06
615.752 4.21344e-06 4.21344e-06
622.035 4.11991e-06 4.11991e-06
628.319 4.01136e-06 4.01136e-06
634.602 3.92363e-06 3.92363e-06
640.885 3.82143e-06 3.82143e-06
647.168 3.73904e-06 3.73904e-06
653.451 3.64271e-06 3.64271e-06
659.734 3.56526e-06 3.56526e-06
666.018 3.47437e-06 3.47437e-06
672.301 3.40149e-06 3.40149e-06
678.584 3.31566e-06 3.31566e-06
684.867 3.24701e-06 3.24701e-06
691.15 3.16588e-06 3.16588e-06
697.434 3.10115e-06 3.10115e-06
703.717 3.02439e-06 3.02439e-06
710 2.96332e-06 2.96332e-06
716.283 2.89064e-06 2.89064e-06
722.566 2.83296e-06 2.83296e-06
728.849 2.76408e-06 2.76408e-06
735.133 2.70956e-06 2.70956e-06
741.416 2.64423e-06 2.64423e-06
747.699 2.59266e-06 2.59266e-06
753.982 2.53065e-06 2.53065e-06
760.265 2.48184e-06 2.48184e-06
766.549 2.42294e-06 2.42294e-06
772.832 2.3767e-06 2.3767e-06
779.115 2.32072e-06 2.32072e-06
785.398 2.27688e-06 2.27688e-06
791.681 2.22364e-06 2.22364e-06
797.965 2.18206e-06 2.18206e-06
804.248 2.13138e-06 2.13138e-06
810.531 2.09192e-06 2.09192e-06
816.814 2.04366e-06 2.04366e-06
823.097 2.00617e-06 2.00617e-06
829.38 1.96019e-06 1.96019e-06
835.664 1.92457e-06 1.92457e-06
841.947 1.88073e-06 1.88073e-06
848.23 1.84686e-06 1.84686e-06
854.513 1.80503e-06 1.80503e-06
860.796 1.77281e-06 1.77281e-06
867.08 1.73289e-06 1.73289e-06
873.363 1.70222e-06 1.70222e-06
879.646 1.6641e-06 1.6641e-06
885.929 1.63489e-06 1.63489e-06
892.212 1.59848e-06 1.59848e-06
898.495 1.57065e-06 1.57065e-06
904.779 1.53584e-06 1.53584e-06
911.062 1.50931e-06 1.50931e-06
917.345 1.47602e-06 1.47602e-06
923.628 1.45072e-06 1.45072e-06
929.911 1.41887e-06 1.41887e-06
936.195 1.39473e-06 1.39473e-06
942.478 1.36425e-06 1.36425e-06
948.761 1.34122e-06 1.34122e-06
955.044 1.31203e-06 1.31203e-06
961.327 1.29003e-06 1.29003e-06
967.611 1.26208e-06 1.26208e-06
973.894 1.24106e-06 1.24106e-06
980.177 1.21428e-06 1.21428e-06
986.46 1.1942e-06 1.1942e-06
992.743 1.16852e-06 1.16852e-06
999.026 1.14933e-06 1.14933e-06
1005.31 1.1247e-06 1.1247e-06
1011.59 1.10635e-06 1.10635e-06
1017.88 1.08273e-06 1.08273e-06
1024.16 1.06517e-06 1.06517e-06
1030.44 1.04251e-06 1.04251e-06
1036.73 1.02571e-06 1.02571e-06
1043.01 1.00395e-06 1.00395e-06
1049.29 9.87877e-07 9.87877e-07
1055.58 9.66987e-07 9.66987e-07
1061.86 9.51595e-07 9.51595e-07
1068.14 9.3153e-07 9.3153e-07
1074.42 9.1679e-07 9.1679e-07
1080.71 8.97513e-07 8.97513e-07
1086.99 8.83393e-07 8.83393e-07
1093.27 8.64868e-07 8.64868e-07
1099.56 8.51338e-07 8.51338e-07
1105.84 8.3353e-07 8.3353e-07
1112.12 8.20563e-07 8.20563e-07
1118.41 8.0344e-07 8.0344e-07
1124.69 7.91009e-07 7.91009e-07
1130.97 7.74541e-07 7.74541e-07
1137.26 7.62621e-07 7.62621e-07
1143.54 7.46779e-07 7.46779e-07
1149.82 7.35346e-07 7.35346e-07
1156.11 7.20102e-07 7.20102e-07
1162.39 7.09135e-07 7.09135e-07
1168.67 6.94464e-07 6.94464e-07
1174.96 6.8394e-07 6.8394e-07
1181.24 6.69817e-07 6.69817e-07
1187.52 6.59717e-07 6.59717e-07
1193.81 6.46118e-07 6.46118e-07
1200.09 6.36424e-07 6.36424e-07
1206.37 6.23327e-07 6.23327e-07
1212.65 6.1402e-07 6.1402e-07
1218.94 6.01404e-07 6.01404e-07
1225.22 5.92467e-07 5.92467e-07
1231.5 5.80313e-07 5.80313e-07
1237.79 5.71729e-07 5.71729e-07
1244.07 5.60017e-07 5.60017e-07
1250.35 5.51772e-07 5.51772e-07
1256.64 5.40483e-07 5.40483e-07
1262.92 5.32562e-07 5.32562e-07
1269.2 5.2168e-07 5.2168e-07
1275.49 5.14069e-07 5.14069e-07
1281.77 5.03576e-07 5.03576e-07
1288.05 4.96262e-07 4.96262e-07
1294.34 4.86144e-07 4.86144e-07
1300.62 4.79114e-07 4.79114e-07
1306.9 4.69356e-07 4.69356e-07
1313.19 4.62598e-07 4.62598e-07
1319.47 4.53184e-07 4.53184e-07
1325.75 4.46688e-07 4.46688e-07
1332.04 4.37606e-07 4.37606e-07
1338.32 4.31359e-07 4.31359e-07
1344.6 4.22595e-07 4.22595e-07
1350.88 4.16588e-07 4.16588e-07
1357.17 4.08131e-07 4.08131e-07
1363.45 4.02354e-07 4.02354e-07
1369.73 3.9419e-07 3.9419e-07
1376.02 3.88634e-07 3.88634e-07
1382.3 3.80753e-07 3.80753e-07
1388.58 3.75408e-07 3.75408e-07
1394.87 3.678e-07 3.678e-07
1401.15 3.62657e-07 3.62657e-07
1407.43 3.55311e-07 3.55311e-07
1413.72 3.50363e-07 3.50363e-07
1420 3.43268e-07 3.43268e-07
1426.28 3.38507e-07 3.38507e-07
1432.57 3.31655e-07 3.31655e-07
1438.85 3.27073e-07 3.27073e-07
1445.13 3.20454e-07 3.20454e-07
1451.42 3.16045e-07 3.16045e-07
1457.7 3.0965e-07 3.0965e-07
1463.98 3.05406e-07 3.05406e-07
1470.27 2.99228e-07 2.99228e-07
1476.55 2.95143e-07 2.95143e-07
1482.83 2.89173e-07 2.89173e-07
1489.11 2.85241e-07 2.85241e-07
1495.4 2.79471e-07 2.79471e-07
1501.68 2.75686e-07 2.75686e-07
1507.96 2.70109e-07 2.70109e-07
1514.25 2.66465e-07 2.66465e-07
1520.53 2.61075e-07 2.61075e-07
1526.81 2.57566e-07 2.57566e-07
1533.1 2.52355e-07 2.52355e-07
1539.38 2.48976e-07 2.48976e-07
1545.66 2.43939e-07 2.43939e-07
1551.95 2.40685e-07 2.40685e-07
1558.23 2.35815e-07 2.35815e-07
1564.51 2.32681e-07 2.32681e-07
1570.8 2.27971e-07 2.27971e-07
1577.08 2.24954e-07 2.24954e-07
1583.36 2.20399e-07 2.20399e-07
1589.65 2.17493e-07 2.17493e-07
1595.93 2.13088e-07 2.13088e-07
1602.21 2.10289e-07 2.10289e-07
1608.5 2.06028e-07 2.06028e-07
1614.78 2.03333e-07 2.03333e-07
1621.06 1.99211e-07 1.99211e-07
1627.34 1.96614e-07 1.96614e-07
1633.63 1.92627e-07 1.92627e-07
1639.91 1.90126e-07 1.90126e-07
1646.19 1.86268e-07 1.86268e-07
1652.48 1.83859e-07 1.83859e-07
1658.76 1.80126e-07 1.80126e-07
1665.04 1.77805e-07 1.77805e-07
1671.33 1.74193e-07 1.74193e-07
1677.61 1.71958e-07 1.71958e-07
1683.89 1.68462e-07 1.68462e-07
1690.18 1.66308e-07 1.66308e-07
1696.46 1.62926e-07 1.62926e-07
1702.74 1.60851e-07 1.60851e-07
1709.03 1.57577e-07 1.57577e-07
1715.31 1.55578e-07 1.55578e-07
1721.59 1.52409e-07 1.52409e-07
1727.88 1.50483e-07 1.50483e-07
1734.16 1.47415e-07 1.47415e-07
1740.44 1.45559e-07 1.45559e-07
1746.73 1.4259e-07 1.4259e-07
1753.01 1.40802e-07 1.40802e-07
1759.29 1.37927e-07 1.37927e-07
1765.58 1.36204e-07 1.36204e-07
1771.86 1.33421e-07 1.33421e-07
1778.14 1.31761e-07 1.31761e-07
1784.42 1.29065e-07 1.29065e-07
1790.71 1.27466e-07 1.27466e-07
1796.99 1.24856e-07 1.24856e-07
1803.27 1.23316e-07 1.23316e-07
1809.56 1.20788e-07 1.20788e-07
1815.84 1.19304e-07 1.19304e-07
1822.12 1.16856e-07 1.16856e-07
1828.41 1.15425e-07 1.15425e-07
1834.69 1.13055e-07 1.13055e-07
1840.97 1.11676e-07 1.11676e-07
1847.26 1.0938e-07 1.0938e-07
1853.54 1.08052e-07 1.08052e-07
1859.82 1.05828e-07 1.05828e-07
1866.11 1.04549e-07 1.04549e-07
1872.39 1.02394e-07 1.02394e-07
1878.67 1.01161e-07 1.01161e-07
1884.96 9.90738e-08 9.90738e-08
1891.24 9.7886e-08 9.7886e-08
1897.52 9.58638e-08 9.58638e-08
1903.81 9.47193e-08 9.47193e-08
1910.09 9.27601e-08 9.27601e-08
1916.37 9.16574e-08 9.16574e-08
1922.65 8.9759e-08 8.9759e-08
1928.94 8.86966e-08 8.86966e-08
1935.22 8.68572e-08 8.68572e-08
1941.5 8.58336e-08 8.58336e-08
1947.79 8.40511e-08 8.40511e-08
1954.07 8.30649e-08 8.30649e-08
1960.35 8.13375e-08 8.13375e-08
1966.64 8.03874e-08 8.03874e-08
1972.92 7.87134e-08 7.87134e-08
1979.2 7.7798e-08 7.7798e-08
1985.49 7.61755e-08 7.61755e-08
1991.77 7.52937e-08 7.52937e-08
1998.05 7.37211e-08 7.37211e-08
2004.34 7.28715e-08 7.28715e-08
2010.62 7.13473e-08 7.13473e-08
2016.9 7.05289e-08 7.05289e-08
2023.19 6.90514e-08 6.90514e-08
2029.47 6.82629e-08 6.82629e-08
2035.75 6.68307e-08 6.68307e-08
2042.04 6.60712e-08 6.60712e-08
2048.32 6.46827e-08 6.46827e-08
2054.6 6.39511e-08 6.39511e-08
2060.88 6.2605e-08 6.2605e-08
2067.17 6.19003e-08 6.19003e-08
2073.45 6.05953e-08 6.05953e-08
2079.73 5.99164e-08 5.99164e-08
2086.02 5.86511e-08 5.86511e-08
2092.3 5.79973e-08 5.79973e-08
2098.58 5.67704e-08 5.67704e-08
2104.87 5.61407e-08 5.61407e-08
2111.15 5.4951e-08 5.4951e-08
2117.43 5.43445e-08 5.43445e-08
2123.72 5.31909e-08 5.31909e-08
2130 5.26068e-08 5.26068e-08
2136.28 5.14881e-08 5.14881e-08
2142.57 5.09256e-08 5.09256e-08
2148.85 4.98406e-08 4.98406e-08
2155.13 4.92989e-08 4.92989e-08
2161.42 4.82467e-08 4.82467e-08
2167.7 4.77251e-08 4.77251e-08
2173.98 4.67046e-08 4.67046e-08
2180.27 4.62023e-08 4.62023e-08
2186.55 4.52125e-08 4.52125e-08
2192.83 4.47289e-08 4.47289e-08
2199.11 4.37688e-08 4.37688e-08
2205.4 4.33032e-08 4.33032e-08
2211.68 4.23718e-08 4.23718e-08
2217.96 4.19236e-08 4.19236e-08
2224.25 4.10201e-08 4.10201e-08
2230.53 4.05886e-08 4.05886e-08
2236.81 3.97122e-08 3.97122e-08
2243.1 3.92968e-08 3.92968e-08
2249.38 3.84465e-08 3.84465e-08
2255.66 3.80467e-08 3.80467e-08
2261.95 3.72218e-08 3.72218e-08
2268.23 3.68369e-08 3.68369e-08
2274.51 3.60366e-08 3.60366e-08
2280.8 3.56661e-08 3.56661e-08
2287.08 3.48896e-08 3.48896e-08
2293.36 3.45331e-08 3.45331e-08
2299.65 3.37796e-08 3.37796e-08
2305.93 3.34365e-08 3.34365e-08
2312.21 3.27054e-08 3.27054e-08
2318.5 3.23753e-08 3.23753e-08
2324.78 3.16658e-08 3.16658e-08
2331.06 3.13482e-08 3.13482e-08
2337.34 3.06597e-08 3.06597e-08
2343.63 3.03541e-08 3.03541e-08
2349.91 2.9686e-08 2.9686e-08
2356.19 2.9392e-08 2.9392e-08
2362.48 2.87435e-08 2.87435e-08
2368.76 2.84607e-08 2.84607e-08
2375.04 2.78314e-08 2.78314e-08
2381.33 2.75593e-08 2.75593e-08
2387.61 2.69485e-08 2.69485e-08
2393.89 2.66869e-08 2.66869e-08
2400.18 2.6094e-08 2.6094e-08
2406.46 2.58424e-08 2.58424e-08
2412.74 2.52669e-08 2.52669e-08
2419.03 2.50249e-08 2.50249e-08
2425.31 2.44663e-08 2.44663e-08
2431.59 2.42336e-08 2.42336e-08
2437.88 2.36914e-08 2.36914e-08
2444.16 2.34677e-08 2.34677e-08
2450.44 2.29413e-08 2.29413e-08
2456.73 2.27262e-08 2.27262e-08
2463.01 2.22152e-08 2.22152e-08
2469.29 2.20085e-08 2.20085e-08
2475.58 2.15123e-08 2.15123e-08
2481.86 2.13136e-08 2.13136e-08
2488.14 2.08319e-08 2.08319e-08
2494.42 2.0641e-08 2.0641e-08
2500.71 2.01733e-08 2.01733e-08
2506.99 1.99898e-08 1.99898e-08
2513.27 1.95357e-08 1.95357e-08
2519.56 1.93594e-08 1.93594e-08
2525.84 1.89185e-08 1.89185e-08
2532.12 1.87491e-08 1.87491e-08
2538.41 1.8321e-08 1.8321e-08
2544.69 1.81583e-08 1.81583e-08
2550.97 1.77425e-08 1.77425e-08
2557.26 1.75863e-08 1.75863e-08
2563.54 1.71825e-08 1.71825e-08
2569.82 1.70325e-08 1.70325e-08
2576.11 1.66404e-08 1.66404e-08
2582.39 1.64963e-08 1.64963e-08
2588.67 1.61155e-08 1.61155e-08
2594.96 1.59771e-08 1.59771e-08
2601.24 1.56073e-08 1.56073e-08
2607.52 1.54745e-08 1.54745e-08
2613.81 1.51153e-08 1.51153e-08
2620.09 1.49879e-08 1.49879e-08
2626.37 1.4639e-08 1.4639e-08
2632.65 1.45167e-08 1.45167e-08
2638.94 1.41778e-08 1.41778e-08
2645.22 1.40604e-08 1.40604e-08
2651.5 1.37313e-08 1.37313e-08
2657.79 1.36187e-08 1.36187e-08
2664.07 1.32989e-08 1.32989e-08
2670.35 1.31909e-08 1.31909e-08
2676.64 1.28803e-08 1.28803e-08
2682.92 1.27768e-08 1.27768e-08
2689.2 1.2475e-08 1.2475e-08
2695.49 1.23757e-08 1.23757e-08
2701.77 1.20826e-08 1.20826e-08
2708.05 1.19874e-08 1.19874e-08
2714.34 1.17026e-08 1.17026e-08
2720.62 1.16113e-08 1.16113e-08
2726.9 1.13346e-08 1.13346e-08
2733.19 1.12472e-08 1.12472e-08
2739.47 1.09784e-08 1.09784e-08
2745.75 1.08946e-08 1.08946e-08
2752.04 1.06334e-08 1.06334e-08
2758.32 1.05531e-08 1.05531e-08
2764.6 1.02993e-08 1.02993e-08
2770.88 1.02225e-08 1.02225e-08
2777.17 9.97585e-09 9.97585e-09
2783.45 9.90227e-09 9.90227e-09
2789.73 9.66262e-09 9.66262e-09
2796.02 9.59218e-09 9.59218e-09
2802.3 9.35929e-09 9.35929e-09
2808.58 9.29188e-09 9.29188e-09
2814.87 9.06557e-09 9.06557e-09
2821.15 9.00107e-09 9.00107e-09
2827.43 8.78112e-09 8.78112e-09
2833.72 8.71943e-09 8.71943e-09
2840 8.50568e-09 8.50568e-09
2846.28 8.44668e-09 8.44668e-09
2852.57 8.23893e-09 8.23893e-09
2858.85 8.18253e-09 8.18253e-09
2865.13 7.98061e-09 7.98061e-09
2871.42 7.92671e-09 7.92671e-09
2877.7 7.73045e-09 7.73045e-09
2883.98 7.67895e-09 7.67895e-09
2890.27 7.48819e-09 7.48819e-09
2896.55 7.43899e-09 7.43899e-09
2902.83 7.25357e-09 7.25357e-09
2909.11 7.20659e-09 7.20659e-09
2915.4 7.02635e-09 7.02635e-09
2921.68 6.98151e-09 6.98151e-09
2927.96 6.8063e-09 6.8063e-09
2934.25 6.76352e-09 6.76352e-09
2940.53 6.59319e-09 6.59319e-09
2946.81 6.55238e-09 6.55238e-09
2953.1 6.38679e-09 6.38679e-09
2959.38 6.34788e-09 6.34788e-09
2965.66 6.1869e-09 6.1869e-09
2971.95 6.14981e-09 6.14981e-09
2978.23 5.9933e-09 5.9933e-09
2984.51 5.95797e-09 5.95797e-09
2990.8 5.8058e-09 5.8058e-09
2997.08 5.77215e-09 5.77215e-09
3003.36 5.6242e-09 5.6242e-09
3009.65 5.59217e-09 5.59217e-09
3015.93 5.44832e-09 5.44832e-09
3022.21 5.41784e-09 5.41784e-09
3028.5 5.27796e-09 5.27796e-09
3034.78 5.24899e-09 5.24899e-09
3041.06 5.11297e-09 5.11297e-09
3047.34 5.08543e-09 5.08543e-09
3053.63 4.95317e-09 4.95317e-09
3059.91 4.927e-09 4.927e-09
3066.19 4.79838e-09 4.79838e-09
3072.48 4.77354e-09 4.77354e-09
3078.76 4.64847e-09 4.64847e-09
3085.04 4.6249e-09 4.6249e-09
3091.33 4.50326e-09 4.50326e-09
3097.61 4.48091e-09 4.48091e-09
3103.89 4.36261e-09 4.36261e-09
3110.18 4.34143e-09 4.34143e-09
3116.46 4.22638e-09 4.22638e-09
3122.74 4.20632e-09 4.20632e-09
3129.03 4.09442e-09 4.09442e-09
3135.31 4.07544e-09 4.07544e-09
3141.59 3.96661e-09 3.96661e-09
3147.88 3.94866e-09 3.94866e-09
3154.16 3.8428e-09 3.8428e-09
3160.44 3.82585e-09 3.82585e-09
3166.73 3.72288e-09 3.72288e-09
3173.01 3.70688e-09 3.70688e-09
3179.29 3.60672e-09 3.60672e-09
3185.57 3.59163e-09 3.59163e-09
3191.86 3.4942e-09 3.4942e-09
3198.14 3.47999e-09 3.47999e-09
3204.42 3.38521e-09 3.38521e-09
3210.71 3.37183e-09 3.37183e-09
3216.99 3.27963e-09 3.27963e-09
3223.27 3.26706e-09 3.26706e-09
3229.56 3.17736e-09 3.17736e-09
3235.84 3.16555e-09 3.16555e-09
3242.12 3.0783e-09 3.0783e-09
3248.41 3.06722e-09 3.06722e-09
3254.69 2.98233e-09 2.98233e-09
3260.97 2.97196e-09 2.97196e-09
3267.26 2.88937e-09 2.88937e-09
3273.54 2.87968e-09 2.87968e-09
3279.82 2.79932e-09 2.79932e-09
3286.11 2.79027e-09 2.79027e-09
3292.39 2.71209e-09 2.71209e-09
3298.67 2.70366e-09 2.70366e-09
3304.96 2.62758e-09 2.62758e-09
3311.24 2.61974e-09 2.61974e-09
3317.52 2.54572e-09 2.54572e-09
3323.81 2.53844e-09 2.53844e-09
3330.09 2.46642e-09 2.46642e-09
3336.37 2.45968e-09 2.45968e-09
3342.65 2.38959e-09 2.38959e-09
3348.94 2.38338e-09 2.38338e-09
3355.22 2.31517e-09 2.31517e-09
3361.5 2.30945e-09 2.30945e-09
3367.79 2.24308e-09 2.24308e-09
3374.07 2.23782e-09 2.23782e-09
3380.35 2.17323e-09 2.17323e-09
3386.64 2.16843e-09 2.16843e-09
3392.92 2.10557e-09 2.10557e-09
3399.2 2.1012e-09 2.1012e-09
3405.49 2.04002e-09 2.04002e-09
3411.77 2.03606e-09 2.03606e-09
3418.05 1.97652e-09 1.97652e-09
3424.34 1.97294e-09 1.97294e-09
3430.62 1.915e-09 1.915e-09
3436.9 1.9118e-09 1.9118e-09
3443.19 1.8554e-09 1.8554e-09
3449.47 1.85255e-09 1.85255e-09
3455.75 1.79766e-09 1.79766e-09
3462.04 1.79515e-09 1.79515e-09
3468.32 1.74172e-09 1.74172e-09
3474.6 1.73953e-09 1.73953e-09
3480.88 1.68753e-09 1.68753e-09
3487.17 1.68564e-09 1.68564e-09
3493.45 1.63502e-09 1.63502e-09
3499.73 1.63343e-09 1.63343e-09
3506.02 1.58416e-09 1.58416e-09
3512.3 1.58284e-09 1.58284e-09
3518.58 1.53488e-09 1.53488e-09
3524.87 1.53382e-09 1.53382e-09
3531.15 1.48713e-09 1.48713e-09
3537.43 1.48633e-09 1.48633e-09
3543.72 1.44087e-09 1.44087e-09
3550 1.44031e-09 1.44031e-09
3556.28 1.39606e-09 1.39606e-09
3562.57 1.39572e-09 1.39572e-09
3568.85 1.35264e-09 1.35264e-09
3575.13 1.35251e-09 1.35251e-09
3581.42 1.31057e-09 1.31057e-09
3587.7 1.31065e-09 1.31065e-09
3593.98 1.26982e-09 1.26982e-09
3600.27 1.27008e-09 1.27008e-09
3606.55 1.23033e-09 1.23033e-09
3612.83 1.23078e-09 1.23078e-09
3619.11 1.19207e-09 1.19207e-09
3625.4 1.19269e-09 1.19269e-09
3631.68 1.155e-09 1.155e-09
3637.96 1.15578e-09 1.15578e-09
3644.25 1.11909e-09 1.11909e-09
3650.53 1.12002e-09 1.12002e-09
3656.81 1.08429e-09 1.08429e-09
3663.1 1.08537e-09 1.08537e-09
3669.38 1.05058e-09 1.05058e-09
3675.66 1.05179e-09 1.05179e-09
3681.95 1.01792e-09 1.01792e-09
3688.23 1.01925e-09 1.01925e-09
3694.51 9.86269e-10 9.86269e-10
3700.8 9.87723e-10 9.87723e-10
3707.08 9.55605e-10 9.55605e-10
3713.36 9.57171e-10 9.57171e-10
3719.65 9.25894e-10 9.25894e-10
3725.93 9.27565e-10 9.27565e-10
3732.21 8.97108e-10 8.97108e-10
3738.5 8.98876e-10 8.98876e-10
3744.78 8.69216e-10 8.69216e-10
3751.06 8.71075e-10 8.71075e-10
3757.34 8.42191e-10 8.42191e-10
3763.63 8.44136e-10 8.44136e-10
3769.91 8.16007e-10 8.16007e-10
3776.19 8.1803e-10 8.1803e-10
3782.48 7.90636e-10 7.90636e-10
3788.76 7.92732e-10 7.92732e-10
3795.04 7.66053e-10 7.66053e-10
3801.33 7.68217e-10 7.68217e-10
3807.61 7.42234e-10 7.42234e-10
3813.89 7.44461e-10 7.44461e-10
3820.18 7.19155e-10 7.19155e-10
3826.46 7.21439e-10 7.21439e-10
3832.74 6.96793e-10 6.96793e-10
3839.03 6.9913e-10 6.9913e-10
3845.31 6.75125e-10 6.75125e-10
3851.59 6.77511e-10 6.77511e-10
3857.88 6.54131e-10 6.54131e-10
3864.16 6.5656e-10 6.5656e-10
3870.44 6.33788e-10 6.33788e-10
3876.73 6.36257e-10 6.36257e-10
3883.01 6.14077e-10 6.14077e-10
3889.29 6.16581e-10 6.16581e-10
3895.57 5.94977e-10 5.94977e-10
3901.86 5.97514e-10 5.97514e-10
3908.14 5.76471e-10 5.76471e-10
3914.42 5.79036e-10 5.79036e-10
3920.71 5.58539e-10 5.58539e-10
3926.99 5.61129e-10 5.61129e-10
3933.27 5.41163e-10 5.41163e-10
3939.56 5.43775e-10 5.43775e-10
3945.84 5.24327e-10 5.24327e-10
3952.12 5.26957e-10 5.26957e-10
3958.41 5.08013e-10 5.08013e-10
3964.69 5.10659e-10 5.10659e-10
3970.97 4.92205e-10 4.92205e-10
3977.26 4.94864e-10 4.94864e-10
3983.54 4.76888e-10 4.76888e-10
3989.82 4.79556e-10 4.79556e-10
3996.11 4.62046e-10 4.62046e-10
4002.39 4.64722e-10 4.64722e-10
4008.67 4.47664e-10 4.47664e-10
4014.96 4.50345e-10 4.50345e-10
4021.24 4.33728e-10 4.33728e-10
4027.52 4.36412e-10 4.36412e-10
4033.8 4.20225e-10 4.20225e-10
4040.09 4.22909e-10 4.22909e-10
4046.37 4.0714e-10 4.0714e-10
4052.65 4.09823e-10 4.09823e-10
4058.94 3.94461e-10 3.94461e-10
4065.22 3.9714e-10 3.9714e-10
4071.5 3.82175e-10 3.82175e-10
4077.79 3.84849e-10 3.84849e-10
4084.07 3.7027e-10 3.7027e-10
4090.35 3.72937e-10 3.72937e-10
4096.64 3.58734e-10 3.58734e-10
4102.92 3.61393e-10 3.61393e-10
4109.2 3.47556e-10 3.47556e-10
4115.49 3.50204e-10 3.50204e-10
4121.77 3.36724e-10 3.36724e-10
4128.05 3.3936e-10 3.3936e-10
4134.34 3.26228e-10 3.26228e-10
4140.62 3.28851e-10 3.28851e-10
4146.9 3.16057e-10 3.16057e-10
4153.19 3.18666e-10 3.18666e-10
4159.47 3.06201e-10 3.06201e-10
4165.75 3.08795e-10 3.08795e-10
4172.04 2.96651e-10 2.96651e-10
4178.32 2.99228e-10 2.99228e-10
4184.6 2.87397e-10 2.87397e-10
4190.88 2.89956e-10 2.89956e-10
4197.17 2.78429e-10 2.78429e-10
4203.45 2.80969e-10 2.80969e-10
4209.73 2.6974e-10 2.6974e-10
4216.02 2.7226e-10 2.7226e-10
4222.3 2.61319e-10 2.61319e-10
4228.58 2.63819e-10 2.63819e-10
4234.87 2.5316e-10 2.5316e-10
4241.15 2.55638e-10 2.55638e-10
4247.43 2.45253e-10 2.45253e-10
4253.72 2.47709e-10 2.47709e-10
4260 2.37592e-10 2.37592e-10
4266.28 2.40024e-10 2.40024e-10
4272.57 2.30167e-10 2.30167e-10
4278.85 2.32576e-10 2.32576e-10
4285.13 2.22973e-10 2.22973e-10
4291.42 2.25357e-10 2.25357e-10
4297.7 2.16001e-10 2.16001e-10
4303.98 2.18361e-10 2.18361e-10
4310.27 2.09246e-10 2.09246e-10
4316.55 2.1158e-10 2.1158e-10
4322.83 2.02699e-10 2.02699e-10
4329.11 2.05008e-10 2.05008e-10
4335.4 1.96356e-10 1.96356e-10
4341.68 1.98638e-10 1.98638e-10
4347.96 1.90209e-10 1.90209e-10
4354.25 1.92464e-10 1.92464e-10
4360.53 1.84252e-10 1.84252e-10
4366.81 1.86481e-10 1.86481e-10
4373.1 1.7848e-10 1.7848e-10
4379.38 1.80681e-10 1.80681e-10
4385.66 1.72887e-10 1.72887e-10
4391.95 1.7506e-10 1.7506e-10
4398.23 1.67466e-10 1.67466e-10
4404.51 1.69612e-10 1.69612e-10
4410.8 1.62214e-10 1.62214e-10
4417.08 1.64332e-10 1.64332e-10
4423.36 1.57125e-10 1.57125e-10
4429.65 1.59214e-10 1.59214e-10
4435.93 1.52193e-10 1.52193e-10
4442.21 1.54253e-10 1.54253e-10
4448.5 1.47413e-10 1.47413e-10
4454.78 1.49446e-10 1.49446e-10
4461.06 1.42782e-10 1.42782e-10
4467.34 1.44786e-10 1.44786e-10
4473.63 1.38294e-10 1.38294e-10
4479.91 1.40269e-10 1.40269e-10
4486.19 1.33945e-10 1.33945e-10
4492.48 1.35892e-10 1.35892e-10
4498.76 1.29731e-10 1.29731e-10
4505.04 1.31649e-10 1.31649e-10
4511.33 1.25648e-10 1.25648e-10
4517.61 1.27537e-10 1.27537e-10
4523.89 1.21691e-10 1.21691e-10
4530.18 1.23551e-10 1.23551e-10
4536.46 1.17856e-10 1.17856e-10
4542.74 1.19687e-10 1.19687e-10
4549.03 1.1414e-10 1.1414e-10
4555.31 1.15943e-10 1.15943e-10
4561.59 1.10539e-10 1.10539e-10
4567.88 1.12314e-10 1.12314e-10
4574.16 1.0705e-10 1.0705e-10
4580.44 1.08796e-10 1.08796e-10
4586.73 1.03669e-10 1.03669e-10
4593.01 1.05386e-10 1.05386e-10
4599.29 1.00393e-10 1.00393e-10
4605.57 1.02082e-10 1.02082e-10
4611.86 9.72176e-11 9.72176e-11
4618.14 9.88785e-11 9.88785e-11
4624.42 9.4141e-11 9.4141e-11
4630.71 9.57739e-11 9.57739e-11
4636.99 9.11597e-11 9.11597e-11
4643.27 9.27647e-11 9.27647e-11
4649.56 8.82708e-11 8.82708e-11
4655.84 8.98481e-11 8.98481e-11
4662.12 8.54713e-11 8.54713e-11
4668.41 8.70212e-11 8.70212e-11
4674.69 8.27586e-11 8.27586e-11
4680.97 8.42811e-11 8.42811e-11
4687.26 8.01299e-11 8.01299e-11
4693.54 8.16253e-11 8.16253e-11
4699.82 7.75827e-11 7.75827e-11
4706.11 7.90512e-11 7.90512e-11
4712.39 7.51144e-11 7.51144e-11
4718.67 7.65562e-11 7.65562e-11
4724.96 7.27225e-11 7.27225e-11
4731.24 7.41379e-11 7.41379e-11
4737.52 7.04048e-11 7.04048e-11
4743.8 7.17939e-11 7.17939e-11
4750.09 6.81589e-11 6.81589e-11
4756.37 6.9522e-11 6.9522e-11
4762.65 6.59826e-11 6.59826e-11
4768.94 6.73199e-11 6.73199e-11
4775.22 6.38738e-11 6.38738e-11
4781.5 6.51856e-11 6.51856e-11
4787.79 6.18303e-11 6.18303e-11
4794.07 6.31168e-11 6.31168e-11
4800.35 5.98501e-11 5.98501e-11
4806.64 6.11116e-11 6.11116e-11
4812.92 5.79314e-11 5.79314e-11
4819.2 5.91681e-11 5.91681e-11
4825.49 5.60721e-11 5.60721e-11
4831.77 5.72844e-11 5.72844e-11
4838.05 5.42705e-11 5.42705e-11
4844.34 5.54585e-11 5.54585e-11
4850.62 5.25247e-11 5.25247e-11
4856.9 5.36888e-11 5.36888e-11
4863.19 5.0833e-11 5.0833e-11
4869.47 5.19735e-11 5.19735e-11
4875.75 4.91939e-11 4.91939e-11
4882.03 5.03109e-11 5.03109e-11
4888.32 4.76055e-11 4.76055e-11
4894.6 4.86995e-11 4.86995e-11
4900.88 4.60664e-11 4.60664e-11
4907.17 4.71376e-11 4.71376e-11
4913.45 4.45751e-11 4.45751e-11
4919.73 4.56237e-11 4.56237e-11
4926.02 4.313e-11 4.313e-11
4932.3 4.41564e-11 4.41564e-11
4938.58 4.17298e-11 4.17298e-11
4944.87 4.27342e-11 4.27342e-11
4951.15 4.0373e-11 4.0373e-11
4957.43 4.13557e-11 4.13557e-11
4963.72 3.90584e-11 3.90584e-11
4970 4.00197e-11 4.00197e-11
4976.28 3.77845e-11 3.77845e-11
4982.57 3.87247e-11 3.87247e-11
4988.85 3.65502e-11 3.65502e-11
4995.13 3.74696e-11 3.74696e-11
5001.42 3.53542e-11 3.53542e-11
5007.7 3.62531e-11 3.62531e-11
5013.98 3.41953e-11 3.41953e-11
5020.27 3.5074e-11 3.5074e-11
5026.55 3.30725e-11 3.30725e-11
5032.83 3.39311e-11 3.39311e-11
5039.11 3.19845e-11 3.19845e-11
5045.4 3.28235e-11 3.28235e-11
5051.68 3.09303e-11 3.09303e-11
5057.96 3.17499e-11 3.17499e-11
5064.25 2.99089e-11 2.99089e-11
5070.53 3.07094e-11 3.07094e-11
5076.81 2.89192e-11 2.89192e-11
5083.1 2.97009e-11 2.97009e-11
5089.38 2.79603e-11 2.79603e-11
5095.66 2.87235e-11 2.87235e-11
5101.95 2.70312e-11 2.70312e-11
5108.23 2.77762e-11 2.77762e-11
5114.51 2.6131e-11 2.6131e-11
5120.8 2.6858e-11 2.6858e-11
5127.08 2.52587e-11 2.52587e-11
5133.36 2.59681e-11 2.59681e-11
5139.65 2.44137e-11 2.44137e-11
5145.93 2.51057e-11 2.51057e-11
5152.21 2.35949e-11 2.35949e-11
5158.5 2.42698e-11 2.42698e-11
5164.78 2.28016e-11 2.28016e-11
5171.06 2.34597e-11 2.34597e-11
5177.34 2.2033e-11 2.2033e-11
5183.63 2.26745e-11 2.26745e-11
5189.91 2.12884e-11 2.12884e-11
5196.19 2.19136e-11 2.19136e-11
5202.48 2.0567e-11 2.0567e-11
5208.76 2.11761e-11 2.11761e-11
5215.04 1.9868e-11 1.9868e-11
5221.33 2.04614e-11 2.04614e-11
5227.61 1.91908e-11 1.91908e-11
5233.89 1.97687e-11 1.97687e-11
5240.18 1.85348e-11 1.85348e-11
5246.46 1.90974e-11 1.90974e-11
5252.74 1.78992e-11 1.78992e-11
5259.03 1.84469e-11 1.84469e-11
5265.31 1.72835e-11 1.72835e-11
5271.59 1.78165e-11 1.78165e-11
5277.88 1.6687e-11 1.6687e-11
5284.16 1.72055e-11 1.72055e-11
5290.44 1.61091e-11 1.61091e-11
5296.73 1.66134e-11 1.66134e-11
5303.01 1.55493e-11 1.55493e-11
5309.29 1.60396e-11 1.60396e-11
5315.57 1.50069e-11 1.50069e-11
5321.86 1.54836e-11 1.54836e-11
5328.14 1.44816e-11 1.44816e-11
5334.42 1.49448e-11 1.49448e-11
5340.71 1.39727e-11 1.39727e-11
5346.99 1.44227e-11 1.44227e-11
5353.27 1.34797e-11 1.34797e-11
5359.56 1.39168e-11 1.39168e-11
5365.84 1.30022e-11 1.30022e-11
5372.12 1.34266e-11 1.34266e-11
5378.41 1.25397e-11 1.25397e-11
5384.69 1.29515e-11 1.29515e-11
5390.97 1.20916e-11 1.20916e-11
5397.26 1.24913e-11 1.24913e-11
5403.54 1.16577e-11 1.16577e-11
5409.82 1.20453e-11 1.20453e-11
5416.11 1.12374e-11 1.12374e-11
5422.39 1.16132e-11 1.16132e-11
5428.67 1.08302e-11 1.08302e-11
5434.96 1.11945e-11 1.11945e-11
5441.24 1.0436e-11 1.0436e-11
5447.52 1.07889e-11 1.07889e-11
5453.8 1.00541e-11 1.00541e-11
5460.09 1.03959e-11 1.03959e-11
5466.37 9.68426e-12 9.68426e-12
5472.65 1.00152e-11 1.00152e-11
5478.94 9.32611e-12 9.32611e-12
5485.22 9.6464e-12 9.6464e-12
5491.5 8.97928e-12 8.97928e-12
5497.79 9.28911e-12 9.28911e-12
5504.07 8.64341e-12 8.64341e-12
5510.35 8.94301e-12 8.94301e-12
5516.64 8.31819e-12 8.31819e-12
5522.92 8.60775e-12 8.60775e-12
5529.2 8.00328e-12 8.00328e-12
5535.49 8.28302e-12 8.28302e-12
5541.77 7.69837e-12 7.69837e-12
5548.05 7.9685e-12 7.9685e-12
5554.34 7.40316e-12 7.40316e-12
5560.62 7.66387e-12 7.66387e-12
5566.9 7.11735e-12 7.11735e-12
5573.19 7.36885e-12 7.36885e-12
5579.47 6.84066e-12 6.84066e-12
5585.75 7.08314e-12 7.08314e-12
5592.03 6.5728e-12 6.5728e-12
5598.32 6.80647e-12 6.80647e-12
5604.6 6.31353e-12 6.31353e-12
5610.88 6.53857e-12 6.53857e-12
5617.17 6.06257e-12 6.06257e-12
5623.45 6.27918e-12 6.27918e-12
5629.73 5.81968e-12 5.81968e-12
5636.02 6.02804e-12 6.02804e-12
5642.3 5.58461e-12 5.58461e-12
5648.58 5.78491e-12 5.78491e-12
5654.87 5.35713e-12 5.35713e-12
5661.15 5.54956e-12 5.54956e-12
5667.43 5.13701e-12 5.13701e-12
5673.72 5.32176e-12 5.32176e-12
5680 4.92404e-12 4.92404e-12
5686.28 5.10127e-12 5.10127e-12
5692.57 4.71799e-12 4.71799e-12
5698.85 4.8879e-12 4.8879e-12
5705.13 4.51867e-12 4.51867e-12
5711.42 4.68142e-12 4.68142e-12
5717.7 4.32588e-12 4.32588e-12
5723.98 4.48165e-12 4.48165e-12
5730.27 4.13942e-12 4.13942e-12
5736.55 4.28838e-12 4.28838e-12
5742.83 3.9591e-12 3.9591e-12
5749.11 4.10142e-12 4.10142e-12
5755.4 3.78475e-12 3.78475e-12
5761.68 3.9206e-12 3.9206e-12
5767.96 3.6162e-12 3.6162e-12
5774.25 3.74574e-12 3.74574e-12
5780.53 3.45326e-12 3.45326e-12
5786.81 3.57667e-12 3.57667e-12
5793.1 3.29579e-12 3.29579e-12
5799.38 3.41322e-12 3.41322e-12
5805.66 3.14362e-12 3.14362e-12
5811.95 3.25524e-12 3.25524e-12
5818.23 2.99661e-12 2.99661e-12
5824.51 3.10257e-12 3.10257e-12
5830.8 2.8546e-12 2.8546e-12
5837.08 2.95506e-12 2.95506e-12
5843.36 2.71745e-12 2.71745e-12
5849.65 2.81256e-12 2.81256e-12
5855.93 2.58502e-12 2.58502e-12
5862.21 2.67495e-12 2.67495e-12
5868.5 2.45719e-12 2.45719e-12
5874.78 2.54208e-12 2.54208e-12
5881.06 2.33382e-12 2.33382e-12
5887.34 2.41383e-12 2.41383e-12
5893.63 2.21479e-12 2.21479e-12
5899.91 2.29007e-12 2.29007e-12
5906.19 2.09999e-12 2.09999e-12
5912.48 2.17068e-12 2.17068e-12
5918.76 1.98929e-12 1.98929e-12
5925.04 2.05554e-12 2.05554e-12
5931.33 1.88259e-12 1.88259e-12
5937.61 1.94454e-12 1.94454e-12
5943.89 1.77978e-12 1.77978e-12
5950.18 1.83758e-12 1.83758e-12
5956.46 1.68075e-12 1.68075e-12
5962.74 1.73454e-12 1.73454e-12
5969.03 1.58541e-12 1.58541e-12
5975.31 1.63534e-12 1.63534e-12
5981.59 1.49366e-12 1.49366e-12
5987.88 1.53987e-12 1.53987e-12
5994.16 1.40542e-12 1.40542e-12
6000.44 1.44803e-12 1.44803e-12
6006.73 1.32058e-12 1.32058e-12
6013.01 1.35975e-12 1.35975e-12
6019.29 1.23907e-12 1.23907e-12
6025.57 1.27493e-12 1.27493e-12
6031.86 1.1608e-12 1.1608e-12
6038.14 1.19349e-12 1.19349e-12
6044.42 1.0857e-12 1.0857e-12
6050.71 1.11535e-12 1.11535e-12
6056.99 1.01369e-12 1.01369e-12
6063.27 1.04044e-12 1.04044e-12
6069.56 9.44698e-13 9.44698e-13
6075.84 9.68674e-13 9.68674e-13
6082.12 8.78655e-13 8.78655e-13
6088.41 8.99995e-13 8.99995e-13
6094.69 8.15495e-13 8.15495e-13
6100.97 8.34331e-13 8.34331e-13
6107.26 7.55154e-13 7.55154e-13
6113.54 7.71618e-13 7.71618e-13
6119.82 6.97572e-13 6.97572e-13
6126.11 7.11795e-13 7.11795e-13
6132.39 6.42691e-13 6.42691e-13
6138.67 6.54804e-13 6.54804e-13
6144.96 5.90456e-13 5.90456e-13
6151.24 6.00589e-13 6.00589e-13
6157.52 5.40815e-13 5.40815e-13
6163.8 5.49097e-13 5.49097e-13
6170.09 4.93717e-13 4.93717e-13
6176.37 5.00278e-13 5.00278e-13
6182.65 4.49116e-13 4.49116e-13
6188.94 4.54085e-13 4.54085e-13
6195.22 4.06966e-13 4.06966e-13
6201.5 4.10472e-13 4.10472e-13
6207.79 3.67225e-13 3.67225e-13
6214.07 3.69397e-13 3.69397e-13
6220.35 3.29854e-13 3.29854e-13
6226.64 3.3082e-13 3.3082e-13
6232.92 2.94815e-13 2.94815e-13
6239.2 2.94703e-13 2.94703e-13
6245.49 2.62072e-13 2.62072e-13
6251.77 2.61011e-13 2.61011e-13
6258.05 2.31593e-13 2.31593e-13
6264.34 2.29711e-13 2.29711e-13
6270.62 2.03346e-13 2.03346e-13
6276.9 2.00772e-13 2.00772e-13
6283.19 1.77305e-13 1.77305e-13
6289.47 1.74167e-13 1.74167e-13
6295.75 1.53442e-13 1.53442e-13
6302.03 1.49869e-13 1.49869e-13
6308.32 1.31734e-13 1.31734e-13
6314.6 1.27855e-13 1.27855e-13
6320.88 1.12158e-13 1.12158e-13
6327.17 1.08102e-13 1.08102e-13
6333.45 9.46956e-14 9.46956e-14
6339.73 9.05933e-14 9.05933e-14
6346.02 7.93284e-14 7.93284e-14
6352.3 7.53099e-14 7.53099e-14
6358.58 6.60414e-14 6.60414e-14
6364.87 6.22375e-14 6.22375e-14
6371.15 5.4821e-14 5.4821e-14
6377.43 5.13632e-14 5.13632e-14
6383.72 4.5656e-14 4.5656e-14
6390 4.26765e-14 4.26765e-14
6396.28 3.85373e-14 3.85373e-14
6402.57 3.61689e-14 3.61689e-14
6408.85 3.34575e-14 3.34575e-14
6415.13 3.1834e-14 3.1834e-14
6421.42 3.04117e-14 3.04117e-14
6427.7 2.96676e-14 2.96676e-14
6433.98 2.93968e-14 2.93968e-14
