0 1.01932e-14 1.01932e-14
6.28319 0.0182153 0.0182153
12.5664 0.00453319 0.00453319
18.8496 0.00201406 0.00201406
25.1327 0.00113062 0.00113062
31.4159 0.000724229 0.000724229
37.6991 0.000501633 0.000501633
43.9823 0.000368918 0.000368918
50.2655 0.000281622 0.000281622
56.5487 0.0002227 0.0002227
62.8319 0.000179809 0.000179809
69.115 0.000148689 0.000148689
75.3982 0.000124508 0.000124508
81.6814 0.000106125 0.000106125
87.9646 9.11655e-05 9.11655e-05
94.2478 7.94217e-05 7.94217e-05
100.531 6.95265e-05 6.95265e-05
106.814 6.1577e-05 6.1577e-05
113.097 5.46924e-05 5.46924e-05
119.381 4.9066e-05 4.9066e-05
125.664 4.40829e-05 4.40829e-05
131.947 3.99575e-05 3.99575e-05
138.23 3.62343e-05 3.62343e-05
144.513 3.31214e-05 3.31214e-05
150.796 3.02662e-05 3.02662e-05
157.08 2.78606e-05 2.78606e-05
163.363 2.56228e-05 2.56228e-05
169.646 2.37262e-05 2.37262e-05
175.929 2.19397e-05 2.19397e-05
182.212 2.04186e-05 2.04186e-05
188.496 1.89695e-05 1.89695e-05
194.779 1.77315e-05 1.77315e-05
201.062 1.654e-05 1.654e-05
207.345 1.55193e-05 1.55193e-05
213.628 1.45276e-05 1.45276e-05
219.911 1.36766e-05 1.36766e-05
226.195 1.28425e-05 1.28425e-05
232.478 1.21257e-05 1.21257e-05
238.761 1.14176e-05 1.14176e-05
245.044 1.08085e-05 1.08085e-05
251.327 1.02022e-05 1.02022e-05
257.611 9.6805e-06 9.6805e-06
263.894 9.15746e-06 9.15746e-06
270.177 8.70738e-06 8.70738e-06
276.46 8.2531e-06 8.2531e-06
282.743 7.86228e-06 7.86228e-06
289.027 7.46528e-06 7.46528e-06
295.31 7.12389e-06 7.12389e-06
301.593 6.77501e-06 6.77501e-06
307.876 6.4752e-06 6.4752e-06
314.159 6.16703e-06 6.16703e-06
320.442 5.90244e-06 5.90244e-06
326.726 5.62895e-06 5.62895e-06
333.009 5.39439e-06 5.39439e-06
339.292 5.15064e-06 5.15064e-06
345.575 4.94183e-06 4.94183e-06
351.858 4.72373e-06 4.72373e-06
358.142 4.53713e-06 4.53713e-06
364.425 4.34127e-06 4.34127e-06
370.708 4.17394e-06 4.17394e-06
376.991 3.99745e-06 3.99745e-06
383.274 3.8469e-06 3.8469e-06
389.557 3.68737e-06 3.68737e-06
395.841 3.55152e-06 3.55152e-06
402.124 3.40691e-06 3.40691e-06
408.407 3.28397e-06 3.28397e-06
414.69 3.15253e-06 3.15253e-06
420.973 3.04099e-06 3.04099e-06
427.257 2.92122e-06 2.92122e-06
433.54 2.81977e-06 2.81977e-06
439.823 2.71038e-06 2.71038e-06
446.106 2.6179e-06 2.6179e-06
452.389 2.51778e-06 2.51778e-06
458.673 2.4333e-06 2.4333e-06
464.956 2.34148e-06 2.34148e-06
471.239 2.26416e-06 2.26416e-06
477.522 2.17978e-06 2.17978e-06
483.805 2.10888e-06 2.10888e-06
490.088 2.03121e-06 2.03121e-06
496.372 1.96608e-06 1.96608e-06
502.655 1.89447e-06 1.89447e-06
508.938 1.83455e-06 1.83455e-06
515.221 1.76842e-06 1.76842e-06
521.504 1.71321e-06 1.71321e-06
527.788 1.65205e-06 1.65205e-06
534.071 1.6011e-06 1.6011e-06
540.354 1.54447e-06 1.54447e-06
546.637 1.4974e-06 1.4974e-06
552.92 1.44488e-06 1.44488e-06
559.203 1.40134e-06 1.40134e-06
565.487 1.35258e-06 1.35258e-06
571.77 1.31226e-06 1.31226e-06
578.053 1.26694e-06 1.26694e-06
584.336 1.22955e-06 1.22955e-06
590.619 1.18739e-06 1.18739e-06
596.903 1.15269e-06 1.15269e-06
603.186 1.11342e-06 1.11342e-06
609.469 1.08118e-06 1.08118e-06
615.752 1.04457e-06 1.04457e-06
622.035 1.0146e-06 1.0146e-06
628.319 9.80439e-07 9.80439e-07
634.602 9.52544e-07 9.52544e-07
640.885 9.20645e-07 9.20645e-07
647.168 8.94664e-07 8.94664e-07
653.451 8.64851e-07 8.64851e-07
659.734 8.40635e-07 8.40635e-07
666.018 8.12752e-07 8.12752e-07
672.301 7.90165e-07 7.90165e-07
678.584 7.64067e-07 7.64067e-07
684.867 7.42986e-07 7.42986e-07
691.15 7.18543e-07 7.18543e-07
697.434 6.98856e-07 6.98856e-07
703.717 6.75948e-07 6.75948e-07
710 6.57551e-07 6.57551e-07
716.283 6.3607e-07 6.3607e-07
722.566 6.1887e-07 6.1887e-07
728.849 5.98715e-07 5.98715e-07
735.133 5.82625e-07 5.82625e-07
741.416 5.63704e-07 5.63704e-07
747.699 5.48646e-07 5.48646e-07
753.982 5.30875e-07 5.30875e-07
760.265 5.16775e-07 5.16775e-07
766.549 5.00076e-07 5.00076e-07
772.832 4.86869e-07 4.86869e-07
779.115 4.71169e-07 4.71169e-07
785.398 4.58793e-07 4.58793e-07
791.681 4.44027e-07 4.44027e-07
797.965 4.32426e-07 4.32426e-07
804.248 4.18533e-07 4.18533e-07
810.531 4.07653e-07 4.07653e-07
816.814 3.94576e-07 3.94576e-07
823.097 3.84371e-07 3.84371e-07
829.38 3.72056e-07 3.72056e-07
835.664 3.6248e-07 3.6248e-07
841.947 3.50881e-07 3.50881e-07
848.23 3.41893e-07 3.41893e-07
854.513 3.30963e-07 3.30963e-07
860.796 3.22525e-07 3.22525e-07
867.08 3.12223e-07 3.12223e-07
873.363 3.04298e-07 3.04298e-07
879.646 2.94585e-07 2.94585e-07
885.929 2.87142e-07 2.87142e-07
892.212 2.77981e-07 2.77981e-07
898.495 2.70988e-07 2.70988e-07
904.779 2.62346e-07 2.62346e-07
911.062 2.55775e-07 2.55775e-07
917.345 2.47619e-07 2.47619e-07
923.628 2.41444e-07 2.41444e-07
929.911 2.33746e-07 2.33746e-07
936.195 2.27941e-07 2.27941e-07
942.478 2.20674e-07 2.20674e-07
948.761 2.15216e-07 2.15216e-07
955.044 2.08353e-07 2.08353e-07
961.327 2.03222e-07 2.03222e-07
967.611 1.9674e-07 1.9674e-07
973.894 1.91914e-07 1.91914e-07
980.177 1.8579e-07 1.8579e-07
986.46 1.81251e-07 1.81251e-07
992.743 1.75465e-07 1.75465e-07
999.026 1.71196e-07 1.71196e-07
1005.31 1.65727e-07 1.65727e-07
1011.59 1.61711e-07 1.61711e-07
1017.88 1.56542e-07 1.56542e-07
1024.16 1.52763e-07 1.52763e-07
1030.44 1.47876e-07 1.47876e-07
1036.73 1.44321e-07 1.44321e-07
1043.01 1.397e-07 1.397e-07
1049.29 1.36355e-07 1.36355e-07
1055.58 1.31984e-07 1.31984e-07
1061.86 1.28837e-07 1.28837e-07
1068.14 1.24703e-07 1.24703e-07
1074.42 1.21741e-07 1.21741e-07
1080.71 1.1783e-07 1.1783e-07
1086.99 1.15042e-07 1.15042e-07
1093.27 1.11342e-07 1.11342e-07
1099.56 1.08718e-07 1.08718e-07
1105.84 1.05216e-07 1.05216e-07
1112.12 1.02748e-07 1.02748e-07
1118.41 9.9433e-08 9.9433e-08
1124.69 9.71096e-08 9.71096e-08
1130.97 9.3972e-08 9.3972e-08
1137.26 9.17854e-08 9.17854e-08
1143.54 8.8815e-08 8.8815e-08
1149.82 8.6757e-08 8.6757e-08
1156.11 8.39445e-08 8.39445e-08
1162.39 8.20077e-08 8.20077e-08
1168.67 7.93444e-08 7.93444e-08
1174.96 7.75216e-08 7.75216e-08
1181.24 7.49993e-08 7.49993e-08
1187.52 7.32838e-08 7.32838e-08
1193.81 7.08947e-08 7.08947e-08
1200.09 6.92802e-08 6.92802e-08
1206.37 6.70171e-08 6.70171e-08
1212.65 6.54978e-08 6.54978e-08
1218.94 6.33537e-08 6.33537e-08
1225.22 6.19239e-08 6.19239e-08
1231.5 5.98924e-08 5.98924e-08
1237.79 5.8547e-08 5.8547e-08
1244.07 5.66219e-08 5.66219e-08
1250.35 5.5356e-08 5.5356e-08
1256.64 5.35315e-08 5.35315e-08
1262.92 5.23404e-08 5.23404e-08
1269.2 5.06112e-08 5.06112e-08
1275.49 4.94905e-08 4.94905e-08
1281.77 4.78514e-08 4.78514e-08
1288.05 4.67971e-08 4.67971e-08
1294.34 4.52432e-08 4.52432e-08
1300.62 4.42515e-08 4.42515e-08
1306.9 4.27782e-08 4.27782e-08
1313.19 4.18453e-08 4.18453e-08
1319.47 4.04484e-08 4.04484e-08
1325.75 3.9571e-08 3.9571e-08
1332.04 3.82463e-08 3.82463e-08
1338.32 3.74211e-08 3.74211e-08
1344.6 3.61648e-08 3.61648e-08
1350.88 3.53888e-08 3.53888e-08
1357.17 3.41973e-08 3.41973e-08
1363.45 3.34676e-08 3.34676e-08
1369.73 3.23373e-08 3.23373e-08
1376.02 3.16513e-08 3.16513e-08
1382.3 3.05791e-08 3.05791e-08
1388.58 2.99342e-08 2.99342e-08
1394.87 2.8917e-08 2.8917e-08
1401.15 2.83108e-08 2.83108e-08
1407.43 2.73456e-08 2.73456e-08
1413.72 2.67759e-08 2.67759e-08
1420 2.58601e-08 2.58601e-08
1426.28 2.53247e-08 2.53247e-08
1432.57 2.44555e-08 2.44555e-08
1438.85 2.39525e-08 2.39525e-08
1445.13 2.31276e-08 2.31276e-08
1451.42 2.26551e-08 2.26551e-08
1457.7 2.18721e-08 2.18721e-08
1463.98 2.14283e-08 2.14283e-08
1470.27 2.0685e-08 2.0685e-08
1476.55 2.02682e-08 2.02682e-08
1482.83 1.95626e-08 1.95626e-08
1489.11 1.91712e-08 1.91712e-08
1495.4 1.85013e-08 1.85013e-08
1501.68 1.81338e-08 1.81338e-08
1507.96 1.74977e-08 1.74977e-08
1514.25 1.71529e-08 1.71529e-08
1520.53 1.65488e-08 1.65488e-08
1526.81 1.62252e-08 1.62252e-08
1533.1 1.56515e-08 1.56515e-08
1539.38 1.53478e-08 1.53478e-08
1545.66 1.4803e-08 1.4803e-08
1551.95 1.45181e-08 1.45181e-08
1558.23 1.40006e-08 1.40006e-08
1564.51 1.37335e-08 1.37335e-08
1570.8 1.32418e-08 1.32418e-08
1577.08 1.29914e-08 1.29914e-08
1583.36 1.25243e-08 1.25243e-08
1589.65 1.22895e-08 1.22895e-08
1595.93 1.18457e-08 1.18457e-08
1602.21 1.16257e-08 1.16257e-08
1608.5 1.1204e-08 1.1204e-08
1614.78 1.09979e-08 1.09979e-08
1621.06 1.05971e-08 1.05971e-08
1627.34 1.04041e-08 1.04041e-08
1633.63 1.00232e-08 1.00232e-08
1639.91 9.84245e-09 9.84245e-09
1646.19 9.48041e-09 9.48041e-09
1652.48 9.31123e-09 9.31123e-09
1658.76 8.96707e-09 8.96707e-09
1665.04 8.80877e-09 8.80877e-09
1671.33 8.48159e-09 8.48159e-09
1677.61 8.33352e-09 8.33352e-09
1683.89 8.02243e-09 8.02243e-09
1690.18 7.88398e-09 7.88398e-09
1696.46 7.58818e-09 7.58818e-09
1702.74 7.45877e-09 7.45877e-09
1709.03 7.17747e-09 7.17747e-09
1715.31 7.05655e-09 7.05655e-09
1721.59 6.78903e-09 6.78903e-09
1727.88 6.67609e-09 6.67609e-09
1734.16 6.42164e-09 6.42164e-09
1740.44 6.31621e-09 6.31621e-09
1746.73 6.07415e-09 6.07415e-09
1753.01 5.97578e-09 5.97578e-09
1759.29 5.7455e-09 5.7455e-09
1765.58 5.65375e-09 5.65375e-09
1771.86 5.43465e-09 5.43465e-09
1778.14 5.34912e-09 5.34912e-09
1784.42 5.14064e-09 5.14064e-09
1790.71 5.06095e-09 5.06095e-09
1796.99 4.86256e-09 4.86256e-09
1803.27 4.78835e-09 4.78835e-09
1809.56 4.59953e-09 4.59953e-09
1815.84 4.53048e-09 4.53048e-09
1822.12 4.35075e-09 4.35075e-09
1828.41 4.28652e-09 4.28652e-09
1834.69 4.11544e-09 4.11544e-09
1840.97 4.05574e-09 4.05574e-09
1847.26 3.89286e-09 3.89286e-09
1853.54 3.83742e-09 3.83742e-09
1859.82 3.68234e-09 3.68234e-09
1866.11 3.63088e-09 3.63088e-09
1872.39 3.4832e-09 3.4832e-09
1878.67 3.43549e-09 3.43549e-09
1884.96 3.29485e-09 3.29485e-09
1891.24 3.25064e-09 3.25064e-09
1897.52 3.11669e-09 3.11669e-09
1903.81 3.07576e-09 3.07576e-09
1910.09 2.94816e-09 2.94816e-09
1916.37 2.91031e-09 2.91031e-09
1922.65 2.78876e-09 2.78876e-09
1928.94 2.75379e-09 2.75379e-09
1935.22 2.63798e-09 2.63798e-09
1941.5 2.60571e-09 2.60571e-09
1947.79 2.49536e-09 2.49536e-09
1954.07 2.46561e-09 2.46561e-09
1960.35 2.36045e-09 2.36045e-09
1966.64 2.33306e-09 2.33306e-09
1972.92 2.23283e-09 2.23283e-09
1979.2 2.20766e-09 2.20766e-09
1985.49 2.11212e-09 2.11212e-09
1991.77 2.08901e-09 2.08901e-09
1998.05 1.99794e-09 1.99794e-09
2004.34 1.97676e-09 1.97676e-09
2010.62 1.88993e-09 1.88993e-09
2016.9 1.87055e-09 1.87055e-09
2023.19 1.78776e-09 1.78776e-09
2029.47 1.77007e-09 1.77007e-09
2035.75 1.69112e-09 1.69112e-09
2042.04 1.675e-09 1.675e-09
2048.32 1.5997e-09 1.5997e-09
2054.6 1.58504e-09 1.58504e-09
2060.88 1.51322e-09 1.51322e-09
2067.17 1.49993e-09 1.49993e-09
2073.45 1.43142e-09 1.43142e-09
2079.73 1.41941e-09 1.41941e-09
2086.02 1.35404e-09 1.35404e-09
2092.3 1.34322e-09 1.34322e-09
2098.58 1.28085e-09 1.28085e-09
2104.87 1.27112e-09 1.27112e-09
2111.15 1.21161e-09 1.21161e-09
2117.43 1.20291e-09 1.20291e-09
2123.72 1.14611e-09 1.14611e-09
2130 1.13837e-09 1.13837e-09
2136.28 1.08415e-09 1.08415e-09
2142.57 1.0773e-09 1.0773e-09
2148.85 1.02554e-09 1.02554e-09
2155.13 1.01952e-09 1.01952e-09
2161.42 9.70099e-10 9.70099e-10
2167.7 9.64841e-10 9.64841e-10
2173.98 9.17654e-10 9.17654e-10
2180.27 9.13105e-10 9.13105e-10
2186.55 8.68043e-10 8.68043e-10
2192.83 8.64151e-10 8.64151e-10
2199.11 8.21113e-10 8.21113e-10
2205.4 8.17829e-10 8.17829e-10
2211.68 7.76719e-10 7.76719e-10
2217.96 7.73997e-10 7.73997e-10
2224.25 7.34724e-10 7.34724e-10
2230.53 7.32521e-10 7.32521e-10
2236.81 6.94998e-10 6.94998e-10
2243.1 6.93273e-10 6.93273e-10
2249.38 6.57419e-10 6.57419e-10
2255.66 6.56135e-10 6.56135e-10
2261.95 6.2187e-10 6.2187e-10
2268.23 6.20992e-10 6.20992e-10
2274.51 5.88242e-10 5.88242e-10
2280.8 5.87737e-10 5.87737e-10
2287.08 5.56431e-10 5.56431e-10
2293.36 5.56268e-10 5.56268e-10
2299.65 5.26339e-10 5.26339e-10
2305.93 5.26489e-10 5.26489e-10
2312.21 4.97873e-10 4.97873e-10
2318.5 4.98309e-10 4.98309e-10
2324.78 4.70945e-10 4.70945e-10
2331.06 4.71642e-10 4.71642e-10
2337.34 4.45472e-10 4.45472e-10
2343.63 4.46407e-10 4.46407e-10
2349.91 4.21376e-10 4.21376e-10
2356.19 4.22526e-10 4.22526e-10
2362.48 3.98581e-10 3.98581e-10
2368.76 3.99927e-10 3.99927e-10
2375.04 3.77018e-10 3.77018e-10
2381.33 3.7854e-10 3.7854e-10
2387.61 3.5662e-10 3.5662e-10
2393.89 3.58301e-10 3.58301e-10
2400.18 3.37325e-10 3.37325e-10
2406.46 3.39147e-10 3.39147e-10
2412.74 3.19072e-10 3.19072e-10
2419.03 3.21021e-10 3.21021e-10
2425.31 3.01805e-10 3.01805e-10
2431.59 3.03867e-10 3.03867e-10
2437.88 2.85472e-10 2.85472e-10
2444.16 2.87632e-10 2.87632e-10
2450.44 2.70021e-10 2.70021e-10
2456.73 2.72268e-10 2.72268e-10
2463.01 2.55405e-10 2.55405e-10
2469.29 2.57728e-10 2.57728e-10
2475.58 2.41578e-10 2.41578e-10
2481.86 2.43967e-10 2.43967e-10
2488.14 2.28499e-10 2.28499e-10
2494.42 2.30943e-10 2.30943e-10
2500.71 2.16127e-10 2.16127e-10
2506.99 2.18617e-10 2.18617e-10
2513.27 2.04424e-10 2.04424e-10
2519.56 2.06952e-10 2.06952e-10
2525.84 1.93353e-10 1.93353e-10
2532.12 1.95911e-10 1.95911e-10
2538.41 1.8288e-10 1.8288e-10
2544.69 1.85462e-10 1.85462e-10
2550.97 1.72974e-10 1.72974e-10
2557.26 1.75572e-10 1.75572e-10
2563.54 1.63603e-10 1.63603e-10
2569.82 1.66211e-10 1.66211e-10
2576.11 1.54738e-10 1.54738e-10
2582.39 1.57352e-10 1.57352e-10
2588.67 1.46353e-10 1.46353e-10
2594.96 1.48967e-10 1.48967e-10
2601.24 1.38421e-10 1.38421e-10
2607.52 1.4103e-10 1.4103e-10
2613.81 1.30918e-10 1.30918e-10
2620.09 1.33518e-10 1.33518e-10
2626.37 1.23821e-10 1.23821e-10
2632.65 1.26408e-10 1.26408e-10
2638.94 1.17107e-10 1.17107e-10
2645.22 1.19678e-10 1.19678e-10
2651.5 1.10757e-10 1.10757e-10
2657.79 1.13308e-10 1.13308e-10
2664.07 1.0475e-10 1.0475e-10
2670.35 1.07279e-10 1.07279e-10
2676.64 9.90673e-11 9.90673e-11
2682.92 1.01572e-10 1.01572e-10
2689.2 9.36925e-11 9.36925e-11
2695.49 9.61697e-11 9.61697e-11
2701.77 8.86084e-11 8.86084e-11
2708.05 9.10563e-11 9.10563e-11
2714.34 8.37993e-11 8.37993e-11
2720.62 8.62161e-11 8.62161e-11
2726.9 7.92504e-11 7.92504e-11
2733.19 8.16345e-11 8.16345e-11
2739.47 7.49476e-11 7.49476e-11
2745.75 7.72975e-11 7.72975e-11
2752.04 7.08776e-11 7.08776e-11
2758.32 7.31921e-11 7.31921e-11
2764.6 6.70279e-11 6.70279e-11
2770.88 6.93059e-11 6.93059e-11
2777.17 6.33866e-11 6.33866e-11
2783.45 6.56271e-11 6.56271e-11
2789.73 5.99424e-11 5.99424e-11
2796.02 6.21446e-11 6.21446e-11
2802.3 5.66846e-11 5.66846e-11
2808.58 5.88479e-11 5.88479e-11
2814.87 5.36032e-11 5.36032e-11
2821.15 5.57271e-11 5.57271e-11
2827.43 5.06886e-11 5.06886e-11
2833.72 5.27727e-11 5.27727e-11
2840 4.79319e-11 4.79319e-11
2846.28 4.99758e-11 4.99758e-11
2852.57 4.53245e-11 4.53245e-11
2858.85 4.73281e-11 4.73281e-11
2865.13 4.28583e-11 4.28583e-11
2871.42 4.48214e-11 4.48214e-11
2877.7 4.05257e-11 4.05257e-11
2883.98 4.24483e-11 4.24483e-11
2890.27 3.83195e-11 3.83195e-11
2896.55 4.02017e-11 4.02017e-11
2902.83 3.62329e-11 3.62329e-11
2909.11 3.80747e-11 3.80747e-11
2915.4 3.42594e-11 3.42594e-11
2921.68 3.60609e-11 3.60609e-11
2927.96 3.23928e-11 3.23928e-11
2934.25 3.41544e-11 3.41544e-11
2940.53 3.06275e-11 3.06275e-11
2946.81 3.23493e-11 3.23493e-11
2953.1 2.89578e-11 2.89578e-11
2959.38 3.06403e-11 3.06403e-11
2965.66 2.73787e-11 2.73787e-11
2971.95 2.90222e-11 2.90222e-11
2978.23 2.58853e-11 2.58853e-11
2984.51 2.74902e-11 2.74902e-11
2990.8 2.44729e-11 2.44729e-11
2997.08 2.60396e-11 2.60396e-11
3003.36 2.31372e-11 2.31372e-11
3009.65 2.46661e-11 2.46661e-11
3015.93 2.18739e-11 2.18739e-11
3022.21 2.33656e-11 2.33656e-11
3028.5 2.06792e-11 2.06792e-11
3034.78 2.21342e-11 2.21342e-11
3041.06 1.95494e-11 1.95494e-11
3047.34 2.09682e-11 2.09682e-11
3053.63 1.84809e-11 1.84809e-11
3059.91 1.98641e-11 1.98641e-11
3066.19 1.74705e-11 1.74705e-11
3072.48 1.88187e-11 1.88187e-11
3078.76 1.6515e-11 1.6515e-11
3085.04 1.78287e-11 1.78287e-11
3091.33 1.56114e-11 1.56114e-11
3097.61 1.68912e-11 1.68912e-11
3103.89 1.47569e-11 1.47569e-11
3110.18 1.60035e-11 1.60035e-11
3116.46 1.39488e-11 1.39488e-11
3122.74 1.51628e-11 1.51628e-11
3129.03 1.31847e-11 1.31847e-11
3135.31 1.43667e-11 1.43667e-11
3141.59 1.24622e-11 1.24622e-11
3147.88 1.36128e-11 1.36128e-11
3154.16 1.1779e-11 1.1779e-11
3160.44 1.28988e-11 1.28988e-11
3166.73 1.1133e-11 1.1133e-11
3173.01 1.22226e-11 1.22226e-11
3179.29 1.05221e-11 1.05221e-11
3185.57 1.15823e-11 1.15823e-11
3191.86 9.94452e-12 9.94452e-12
3198.14 1.09758e-11 1.09758e-11
3204.42 9.39839e-12 9.39839e-12
3210.71 1.04014e-11 1.04014e-11
3216.99 8.88202e-12 8.88202e-12
3223.27 9.85735e-12 9.85735e-12
3229.56 8.39379e-12 8.39379e-12
3235.84 9.34209e-12 9.34209e-12
3242.12 7.93218e-12 7.93218e-12
3248.41 8.85405e-12 8.85405e-12
3254.69 7.49574e-12 7.49574e-12
3260.97 8.3918e-12 8.3918e-12
3267.26 7.08311e-12 7.08311e-12
3273.54 7.95397e-12 7.95397e-12
3279.82 6.69301e-12 6.69301e-12
3286.11 7.53924e-12 7.53924e-12
3292.39 6.3242e-12 6.3242e-12
3298.67 7.1464e-12 7.1464e-12
3304.96 5.97553e-12 5.97553e-12
3311.24 6.77428e-12 6.77428e-12
3317.52 5.64592e-12 5.64592e-12
3323.81 6.42179e-12 6.42179e-12
3330.09 5.33431e-12 5.33431e-12
3336.37 6.08787e-12 6.08787e-12
3342.65 5.03975e-12 5.03975e-12
3348.94 5.77154e-12 5.77154e-12
3355.22 4.76129e-12 4.76129e-12
3361.5 5.47188e-12 5.47188e-12
3367.79 4.49808e-12 4.49808e-12
3374.07 5.18798e-12 5.18798e-12
3380.35 4.24927e-12 4.24927e-12
3386.64 4.91903e-12 4.91903e-12
3392.92 4.01409e-12 4.01409e-12
3399.2 4.66422e-12 4.66422e-12
3405.49 3.79179e-12 3.79179e-12
3411.77 4.42281e-12 4.42281e-12
3418.05 3.58168e-12 3.58168e-12
3424.34 4.19408e-12 4.19408e-12
3430.62 3.38309e-12 3.38309e-12
3436.9 3.97737e-12 3.97737e-12
3443.19 3.1954e-12 3.1954e-12
3449.47 3.77203e-12 3.77203e-12
3455.75 3.01801e-12 3.01801e-12
3462.04 3.57747e-12 3.57747e-12
3468.32 2.85036e-12 2.85036e-12
3474.6 3.39311e-12 3.39311e-12
3480.88 2.69193e-12 2.69193e-12
3487.17 3.21842e-12 3.21842e-12
3493.45 2.5422e-12 2.5422e-12
3499.73 3.05288e-12 3.05288e-12
3506.02 2.40071e-12 2.40071e-12
3512.3 2.896e-12 2.896e-12
3518.58 2.26701e-12 2.26701e-12
3524.87 2.74734e-12 2.74734e-12
3531.15 2.14066e-12 2.14066e-12
3537.43 2.60646e-12 2.60646e-12
3543.72 2.02128e-12 2.02128e-12
3550 2.47294e-12 2.47294e-12
3556.28 1.90849e-12 1.90849e-12
3562.57 2.34639e-12 2.34639e-12
3568.85 1.80191e-12 1.80191e-12
3575.13 2.22646e-12 2.22646e-12
3581.42 1.70121e-12 1.70121e-12
3587.7 2.11278e-12 2.11278e-12
3593.98 1.60608e-12 1.60608e-12
3600.27 2.00504e-12 2.00504e-12
3606.55 1.51621e-12 1.51621e-12
3612.83 1.90291e-12 1.90291e-12
3619.11 1.4313e-12 1.4313e-12
3625.4 1.8061e-12 1.8061e-12
3631.68 1.3511e-12 1.3511e-12
3637.96 1.71434e-12 1.71434e-12
3644.25 1.27533e-12 1.27533e-12
3650.53 1.62734e-12 1.62734e-12
3656.81 1.20377e-12 1.20377e-12
3663.1 1.54487e-12 1.54487e-12
3669.38 1.13617e-12 1.13617e-12
3675.66 1.46669e-12 1.46669e-12
3681.95 1.07233e-12 1.07233e-12
3688.23 1.39257e-12 1.39257e-12
3694.51 1.01203e-12 1.01203e-12
3700.8 1.32229e-12 1.32229e-12
3707.08 9.55082e-13 9.55082e-13
3713.36 1.25566e-12 1.25566e-12
3719.65 9.01303e-13 9.01303e-13
3725.93 1.19248e-12 1.19248e-12
3732.21 8.50519e-13 8.50519e-13
3738.5 1.13257e-12 1.13257e-12
3744.78 8.02564e-13 8.02564e-13
3751.06 1.07576e-12 1.07576e-12
3757.34 7.57284e-13 7.57284e-13
3763.63 1.02189e-12 1.02189e-12
3769.91 7.14532e-13 7.14532e-13
3776.19 9.70802e-13 9.70802e-13
3782.48 6.74168e-13 6.74168e-13
3788.76 9.22352e-13 9.22352e-13
3795.04 6.36062e-13 6.36062e-13
3801.33 8.76401e-13 8.76401e-13
3807.61 6.00088e-13 6.00088e-13
3813.89 8.32819e-13 8.32819e-13
3820.18 5.6613e-13 5.6613e-13
3826.46 7.91481e-13 7.91481e-13
3832.74 5.34077e-13 5.34077e-13
3839.03 7.52271e-13 7.52271e-13
3845.31 5.03823e-13 5.03823e-13
3851.59 7.15077e-13 7.15077e-13
3857.88 4.7527e-13 4.7527e-13
3864.16 6.79793e-13 6.79793e-13
3870.44 4.48323e-13 4.48323e-13
3876.73 6.4632e-13 6.4632e-13
3883.01 4.22894e-13 4.22894e-13
3889.29 6.14564e-13 6.14564e-13
3895.57 3.98899e-13 3.98899e-13
3901.86 5.84435e-13 5.84435e-13
3908.14 3.76258e-13 3.76258e-13
3914.42 5.55848e-13 5.55848e-13
3920.71 3.54897e-13 3.54897e-13
3926.99 5.28723e-13 5.28723e-13
3933.27 3.34744e-13 3.34744e-13
3939.56 5.02983e-13 5.02983e-13
3945.84 3.15733e-13 3.15733e-13
3952.12 4.78557e-13 4.78557e-13
3958.41 2.97801e-13 2.97801e-13
3964.69 4.55377e-13 4.55377e-13
3970.97 2.80887e-13 2.80887e-13
3977.26 4.33377e-13 4.33377e-13
3983.54 2.64935e-13 2.64935e-13
3989.82 4.12497e-13 4.12497e-13
3996.11 2.49892e-13 2.49892e-13
4002.39 3.92678e-13 3.92678e-13
4008.67 2.35707e-13 2.35707e-13
4014.96 3.73865e-13 3.73865e-13
4021.24 2.22331e-13 2.22331e-13
4027.52 3.56006e-13 3.56006e-13
4033.8 2.09721e-13 2.09721e-13
4040.09 3.39052e-13 3.39052e-13
4046.37 1.97833e-13 1.97833e-13
4052.65 3.22957e-13 3.22957e-13
4058.94 1.86627e-13 1.86627e-13
4065.22 3.07674e-13 3.07674e-13
4071.5 1.76065e-13 1.76065e-13
4077.79 2.93164e-13 2.93164e-13
4084.07 1.66111e-13 1.66111e-13
4090.35 2.79385e-13 2.79385e-13
4096.64 1.5673e-13 1.5673e-13
4102.92 2.663e-13 2.663e-13
4109.2 1.47892e-13 1.47892e-13
4115.49 2.53873e-13 2.53873e-13
4121.77 1.39564e-13 1.39564e-13
4128.05 2.42071e-13 2.42071e-13
4134.34 1.31719e-13 1.31719e-13
4140.62 2.30861e-13 2.30861e-13
4146.9 1.24329e-13 1.24329e-13
4153.19 2.20212e-13 2.20212e-13
4159.47 1.17369e-13 1.17369e-13
4165.75 2.10097e-13 2.10097e-13
4172.04 1.10815e-13 1.10815e-13
4178.32 2.00487e-13 2.00487e-13
4184.6 1.04643e-13 1.04643e-13
4190.88 1.91357e-13 1.91357e-13
4197.17 9.88323e-14 9.88323e-14
4203.45 1.82682e-13 1.82682e-13
4209.73 9.33621e-14 9.33621e-14
4216.02 1.74439e-13 1.74439e-13
4222.3 8.82133e-14 8.82133e-14
4228.58 1.66605e-13 1.66605e-13
4234.87 8.33675e-14 8.33675e-14
4241.15 1.59161e-13 1.59161e-13
4247.43 7.88076e-14 7.88076e-14
4253.72 1.52085e-13 1.52085e-13
4260 7.45174e-14 7.45174e-14
4266.28 1.45359e-13 1.45359e-13
4272.57 7.04813e-14 7.04813e-14
4278.85 1.38966e-13 1.38966e-13
4285.13 6.66851e-14 6.66851e-14
4291.42 1.32888e-13 1.32888e-13
4297.7 6.31149e-14 6.31149e-14
4303.98 1.2711e-13 1.2711e-13
4310.27 5.97578e-14 5.97578e-14
4316.55 1.21616e-13 1.21616e-13
4322.83 5.66016e-14 5.66016e-14
4329.11 1.16391e-13 1.16391e-13
4335.4 5.36349e-14 5.36349e-14
4341.68 1.11423e-13 1.11423e-13
4347.96 5.08466e-14 5.08466e-14
4354.25 1.06697e-13 1.06697e-13
4360.53 4.82266e-14 4.82266e-14
4366.81 1.02203e-13 1.02203e-13
4373.1 4.57651e-14 4.57651e-14
4379.38 9.79277e-14 9.79277e-14
4385.66 4.3453e-14 4.3453e-14
4391.95 9.38607e-14 9.38607e-14
4398.23 4.12816e-14 4.12816e-14
4404.51 8.99912e-14 8.99912e-14
4410.8 3.92428e-14 3.92428e-14
4417.08 8.63095e-14 8.63095e-14
4423.36 3.73288e-14 3.73288e-14
4429.65 8.28061e-14 8.28061e-14
4435.93 3.55325e-14 3.55325e-14
4442.21 7.9472e-14 7.9472e-14
4448.5 3.38468e-14 3.38468e-14
4454.78 7.62987e-14 7.62987e-14
4461.06 3.22654e-14 3.22654e-14
4467.34 7.32782e-14 7.32782e-14
4473.63 3.07822e-14 3.07822e-14
4479.91 7.04029e-14 7.04029e-14
4486.19 2.93914e-14 2.93914e-14
4492.48 6.76655e-14 6.76655e-14
4498.76 2.80875e-14 2.80875e-14
4505.04 6.50592e-14 6.50592e-14
4511.33 2.68654e-14 2.68654e-14
4517.61 6.25773e-14 6.25773e-14
4523.89 2.57204e-14 2.57204e-14
4530.18 6.02137e-14 6.02137e-14
4536.46 2.46477e-14 2.46477e-14
4542.74 5.79626e-14 5.79626e-14
4549.03 2.36432e-14 2.36432e-14
4555.31 5.58184e-14 5.58184e-14
4561.59 2.27028e-14 2.27028e-14
4567.88 5.37757e-14 5.37757e-14
4574.16 2.18226e-14 2.18226e-14
4580.44 5.18296e-14 5.18296e-14
4586.73 2.0999e-14 2.0999e-14
4593.01 4.99753e-14 4.99753e-14
4599.29 2.02287e-14 2.02287e-14
4605.57 4.82082e-14 4.82082e-14
4611.86 1.95084e-14 1.95084e-14
4618.14 4.65241e-14 4.65241e-14
4624.42 1.88351e-14 1.88351e-14
4630.71 4.49189e-14 4.49189e-14
4636.99 1.82059e-14 1.82059e-14
4643.27 4.33888e-14 4.33888e-14
4649.56 1.76183e-14 1.76183e-14
4655.84 4.19299e-14 4.19299e-14
4662.12 1.70696e-14 1.70696e-14
4668.41 4.0539e-14 4.0539e-14
4674.69 1.65574e-14 1.65574e-14
4680.97 3.92126e-14 3.92126e-14
4687.26 1.60796e-14 1.60796e-14
4693.54 3.79475e-14 3.79475e-14
4699.82 1.56339e-14 1.56339e-14
4706.11 3.67409e-14 3.67409e-14
4712.39 1.52185e-14 1.52185e-14
4718.67 3.55899e-14 3.55899e-14
4724.96 1.48315e-14 1.48315e-14
4731.24 3.44918e-14 3.44918e-14
4737.52 1.44709e-14 1.44709e-14
4743.8 3.3444e-14 3.3444e-14
4750.09 1.41354e-14 1.41354e-14
4756.37 3.24441e-14 3.24441e-14
4762.65 1.38231e-14 1.38231e-14
4768.94 3.14897e-14 3.14897e-14
4775.22 1.35327e-14 1.35327e-14
4781.5 3.05788e-14 3.05788e-14
4787.79 1.32629e-14 1.32629e-14
4794.07 2.97091e-14 2.97091e-14
4800.35 1.30122e-14 1.30122e-14
4806.64 2.88788e-14 2.88788e-14
4812.92 1.27794e-14 1.27794e-14
4819.2 2.8086e-14 2.8086e-14
4825.49 1.25635e-14 1.25635e-14
4831.77 2.73288e-14 2.73288e-14
4838.05 1.23633e-14 1.23633e-14
4844.34 2.66055e-14 2.66055e-14
4850.62 1.21778e-14 1.21778e-14
4856.9 2.59146e-14 2.59146e-14
4863.19 1.2006e-14 1.2006e-14
4869.47 2.52545e-14 2.52545e-14
4875.75 1.18471e-14 1.18471e-14
4882.03 2.46238e-14 2.46238e-14
4888.32 1.17001e-14 1.17001e-14
4894.6 2.4021e-14 2.4021e-14
4900.88 1.15644e-14 1.15644e-14
4907.17 2.34448e-14 2.34448e-14
4913.45 1.14391e-14 1.14391e-14
4919.73 2.28941e-14 2.28941e-14
4926.02 1.13235e-14 1.13235e-14
4932.3 2.23675e-14 2.23675e-14
4938.58 1.12171e-14 1.12171e-14
4944.87 2.1864e-14 2.1864e-14
4951.15 1.11191e-14 1.11191e-14
4957.43 2.13825e-14 2.13825e-14
4963.72 1.1029e-14 1.1029e-14
4970 2.0922e-14 2.0922e-14
4976.28 1.09463e-14 1.09463e-14
4982.57 2.04814e-14 2.04814e-14
4988.85 1.08704e-14 1.08704e-14
4995.13 2.00599e-14 2.00599e-14
5001.42 1.08008e-14 1.08008e-14
5007.7 1.96565e-14 1.96565e-14
5013.98 1.07372e-14 1.07372e-14
5020.27 1.92705e-14 1.92705e-14
5026.55 1.0679e-14 1.0679e-14
5032.83 1.8901e-14 1.8901e-14
5039.11 1.06259e-14 1.06259e-14
5045.4 1.85474e-14 1.85474e-14
5051.68 1.05776e-14 1.05776e-14
5057.96 1.82087e-14 1.82087e-14
5064.25 1.05336e-14 1.05336e-14
5070.53 1.78844e-14 1.78844e-14
5076.81 1.04937e-14 1.04937e-14
5083.1 1.75738e-14 1.75738e-14
5089.38 1.04575e-14 1.04575e-14
5095.66 1.72764e-14 1.72764e-14
5101.95 1.04248e-14 1.04248e-14
5108.23 1.69914e-14 1.69914e-14
5114.51 1.03953e-14 1.03953e-14
5120.8 1.67183e-14 1.67183e-14
5127.08 1.03687e-14 1.03687e-14
5133.36 1.64566e-14 1.64566e-14
5139.65 1.03449e-14 1.03449e-14
5145.93 1.62058e-14 1.62058e-14
5152.21 1.03236e-14 1.03236e-14
5158.5 1.59653e-14 1.59653e-14
5164.78 1.03046e-14 1.03046e-14
5171.06 1.57348e-14 1.57348e-14
5177.34 1.02877e-14 1.02877e-14
5183.63 1.55138e-14 1.55138e-14
5189.91 1.02727e-14 1.02727e-14
5196.19 1.53018e-14 1.53018e-14
5202.48 1.02595e-14 1.02595e-14
5208.76 1.50985e-14 1.50985e-14
5215.04 1.0248e-14 1.0248e-14
5221.33 1.49034e-14 1.49034e-14
5227.61 1.02379e-14 1.02379e-14
5233.89 1.47163e-14 1.47163e-14
5240.18 1.02292e-14 1.02292e-14
5246.46 1.45367e-14 1.45367e-14
5252.74 1.02217e-14 1.02217e-14
5259.03 1.43644e-14 1.43644e-14
5265.31 1.02153e-14 1.02153e-14
5271.59 1.41989e-14 1.41989e-14
5277.88 1.021e-14 1.021e-14
5284.16 1.40401e-14 1.40401e-14
5290.44 1.02055e-14 1.02055e-14
5296.73 1.38876e-14 1.38876e-14
5303.01 1.02019e-14 1.02019e-14
5309.29 1.37411e-14 1.37411e-14
5315.57 1.0199e-14 1.0199e-14
5321.86 1.36004e-14 1.36004e-14
5328.14 1.01968e-14 1.01968e-14
5334.42 1.34653e-14 1.34653e-14
5340.71 1.01952e-14 1.01952e-14
5346.99 1.33355e-14 1.33355e-14
5353.27 1.01941e-14 1.01941e-14
5359.56 1.32107e-14 1.32107e-14
5365.84 1.01934e-14 1.01934e-14
5372.12 1.30908e-14 1.30908e-14
5378.41 1.01932e-14 1.01932e-14
5384.69 1.29756e-14 1.29756e-14
5390.97 1.01933e-14 1.01933e-14
5397.26 1.28648e-14 1.28648e-14
5403.54 1.01937e-14 1.01937e-14
5409.82 1.27583e-14 1.27583e-14
5416.11 1.01944e-14 1.01944e-14
5422.39 1.26559e-14 1.26559e-14
5428.67 1.01953e-14 1.01953e-14
5434.96 1.25574e-14 1.25574e-14
5441.24 1.01964e-14 1.01964e-14
5447.52 1.24627e-14 1.24627e-14
5453.8 1.01977e-14 1.01977e-14
5460.09 1.23716e-14 1.23716e-14
5466.37 1.0199e-14 1.0199e-14
5472.65 1.22839e-14 1.22839e-14
5478.94 1.02005e-14 1.02005e-14
5485.22 1.21995e-14 1.21995e-14
5491.5 1.0202e-14 1.0202e-14
5497.79 1.21183e-14 1.21183e-14
5504.07 1.02036e-14 1.02036e-14
5510.35 1.20402e-14 1.20402e-14
5516.64 1.02052e-14 1.02052e-14
5522.92 1.1965e-14 1.1965e-14
5529.2 1.02068e-14 1.02068e-14
5535.49 1.18926e-14 1.18926e-14
5541.77 1.02084e-14 1.02084e-14
5548.05 1.18229e-14 1.18229e-14
5554.34 1.021e-14 1.021e-14
5560.62 1.17558e-14 1.17558e-14
5566.9 1.02115e-14 1.02115e-14
5573.19 1.16911e-14 1.16911e-14
5579.47 1.0213e-14 1.0213e-14
5585.75 1.16289e-14 1.16289e-14
5592.03 1.02145e-14 1.02145e-14
5598.32 1.15689e-14 1.15689e-14
5604.6 1.02158e-14 1.02158e-14
5610.88 1.15112e-14 1.15112e-14
5617.17 1.02172e-14 1.02172e-14
5623.45 1.14555e-14 1.14555e-14
5629.73 1.02184e-14 1.02184e-14
5636.02 1.14019e-14 1.14019e-14
5642.3 1.02195e-14 1.02195e-14
5648.58 1.13503e-14 1.13503e-14
5654.87 1.02206e-14 1.02206e-14
5661.15 1.13005e-14 1.13005e-14
5667.43 1.02216e-14 1.02216e-14
5673.72 1.12526e-14 1.12526e-14
5680 1.02224e-14 1.02224e-14
5686.28 1.12063e-14 1.12063e-14
5692.57 1.02232e-14 1.02232e-14
5698.85 1.11618e-14 1.11618e-14
5705.13 1.02239e-14 1.02239e-14
5711.42 1.11189e-14 1.11189e-14
5717.7 1.02245e-14 1.02245e-14
5723.98 1.10775e-14 1.10775e-14
5730.27 1.0225e-14 1.0225e-14
5736.55 1.10377e-14 1.10377e-14
5742.83 1.02254e-14 1.02254e-14
5749.11 1.09992e-14 1.09992e-14
5755.4 1.02257e-14 1.02257e-14
5761.68 1.09622e-14 1.09622e-14
5767.96 1.02259e-14 1.02259e-14
5774.25 1.09265e-14 1.09265e-14
5780.53 1.02261e-14 1.02261e-14
5786.81 1.08921e-14 1.08921e-14
5793.1 1.02261e-14 1.02261e-14
5799.38 1.0859e-14 1.0859e-14
5805.66 1.0226e-14 1.0226e-14
5811.95 1.0827e-14 1.0827e-14
5818.23 1.02259e-14 1.02259e-14
5824.51 1.07963e-14 1.07963e-14
5830.8 1.02257e-14 1.02257e-14
5837.08 1.07666e-14 1.07666e-14
5843.36 1.02254e-14 1.02254e-14
5849.65 1.0738e-14 1.0738e-14
5855.93 1.02251e-14 1.02251e-14
5862.21 1.07105e-14 1.07105e-14
5868.5 1.02246e-14 1.02246e-14
5874.78 1.0684e-14 1.0684e-14
5881.06 1.02241e-14 1.02241e-14
5887.34 1.06585e-14 1.06585e-14
5893.63 1.02236e-14 1.02236e-14
5899.91 1.06339e-14 1.06339e-14
5906.19 1.0223e-14 1.0223e-14
5912.48 1.06103e-14 1.06103e-14
5918.76 1.02223e-14 1.02223e-14
5925.04 1.05875e-14 1.05875e-14
5931.33 1.02216e-14 1.02216e-14
5937.61 1.05656e-14 1.05656e-14
5943.89 1.02208e-14 1.02208e-14
5950.18 1.05445e-14 1.05445e-14
5956.46 1.022e-14 1.022e-14
5962.74 1.05242e-14 1.05242e-14
5969.03 1.02192e-14 1.02192e-14
5975.31 1.05048e-14 1.05048e-14
5981.59 1.02183e-14 1.02183e-14
5987.88 1.0486e-14 1.0486e-14
5994.16 1.02174e-14 1.02174e-14
6000.44 1.04681e-14 1.04681e-14
6006.73 1.02165e-14 1.02165e-14
6013.01 1.04508e-14 1.04508e-14
6019.29 1.02155e-14 1.02155e-14
6025.57 1.04342e-14 1.04342e-14
6031.86 1.02146e-14 1.02146e-14
6038.14 1.04184e-14 1.04184e-14
6044.42 1.02136e-14 1.02136e-14
6050.71 1.04031e-14 1.04031e-14
6056.99 1.02126e-14 1.02126e-14
6063.27 1.03886e-14 1.03886e-14
6069.56 1.02116e-14 1.02116e-14
6075.84 1.03746e-14 1.03746e-14
6082.12 1.02106e-14 1.02106e-14
6088.41 1.03613e-14 1.03613e-14
6094.69 1.02096e-14 1.02096e-14
6100.97 1.03485e-14 1.03485e-14
6107.26 1.02086e-14 1.02086e-14
6113.54 1.03364e-14 1.03364e-14
6119.82 1.02076e-14 1.02076e-14
6126.11 1.03248e-14 1.03248e-14
6132.39 1.02067e-14 1.02067e-14
6138.67 1.03138e-14 1.03138e-14
6144.96 1.02057e-14 1.02057e-14
6151.24 1.03033e-14 1.03033e-14
6157.52 1.02048e-14 1.02048e-14
6163.8 1.02933e-14 1.02933e-14
6170.09 1.02038e-14 1.02038e-14
6176.37 1.02839e-14 1.02839e-14
6182.65 1.02029e-14 1.02029e-14
6188.94 1.0275e-14 1.0275e-14
6195.22 1.02021e-14 1.02021e-14
6201.5 1.02666e-14 1.02666e-14
6207.79 1.02012e-14 1.02012e-14
6214.07 1.02586e-14 1.02586e-14
6220.35 1.02004e-14 1.02004e-14
6226.64 1.02512e-14 1.02512e-14
6232.92 1.01996e-14 1.01996e-14
6239.2 1.02443e-14 1.02443e-14
6245.49 1.01989e-14 1.01989e-14
6251.77 1.02378e-14 1.02378e-14
6258.05 1.01982e-14 1.01982e-14
6264.34 1.02317e-14 1.02317e-14
6270.62 1.01975e-14 1.01975e-14
6276.9 1.02262e-14 1.02262e-14
6283.19 1.01969e-14 1.01969e-14
6289.47 1.0221e-14 1.0221e-14
6295.75 1.01963e-14 1.01963e-14
6302.03 1.02164e-14 1.02164e-14
6308.32 1.01958e-14 1.01958e-14
6314.6 1.02121e-14 1.02121e-14
6320.88 1.01953e-14 1.01953e-14
6327.17 1.02083e-14 1.02083e-14
6333.45 1.01949e-14 1.01949e-14
6339.73 1.0205e-14 1.0205e-14
6346.02 1.01945e-14 1.01945e-14
6352.3 1.0202e-14 1.0202e-14
6358.58 1.01941e-14 1.01941e-14
6364.87 1.01995e-14 1.01995e-14
6371.15 1.01939e-14 1.01939e-14
6377.43 1.01974e-14 1.01974e-14
6383.72 1.01936e-14 1.01936e-14
6390 1.01957e-14 1.01957e-14
6396.28 1.01934e-14 1.01934e-14
6402.57 1.01945e-14 1.01945e-14
6408.85 1.01933e-14 1.01933e-14
6415.13 1.01937e-14 1.01937e-14
6421.42 1.01932e-14 1.01932e-14
6427.7 1.01932e-14 1.01932e-14
6433.98 1.01932e-14 1.01932e-14
