0 9.87134e-15 9.87134e-15
6.28319 0.0176412 0.0176412
12.5664 0.0043911 0.0043911
18.8496 0.00195104 0.00195104
25.1327 0.00109521 0.00109521
31.4159 0.000701556 0.000701556
37.6991 0.000485913 0.000485913
43.9823 0.000357351 0.000357351
50.2655 0.000272783 0.000272783
56.5487 0.000215703 0.000215703
62.8319 0.000174153 0.000174153
69.115 0.000144006 0.000144006
75.3982 0.00012058 0.00012058
81.6814 0.000102772 0.000102772
87.9646 8.828e-05 8.828e-05
94.2478 7.69033e-05 7.69033e-05
100.531 6.73175e-05 6.73175e-05
106.814 5.96165e-05 5.96165e-05
113.097 5.29471e-05 5.29471e-05
119.381 4.74967e-05 4.74967e-05
125.664 4.26695e-05 4.26695e-05
131.947 3.86731e-05 3.86731e-05
138.23 3.50664e-05 3.50664e-05
144.513 3.20509e-05 3.20509e-05
150.796 2.9285e-05 2.9285e-05
157.08 2.69547e-05 2.69547e-05
163.363 2.4787e-05 2.4787e-05
169.646 2.29499e-05 2.29499e-05
175.929 2.12193e-05 2.12193e-05
182.212 1.97459e-05 1.97459e-05
188.496 1.83423e-05 1.83423e-05
194.779 1.71431e-05 1.71431e-05
201.062 1.5989e-05 1.5989e-05
207.345 1.50004e-05 1.50004e-05
213.628 1.40399e-05 1.40399e-05
219.911 1.32156e-05 1.32156e-05
226.195 1.24078e-05 1.24078e-05
232.478 1.17136e-05 1.17136e-05
238.761 1.10278e-05 1.10278e-05
245.044 1.04379e-05 1.04379e-05
251.327 9.85078e-06 9.85078e-06
257.611 9.34557e-06 9.34557e-06
263.894 8.83911e-06 8.83911e-06
270.177 8.40328e-06 8.40328e-06
276.46 7.96344e-06 7.96344e-06
282.743 7.58501e-06 7.58501e-06
289.027 7.20067e-06 7.20067e-06
295.31 6.87015e-06 6.87015e-06
301.593 6.53242e-06 6.53242e-06
307.876 6.24218e-06 6.24218e-06
314.159 5.9439e-06 5.9439e-06
320.442 5.68779e-06 5.68779e-06
326.726 5.42311e-06 5.42311e-06
333.009 5.19609e-06 5.19609e-06
339.292 4.96023e-06 4.96023e-06
345.575 4.75815e-06 4.75815e-06
351.858 4.54714e-06 4.54714e-06
358.142 4.3666e-06 4.3666e-06
364.425 4.17713e-06 4.17713e-06
370.708 4.01525e-06 4.01525e-06
376.991 3.84456e-06 3.84456e-06
383.274 3.69894e-06 3.69894e-06
389.557 3.54468e-06 3.54468e-06
395.841 3.4133e-06 3.4133e-06
402.124 3.2735e-06 3.2735e-06
408.407 3.15463e-06 3.15463e-06
414.69 3.02759e-06 3.02759e-06
420.973 2.91976e-06 2.91976e-06
427.257 2.80402e-06 2.80402e-06
433.54 2.70598e-06 2.70598e-06
439.823 2.6003e-06 2.6003e-06
446.106 2.51095e-06 2.51095e-06
452.389 2.41425e-06 2.41425e-06
458.673 2.33264e-06 2.33264e-06
464.956 2.24398e-06 2.24398e-06
471.239 2.16931e-06 2.16931e-06
477.522 2.08786e-06 2.08786e-06
483.805 2.01941e-06 2.01941e-06
490.088 1.94446e-06 1.94446e-06
496.372 1.88161e-06 1.88161e-06
502.655 1.81252e-06 1.81252e-06
508.938 1.75471e-06 1.75471e-06
515.221 1.69094e-06 1.69094e-06
521.504 1.63769e-06 1.63769e-06
527.788 1.57873e-06 1.57873e-06
534.071 1.52961e-06 1.52961e-06
540.354 1.47503e-06 1.47503e-06
546.637 1.42967e-06 1.42967e-06
552.92 1.37908e-06 1.37908e-06
559.203 1.33713e-06 1.33713e-06
565.487 1.29018e-06 1.29018e-06
571.77 1.25135e-06 1.25135e-06
578.053 1.20773e-06 1.20773e-06
584.336 1.17174e-06 1.17174e-06
590.619 1.13117e-06 1.13117e-06
596.903 1.09778e-06 1.09778e-06
603.186 1.06001e-06 1.06001e-06
609.469 1.02901e-06 1.02901e-06
615.752 9.93814e-07 9.93814e-07
622.035 9.64998e-07 9.64998e-07
628.319 9.32176e-07 9.32176e-07
634.602 9.05372e-07 9.05372e-07
640.885 8.74735e-07 8.74735e-07
647.168 8.49783e-07 8.49783e-07
653.451 8.21163e-07 8.21163e-07
659.734 7.97918e-07 7.97918e-07
666.018 7.71163e-07 7.71163e-07
672.301 7.49493e-07 7.49493e-07
678.584 7.24465e-07 7.24465e-07
684.867 7.0425e-07 7.0425e-07
691.15 6.80821e-07 6.80821e-07
697.434 6.61952e-07 6.61952e-07
703.717 6.40007e-07 6.40007e-07
710 6.22385e-07 6.22385e-07
716.283 6.01816e-07 6.01816e-07
722.566 5.8535e-07 5.8535e-07
728.849 5.66062e-07 5.66062e-07
735.133 5.50668e-07 5.50668e-07
741.416 5.32571e-07 5.32571e-07
747.699 5.18173e-07 5.18173e-07
753.982 5.01185e-07 5.01185e-07
760.265 4.87712e-07 4.87712e-07
766.549 4.71757e-07 4.71757e-07
772.832 4.59145e-07 4.59145e-07
779.115 4.44155e-07 4.44155e-07
785.398 4.32344e-07 4.32344e-07
791.681 4.18253e-07 4.18253e-07
797.965 4.07188e-07 4.07188e-07
804.248 3.93938e-07 3.93938e-07
810.531 3.83569e-07 3.83569e-07
816.814 3.71105e-07 3.71105e-07
823.097 3.61385e-07 3.61385e-07
829.38 3.49655e-07 3.49655e-07
835.664 3.40541e-07 3.40541e-07
841.947 3.29499e-07 3.29499e-07
848.23 3.2095e-07 3.2095e-07
854.513 3.10552e-07 3.10552e-07
860.796 3.02532e-07 3.02532e-07
867.08 2.92738e-07 2.92738e-07
873.363 2.85211e-07 2.85211e-07
879.646 2.75982e-07 2.75982e-07
885.929 2.68918e-07 2.68918e-07
892.212 2.6022e-07 2.6022e-07
898.495 2.53588e-07 2.53588e-07
904.779 2.45388e-07 2.45388e-07
911.062 2.3916e-07 2.3916e-07
917.345 2.31427e-07 2.31427e-07
923.628 2.25579e-07 2.25579e-07
929.911 2.18285e-07 2.18285e-07
936.195 2.12792e-07 2.12792e-07
942.478 2.0591e-07 2.0591e-07
948.761 2.0075e-07 2.0075e-07
955.044 1.94256e-07 1.94256e-07
961.327 1.89408e-07 1.89408e-07
967.611 1.83278e-07 1.83278e-07
973.894 1.78722e-07 1.78722e-07
980.177 1.72936e-07 1.72936e-07
986.46 1.68654e-07 1.68654e-07
992.743 1.6319e-07 1.6319e-07
999.026 1.59167e-07 1.59167e-07
1005.31 1.54006e-07 1.54006e-07
1011.59 1.50224e-07 1.50224e-07
1017.88 1.45349e-07 1.45349e-07
1024.16 1.41794e-07 1.41794e-07
1030.44 1.37189e-07 1.37189e-07
1036.73 1.33847e-07 1.33847e-07
1043.01 1.29495e-07 1.29495e-07
1049.29 1.26353e-07 1.26353e-07
1055.58 1.2224e-07 1.2224e-07
1061.86 1.19287e-07 1.19287e-07
1068.14 1.15399e-07 1.15399e-07
1074.42 1.12622e-07 1.12622e-07
1080.71 1.08947e-07 1.08947e-07
1086.99 1.06335e-07 1.06335e-07
1093.27 1.0286e-07 1.0286e-07
1099.56 1.00405e-07 1.00405e-07
1105.84 9.71192e-08 9.71192e-08
1112.12 9.48106e-08 9.48106e-08
1118.41 9.17027e-08 9.17027e-08
1124.69 8.9532e-08 8.9532e-08
1130.97 8.65923e-08 8.65923e-08
1137.26 8.45512e-08 8.45512e-08
1143.54 8.17701e-08 8.17701e-08
1149.82 7.9851e-08 7.9851e-08
1156.11 7.72197e-08 7.72197e-08
1162.39 7.54151e-08 7.54151e-08
1168.67 7.29253e-08 7.29253e-08
1174.96 7.12285e-08 7.12285e-08
1181.24 6.88722e-08 6.88722e-08
1187.52 6.72769e-08 6.72769e-08
1193.81 6.50467e-08 6.50467e-08
1200.09 6.35468e-08 6.35468e-08
1206.37 6.14356e-08 6.14356e-08
1212.65 6.00255e-08 6.00255e-08
1218.94 5.80269e-08 5.80269e-08
1225.22 5.67012e-08 5.67012e-08
1231.5 5.48089e-08 5.48089e-08
1237.79 5.35627e-08 5.35627e-08
1244.07 5.17709e-08 5.17709e-08
1250.35 5.05994e-08 5.05994e-08
1256.64 4.89025e-08 4.89025e-08
1262.92 4.78014e-08 4.78014e-08
1269.2 4.61943e-08 4.61943e-08
1275.49 4.51594e-08 4.51594e-08
1281.77 4.36371e-08 4.36371e-08
1288.05 4.26645e-08 4.26645e-08
1294.34 4.12224e-08 4.12224e-08
1300.62 4.03084e-08 4.03084e-08
1306.9 3.89422e-08 3.89422e-08
1313.19 3.80834e-08 3.80834e-08
1319.47 3.67889e-08 3.67889e-08
1325.75 3.5982e-08 3.5982e-08
1332.04 3.47554e-08 3.47554e-08
1338.32 3.39973e-08 3.39973e-08
1344.6 3.28349e-08 3.28349e-08
1350.88 3.21228e-08 3.21228e-08
1357.17 3.1021e-08 3.1021e-08
1363.45 3.03522e-08 3.03522e-08
1369.73 2.93079e-08 2.93079e-08
1376.02 2.86798e-08 2.86798e-08
1382.3 2.76898e-08 2.76898e-08
1388.58 2.71e-08 2.71e-08
1394.87 2.61615e-08 2.61615e-08
1401.15 2.56077e-08 2.56077e-08
1407.43 2.47179e-08 2.47179e-08
1413.72 2.4198e-08 2.4198e-08
1420 2.33543e-08 2.33543e-08
1426.28 2.28663e-08 2.28663e-08
1432.57 2.20662e-08 2.20662e-08
1438.85 2.16083e-08 2.16083e-08
1445.13 2.08494e-08 2.08494e-08
1451.42 2.04198e-08 2.04198e-08
1457.7 1.97e-08 1.97e-08
1463.98 1.92969e-08 1.92969e-08
1470.27 1.86142e-08 1.86142e-08
1476.55 1.82361e-08 1.82361e-08
1482.83 1.75884e-08 1.75884e-08
1489.11 1.72338e-08 1.72338e-08
1495.4 1.66193e-08 1.66193e-08
1501.68 1.62868e-08 1.62868e-08
1507.96 1.57037e-08 1.57037e-08
1514.25 1.53921e-08 1.53921e-08
1520.53 1.48388e-08 1.48388e-08
1526.81 1.45467e-08 1.45467e-08
1533.1 1.40216e-08 1.40216e-08
1539.38 1.37479e-08 1.37479e-08
1545.66 1.32495e-08 1.32495e-08
1551.95 1.29932e-08 1.29932e-08
1558.23 1.25201e-08 1.25201e-08
1564.51 1.228e-08 1.228e-08
1570.8 1.18309e-08 1.18309e-08
1577.08 1.16061e-08 1.16061e-08
1583.36 1.11797e-08 1.11797e-08
1589.65 1.09693e-08 1.09693e-08
1595.93 1.05645e-08 1.05645e-08
1602.21 1.03676e-08 1.03676e-08
1608.5 9.98315e-09 9.98315e-09
1614.78 9.79895e-09 9.79895e-09
1621.06 9.43388e-09 9.43388e-09
1627.34 9.26162e-09 9.26162e-09
1633.63 8.91488e-09 8.91488e-09
1639.91 8.75385e-09 8.75385e-09
1646.19 8.4245e-09 8.4245e-09
1652.48 8.274e-09 8.274e-09
1658.76 7.96113e-09 7.96113e-09
1665.04 7.82054e-09 7.82054e-09
1671.33 7.52329e-09 7.52329e-09
1677.61 7.392e-09 7.392e-09
1683.89 7.10957e-09 7.10957e-09
1690.18 6.98701e-09 6.98701e-09
1696.46 6.71863e-09 6.71863e-09
1702.74 6.60427e-09 6.60427e-09
1709.03 6.34922e-09 6.34922e-09
1715.31 6.24256e-09 6.24256e-09
1721.59 6.00015e-09 6.00015e-09
1727.88 5.90071e-09 5.90071e-09
1734.16 5.67029e-09 5.67029e-09
1740.44 5.57764e-09 5.57764e-09
1746.73 5.35859e-09 5.35859e-09
1753.01 5.2723e-09 5.2723e-09
1759.29 5.06405e-09 5.06405e-09
1765.58 4.98373e-09 4.98373e-09
1771.86 4.78571e-09 4.78571e-09
1778.14 4.71099e-09 4.71099e-09
1784.42 4.52268e-09 4.52268e-09
1790.71 4.45321e-09 4.45321e-09
1796.99 4.27413e-09 4.27413e-09
1803.27 4.20958e-09 4.20958e-09
1809.56 4.03924e-09 4.03924e-09
1815.84 3.97931e-09 3.97931e-09
1822.12 3.81728e-09 3.81728e-09
1828.41 3.76167e-09 3.76167e-09
1834.69 3.60752e-09 3.60752e-09
1840.97 3.55597e-09 3.55597e-09
1847.26 3.4093e-09 3.4093e-09
1853.54 3.36154e-09 3.36154e-09
1859.82 3.22198e-09 3.22198e-09
1866.11 3.17777e-09 3.17777e-09
1872.39 3.04495e-09 3.04495e-09
1878.67 3.00407e-09 3.00407e-09
1884.96 2.87766e-09 2.87766e-09
1891.24 2.8399e-09 2.8399e-09
1897.52 2.71956e-09 2.71956e-09
1903.81 2.68471e-09 2.68471e-09
1910.09 2.57016e-09 2.57016e-09
1916.37 2.53803e-09 2.53803e-09
1922.65 2.42896e-09 2.42896e-09
1928.94 2.39938e-09 2.39938e-09
1935.22 2.29552e-09 2.29552e-09
1941.5 2.26833e-09 2.26833e-09
1947.79 2.16942e-09 2.16942e-09
1954.07 2.14445e-09 2.14445e-09
1960.35 2.05025e-09 2.05025e-09
1966.64 2.02735e-09 2.02735e-09
1972.92 1.93762e-09 1.93762e-09
1979.2 1.91667e-09 1.91667e-09
1985.49 1.83119e-09 1.83119e-09
1991.77 1.81204e-09 1.81204e-09
1998.05 1.7306e-09 1.7306e-09
2004.34 1.71314e-09 1.71314e-09
2010.62 1.63553e-09 1.63553e-09
2016.9 1.61965e-09 1.61965e-09
2023.19 1.54569e-09 1.54569e-09
2029.47 1.53128e-09 1.53128e-09
2035.75 1.46078e-09 1.46078e-09
2042.04 1.44774e-09 1.44774e-09
2048.32 1.38054e-09 1.38054e-09
2054.6 1.36877e-09 1.36877e-09
2060.88 1.30471e-09 1.30471e-09
2067.17 1.29412e-09 1.29412e-09
2073.45 1.23304e-09 1.23304e-09
2079.73 1.22355e-09 1.22355e-09
2086.02 1.1653e-09 1.1653e-09
2092.3 1.15684e-09 1.15684e-09
2098.58 1.10129e-09 1.10129e-09
2104.87 1.09377e-09 1.09377e-09
2111.15 1.04079e-09 1.04079e-09
2117.43 1.03416e-09 1.03416e-09
2123.72 9.83613e-10 9.83613e-10
2130 9.77797e-10 9.77797e-10
2136.28 9.29577e-10 9.29577e-10
2142.57 9.24518e-10 9.24518e-10
2148.85 8.78508e-10 8.78508e-10
2155.13 8.7415e-10 8.7415e-10
2161.42 8.30243e-10 8.30243e-10
2167.7 8.26534e-10 8.26534e-10
2173.98 7.84629e-10 7.84629e-10
2180.27 7.81518e-10 7.81518e-10
2186.55 7.41519e-10 7.41519e-10
2192.83 7.38962e-10 7.38962e-10
2199.11 7.00776e-10 7.00776e-10
2205.4 6.98729e-10 6.98729e-10
2211.68 6.62271e-10 6.62271e-10
2217.96 6.60693e-10 6.60693e-10
2224.25 6.25879e-10 6.25879e-10
2230.53 6.24733e-10 6.24733e-10
2236.81 5.91486e-10 5.91486e-10
2243.1 5.90737e-10 5.90737e-10
2249.38 5.58981e-10 5.58981e-10
2255.66 5.58596e-10 5.58596e-10
2261.95 5.28261e-10 5.28261e-10
2268.23 5.28208e-10 5.28208e-10
2274.51 4.99228e-10 4.99228e-10
2280.8 4.99479e-10 4.99479e-10
2287.08 4.71788e-10 4.71788e-10
2293.36 4.72317e-10 4.72317e-10
2299.65 4.45856e-10 4.45856e-10
2305.93 4.46637e-10 4.46637e-10
2312.21 4.21347e-10 4.21347e-10
2318.5 4.22358e-10 4.22358e-10
2324.78 3.98183e-10 3.98183e-10
2331.06 3.99402e-10 3.99402e-10
2337.34 3.76292e-10 3.76292e-10
2343.63 3.77698e-10 3.77698e-10
2349.91 3.55603e-10 3.55603e-10
2356.19 3.57178e-10 3.57178e-10
2362.48 3.36049e-10 3.36049e-10
2368.76 3.37776e-10 3.37776e-10
2375.04 3.1757e-10 3.1757e-10
2381.33 3.19431e-10 3.19431e-10
2387.61 3.00105e-10 3.00105e-10
2393.89 3.02086e-10 3.02086e-10
2400.18 2.83599e-10 2.83599e-10
2406.46 2.85686e-10 2.85686e-10
2412.74 2.67999e-10 2.67999e-10
2419.03 2.7018e-10 2.7018e-10
2425.31 2.53257e-10 2.53257e-10
2431.59 2.55518e-10 2.55518e-10
2437.88 2.39323e-10 2.39323e-10
2444.16 2.41655e-10 2.41655e-10
2450.44 2.26155e-10 2.26155e-10
2456.73 2.28546e-10 2.28546e-10
2463.01 2.1371e-10 2.1371e-10
2469.29 2.16152e-10 2.16152e-10
2475.58 2.01949e-10 2.01949e-10
2481.86 2.04431e-10 2.04431e-10
2488.14 1.90834e-10 1.90834e-10
2494.42 1.93349e-10 1.93349e-10
2500.71 1.80329e-10 1.80329e-10
2506.99 1.8287e-10 1.8287e-10
2513.27 1.70401e-10 1.70401e-10
2519.56 1.72961e-10 1.72961e-10
2525.84 1.61019e-10 1.61019e-10
2532.12 1.63592e-10 1.63592e-10
2538.41 1.52152e-10 1.52152e-10
2544.69 1.54731e-10 1.54731e-10
2550.97 1.43772e-10 1.43772e-10
2557.26 1.46353e-10 1.46353e-10
2563.54 1.35852e-10 1.35852e-10
2569.82 1.3843e-10 1.3843e-10
2576.11 1.28368e-10 1.28368e-10
2582.39 1.30938e-10 1.30938e-10
2588.67 1.21295e-10 1.21295e-10
2594.96 1.23853e-10 1.23853e-10
2601.24 1.1461e-10 1.1461e-10
2607.52 1.17153e-10 1.17153e-10
2613.81 1.08293e-10 1.08293e-10
2620.09 1.10818e-10 1.10818e-10
2626.37 1.02324e-10 1.02324e-10
2632.65 1.04826e-10 1.04826e-10
2638.94 9.66818e-11 9.66818e-11
2645.22 9.91599e-11 9.91599e-11
2651.5 9.13503e-11 9.13503e-11
2657.79 9.38015e-11 9.38015e-11
2664.07 8.63118e-11 8.63118e-11
2670.35 8.8734e-11 8.8734e-11
2676.64 8.15503e-11 8.15503e-11
2682.92 8.39417e-11 8.39417e-11
2689.2 7.70506e-11 7.70506e-11
2695.49 7.94094e-11 7.94094e-11
2701.77 7.27984e-11 7.27984e-11
2708.05 7.51231e-11 7.51231e-11
2714.34 6.878e-11 6.878e-11
2720.62 7.10693e-11 7.10693e-11
2726.9 6.49827e-11 6.49827e-11
2733.19 6.72354e-11 6.72354e-11
2739.47 6.13942e-11 6.13942e-11
2745.75 6.36095e-11 6.36095e-11
2752.04 5.80032e-11 5.80032e-11
2758.32 6.01801e-11 6.01801e-11
2764.6 5.47987e-11 5.47987e-11
2770.88 5.69367e-11 5.69367e-11
2777.17 5.17705e-11 5.17705e-11
2783.45 5.38691e-11 5.38691e-11
2789.73 4.8909e-11 4.8909e-11
2796.02 5.09676e-11 5.09676e-11
2802.3 4.6205e-11 4.6205e-11
2808.58 4.82234e-11 4.82234e-11
2814.87 4.36499e-11 4.36499e-11
2821.15 4.56278e-11 4.56278e-11
2827.43 4.12354e-11 4.12354e-11
2833.72 4.31728e-11 4.31728e-11
2840 3.89539e-11 3.89539e-11
2846.28 4.08507e-11 4.08507e-11
2852.57 3.67981e-11 3.67981e-11
2858.85 3.86542e-11 3.86542e-11
2865.13 3.47609e-11 3.47609e-11
2871.42 3.65767e-11 3.65767e-11
2877.7 3.2836e-11 3.2836e-11
2883.98 3.46115e-11 3.46115e-11
2890.27 3.10172e-11 3.10172e-11
2896.55 3.27526e-11 3.27526e-11
2902.83 2.92986e-11 2.92986e-11
2909.11 3.09943e-11 3.09943e-11
2915.4 2.76747e-11 2.76747e-11
2921.68 2.9331e-11 2.9331e-11
2927.96 2.61404e-11 2.61404e-11
2934.25 2.77576e-11 2.77576e-11
2940.53 2.46906e-11 2.46906e-11
2946.81 2.62692e-11 2.62692e-11
2953.1 2.33208e-11 2.33208e-11
2959.38 2.48612e-11 2.48612e-11
2965.66 2.20266e-11 2.20266e-11
2971.95 2.35292e-11 2.35292e-11
2978.23 2.08037e-11 2.08037e-11
2984.51 2.22692e-11 2.22692e-11
2990.8 1.96484e-11 1.96484e-11
2997.08 2.10772e-11 2.10772e-11
3003.36 1.85568e-11 1.85568e-11
3009.65 1.99495e-11 1.99495e-11
3015.93 1.75255e-11 1.75255e-11
3022.21 1.88826e-11 1.88826e-11
3028.5 1.65511e-11 1.65511e-11
3034.78 1.78733e-11 1.78733e-11
3041.06 1.56305e-11 1.56305e-11
3047.34 1.69184e-11 1.69184e-11
3053.63 1.47608e-11 1.47608e-11
3059.91 1.60149e-11 1.60149e-11
3066.19 1.39392e-11 1.39392e-11
3072.48 1.51602e-11 1.51602e-11
3078.76 1.3163e-11 1.3163e-11
3085.04 1.43514e-11 1.43514e-11
3091.33 1.24297e-11 1.24297e-11
3097.61 1.35863e-11 1.35863e-11
3103.89 1.17369e-11 1.17369e-11
3110.18 1.28623e-11 1.28623e-11
3116.46 1.10825e-11 1.10825e-11
3122.74 1.21772e-11 1.21772e-11
3129.03 1.04642e-11 1.04642e-11
3135.31 1.15291e-11 1.15291e-11
3141.59 9.88024e-12 9.88024e-12
3147.88 1.09157e-11 1.09157e-11
3154.16 9.32857e-12 9.32857e-12
3160.44 1.03354e-11 1.03354e-11
3166.73 8.80746e-12 8.80746e-12
3173.01 9.7862e-12 9.7862e-12
3179.29 8.31522e-12 8.31522e-12
3185.57 9.26653e-12 9.26653e-12
3191.86 7.85025e-12 7.85025e-12
3198.14 8.77477e-12 8.77477e-12
3204.42 7.41107e-12 7.41107e-12
3210.71 8.3094e-12 8.3094e-12
3216.99 6.99624e-12 6.99624e-12
3223.27 7.86901e-12 7.86901e-12
3229.56 6.60442e-12 6.60442e-12
3235.84 7.45223e-12 7.45223e-12
3242.12 6.23435e-12 6.23435e-12
3248.41 7.0578e-12 7.0578e-12
3254.69 5.88483e-12 5.88483e-12
3260.97 6.68451e-12 6.68451e-12
3267.26 5.55471e-12 5.55471e-12
3273.54 6.33122e-12 6.33122e-12
3279.82 5.24294e-12 5.24294e-12
3286.11 5.99685e-12 5.99685e-12
3292.39 4.9485e-12 4.9485e-12
3298.67 5.68038e-12 5.68038e-12
3304.96 4.67043e-12 4.67043e-12
3311.24 5.38083e-12 5.38083e-12
3317.52 4.40783e-12 4.40783e-12
3323.81 5.09731e-12 5.09731e-12
3330.09 4.15985e-12 4.15985e-12
3336.37 4.82895e-12 4.82895e-12
3342.65 3.92567e-12 3.92567e-12
3348.94 4.57492e-12 4.57492e-12
3355.22 3.70454e-12 3.70454e-12
3361.5 4.33446e-12 4.33446e-12
3367.79 3.49573e-12 3.49573e-12
3374.07 4.10683e-12 4.10683e-12
3380.35 3.29857e-12 3.29857e-12
3386.64 3.89136e-12 3.89136e-12
3392.92 3.1124e-12 3.1124e-12
3399.2 3.68737e-12 3.68737e-12
3405.49 2.93662e-12 2.93662e-12
3411.77 3.49425e-12 3.49425e-12
3418.05 2.77066e-12 2.77066e-12
3424.34 3.31143e-12 3.31143e-12
3430.62 2.61397e-12 2.61397e-12
3436.9 3.13834e-12 3.13834e-12
3443.19 2.46605e-12 2.46605e-12
3449.47 2.97446e-12 2.97446e-12
3455.75 2.32639e-12 2.32639e-12
3462.04 2.8193e-12 2.8193e-12
3468.32 2.19455e-12 2.19455e-12
3474.6 2.67238e-12 2.67238e-12
3480.88 2.0701e-12 2.0701e-12
3487.17 2.53327e-12 2.53327e-12
3493.45 1.95261e-12 1.95261e-12
3499.73 2.40155e-12 2.40155e-12
3506.02 1.84172e-12 1.84172e-12
3512.3 2.27682e-12 2.27682e-12
3518.58 1.73704e-12 1.73704e-12
3524.87 2.15871e-12 2.15871e-12
3531.15 1.63825e-12 1.63825e-12
3537.43 2.04685e-12 2.04685e-12
3543.72 1.545e-12 1.545e-12
3550 1.94092e-12 1.94092e-12
3556.28 1.45699e-12 1.45699e-12
3562.57 1.8406e-12 1.8406e-12
3568.85 1.37394e-12 1.37394e-12
3575.13 1.74559e-12 1.74559e-12
3581.42 1.29556e-12 1.29556e-12
3587.7 1.6556e-12 1.6556e-12
3593.98 1.22159e-12 1.22159e-12
3600.27 1.57036e-12 1.57036e-12
3606.55 1.1518e-12 1.1518e-12
3612.83 1.48963e-12 1.48963e-12
3619.11 1.08594e-12 1.08594e-12
3625.4 1.41315e-12 1.41315e-12
3631.68 1.02381e-12 1.02381e-12
3637.96 1.34071e-12 1.34071e-12
3644.25 9.65181e-13 9.65181e-13
3650.53 1.27208e-12 1.27208e-12
3656.81 9.0987e-13 9.0987e-13
3663.1 1.20707e-12 1.20707e-12
3669.38 8.57691e-13 8.57691e-13
3675.66 1.14547e-12 1.14547e-12
3681.95 8.08468e-13 8.08468e-13
3688.23 1.08712e-12 1.08712e-12
3694.51 7.62036e-13 7.62036e-13
3700.8 1.03183e-12 1.03183e-12
3707.08 7.18239e-13 7.18239e-13
3713.36 9.79443e-13 9.79443e-13
3719.65 6.76931e-13 6.76931e-13
3725.93 9.29803e-13 9.29803e-13
3732.21 6.37971e-13 6.37971e-13
3738.5 8.82764e-13 8.82764e-13
3744.78 6.0123e-13 6.0123e-13
3751.06 8.38188e-13 8.38188e-13
3757.34 5.66581e-13 5.66581e-13
3763.63 7.95944e-13 7.95944e-13
3769.91 5.33909e-13 5.33909e-13
3776.19 7.55908e-13 7.55908e-13
3782.48 5.03103e-13 5.03103e-13
3788.76 7.17963e-13 7.17963e-13
3795.04 4.74057e-13 4.74057e-13
3801.33 6.81998e-13 6.81998e-13
3807.61 4.46674e-13 4.46674e-13
3813.89 6.47908e-13 6.47908e-13
3820.18 4.20859e-13 4.20859e-13
3826.46 6.15593e-13 6.15593e-13
3832.74 3.96525e-13 3.96525e-13
3839.03 5.84959e-13 5.84959e-13
3845.31 3.73589e-13 3.73589e-13
3851.59 5.55918e-13 5.55918e-13
3857.88 3.51971e-13 3.51971e-13
3864.16 5.28385e-13 5.28385e-13
3870.44 3.31597e-13 3.31597e-13
3876.73 5.0228e-13 5.0228e-13
3883.01 3.12398e-13 3.12398e-13
3889.29 4.77528e-13 4.77528e-13
3895.57 2.94307e-13 2.94307e-13
3901.86 4.54057e-13 4.54057e-13
3908.14 2.77262e-13 2.77262e-13
3914.42 4.31801e-13 4.31801e-13
3920.71 2.61203e-13 2.61203e-13
3926.99 4.10694e-13 4.10694e-13
3933.27 2.46075e-13 2.46075e-13
3939.56 3.90676e-13 3.90676e-13
3945.84 2.31825e-13 2.31825e-13
3952.12 3.7169e-13 3.7169e-13
3958.41 2.18403e-13 2.18403e-13
3964.69 3.53681e-13 3.53681e-13
3970.97 2.05763e-13 2.05763e-13
3977.26 3.36599e-13 3.36599e-13
3983.54 1.9386e-13 1.9386e-13
3989.82 3.20394e-13 3.20394e-13
3996.11 1.82652e-13 1.82652e-13
4002.39 3.0502e-13 3.0502e-13
4008.67 1.721e-13 1.721e-13
4014.96 2.90434e-13 2.90434e-13
4021.24 1.62166e-13 1.62166e-13
4027.52 2.76595e-13 2.76595e-13
4033.8 1.52815e-13 1.52815e-13
4040.09 2.63463e-13 2.63463e-13
4046.37 1.44014e-13 1.44014e-13
4052.65 2.51001e-13 2.51001e-13
4058.94 1.35732e-13 1.35732e-13
4065.22 2.39175e-13 2.39175e-13
4071.5 1.27938e-13 1.27938e-13
4077.79 2.27951e-13 2.27951e-13
4084.07 1.20606e-13 1.20606e-13
4090.35 2.17298e-13 2.17298e-13
4096.64 1.13707e-13 1.13707e-13
4102.92 2.07185e-13 2.07185e-13
4109.2 1.07219e-13 1.07219e-13
4115.49 1.97585e-13 1.97585e-13
4121.77 1.01116e-13 1.01116e-13
4128.05 1.88471e-13 1.88471e-13
4134.34 9.53778e-14 9.53778e-14
4140.62 1.79818e-13 1.79818e-13
4146.9 8.9982e-14 8.9982e-14
4153.19 1.71602e-13 1.71602e-13
4159.47 8.49094e-14 8.49094e-14
4165.75 1.638e-13 1.638e-13
4172.04 8.01413e-14 8.01413e-14
4178.32 1.56391e-13 1.56391e-13
4184.6 7.56601e-14 7.56601e-14
4190.88 1.49354e-13 1.49354e-13
4197.17 7.14491e-14 7.14491e-14
4203.45 1.4267e-13 1.4267e-13
4209.73 6.74928e-14 6.74928e-14
4216.02 1.36321e-13 1.36321e-13
4222.3 6.37763e-14 6.37763e-14
4228.58 1.30289e-13 1.30289e-13
4234.87 6.02856e-14 6.02856e-14
4241.15 1.24559e-13 1.24559e-13
4247.43 5.70077e-14 5.70077e-14
4253.72 1.19114e-13 1.19114e-13
4260 5.39301e-14 5.39301e-14
4266.28 1.1394e-13 1.1394e-13
4272.57 5.10411e-14 5.10411e-14
4278.85 1.09023e-13 1.09023e-13
4285.13 4.83296e-14 4.83296e-14
4291.42 1.0435e-13 1.0435e-13
4297.7 4.57853e-14 4.57853e-14
4303.98 9.99082e-14 9.99082e-14
4310.27 4.33983e-14 4.33983e-14
4316.55 9.56859e-14 9.56859e-14
4322.83 4.11593e-14 4.11593e-14
4329.11 9.16718e-14 9.16718e-14
4335.4 3.90597e-14 3.90597e-14
4341.68 8.78553e-14 8.78553e-14
4347.96 3.70912e-14 3.70912e-14
4354.25 8.42263e-14 8.42263e-14
4360.53 3.5246e-14 3.5246e-14
4366.81 8.07752e-14 8.07752e-14
4373.1 3.35168e-14 3.35168e-14
4379.38 7.7493e-14 7.7493e-14
4385.66 3.18967e-14 3.18967e-14
4391.95 7.43712e-14 7.43712e-14
4398.23 3.03792e-14 3.03792e-14
4404.51 7.14014e-14 7.14014e-14
4410.8 2.89582e-14 2.89582e-14
4417.08 6.85762e-14 6.85762e-14
4423.36 2.76279e-14 2.76279e-14
4429.65 6.5888e-14 6.5888e-14
4435.93 2.63829e-14 2.63829e-14
4442.21 6.33301e-14 6.33301e-14
4448.5 2.5218e-14 2.5218e-14
4454.78 6.08958e-14 6.08958e-14
4461.06 2.41283e-14 2.41283e-14
4467.34 5.85789e-14 5.85789e-14
4473.63 2.31094e-14 2.31094e-14
4479.91 5.63735e-14 5.63735e-14
4486.19 2.2157e-14 2.2157e-14
4492.48 5.42739e-14 5.42739e-14
4498.76 2.12669e-14 2.12669e-14
4505.04 5.2275e-14 5.2275e-14
4511.33 2.04354e-14 2.04354e-14
4517.61 5.03715e-14 5.03715e-14
4523.89 1.9659e-14 1.9659e-14
4530.18 4.85589e-14 4.85589e-14
4536.46 1.89342e-14 1.89342e-14
4542.74 4.68324e-14 4.68324e-14
4549.03 1.82578e-14 1.82578e-14
4555.31 4.51879e-14 4.51879e-14
4561.59 1.76269e-14 1.76269e-14
4567.88 4.36212e-14 4.36212e-14
4574.16 1.70386e-14 1.70386e-14
4580.44 4.21285e-14 4.21285e-14
4586.73 1.64904e-14 1.64904e-14
4593.01 4.07061e-14 4.07061e-14
4599.29 1.59796e-14 1.59796e-14
4605.57 3.93505e-14 3.93505e-14
4611.86 1.5504e-14 1.5504e-14
4618.14 3.80584e-14 3.80584e-14
4624.42 1.50613e-14 1.50613e-14
4630.71 3.68268e-14 3.68268e-14
4636.99 1.46495e-14 1.46495e-14
4643.27 3.56525e-14 3.56525e-14
4649.56 1.42666e-14 1.42666e-14
4655.84 3.45328e-14 3.45328e-14
4662.12 1.39107e-14 1.39107e-14
4668.41 3.34651e-14 3.34651e-14
4674.69 1.35802e-14 1.35802e-14
4680.97 3.24467e-14 3.24467e-14
4687.26 1.32734e-14 1.32734e-14
4693.54 3.14753e-14 3.14753e-14
4699.82 1.29888e-14 1.29888e-14
4706.11 3.05485e-14 3.05485e-14
4712.39 1.2725e-14 1.2725e-14
4718.67 2.96642e-14 2.96642e-14
4724.96 1.24805e-14 1.24805e-14
4731.24 2.88203e-14 2.88203e-14
4737.52 1.22542e-14 1.22542e-14
4743.8 2.80149e-14 2.80149e-14
4750.09 1.20448e-14 1.20448e-14
4756.37 2.72461e-14 2.72461e-14
4762.65 1.18512e-14 1.18512e-14
4768.94 2.65121e-14 2.65121e-14
4775.22 1.16723e-14 1.16723e-14
4781.5 2.58113e-14 2.58113e-14
4787.79 1.15073e-14 1.15073e-14
4794.07 2.51421e-14 2.51421e-14
4800.35 1.13551e-14 1.13551e-14
4806.64 2.45028e-14 2.45028e-14
4812.92 1.12149e-14 1.12149e-14
4819.2 2.38922e-14 2.38922e-14
4825.49 1.10858e-14 1.10858e-14
4831.77 2.33089e-14 2.33089e-14
4838.05 1.09672e-14 1.09672e-14
4844.34 2.27514e-14 2.27514e-14
4850.62 1.08582e-14 1.08582e-14
4856.9 2.22187e-14 2.22187e-14
4863.19 1.07582e-14 1.07582e-14
4869.47 2.17095e-14 2.17095e-14
4875.75 1.06666e-14 1.06666e-14
4882.03 2.12228e-14 2.12228e-14
4888.32 1.05828e-14 1.05828e-14
4894.6 2.07574e-14 2.07574e-14
4900.88 1.05063e-14 1.05063e-14
4907.17 2.03123e-14 2.03123e-14
4913.45 1.04364e-14 1.04364e-14
4919.73 1.98867e-14 1.98867e-14
4926.02 1.03728e-14 1.03728e-14
4932.3 1.94795e-14 1.94795e-14
4938.58 1.03149e-14 1.03149e-14
4944.87 1.909e-14 1.909e-14
4951.15 1.02624e-14 1.02624e-14
4957.43 1.87172e-14 1.87172e-14
4963.72 1.02148e-14 1.02148e-14
4970 1.83605e-14 1.83605e-14
4976.28 1.01718e-14 1.01718e-14
4982.57 1.80191e-14 1.80191e-14
4988.85 1.0133e-14 1.0133e-14
4995.13 1.76922e-14 1.76922e-14
5001.42 1.00981e-14 1.00981e-14
5007.7 1.73793e-14 1.73793e-14
5013.98 1.00668e-14 1.00668e-14
5020.27 1.70796e-14 1.70796e-14
5026.55 1.00389e-14 1.00389e-14
5032.83 1.67925e-14 1.67925e-14
5039.11 1.00139e-14 1.00139e-14
5045.4 1.65175e-14 1.65175e-14
5051.68 9.99182e-15 9.99182e-15
5057.96 1.62541e-14 1.62541e-14
5064.25 9.97227e-15 9.97227e-15
5070.53 1.60016e-14 1.60016e-14
5076.81 9.95508e-15 9.95508e-15
5083.1 1.57596e-14 1.57596e-14
5089.38 9.94003e-15 9.94003e-15
5095.66 1.55277e-14 1.55277e-14
5101.95 9.92696e-15 9.92696e-15
5108.23 1.53053e-14 1.53053e-14
5114.51 9.91569e-15 9.91569e-15
5120.8 1.50921e-14 1.50921e-14
5127.08 9.90605e-15 9.90605e-15
5133.36 1.48876e-14 1.48876e-14
5139.65 9.89789e-15 9.89789e-15
5145.93 1.46914e-14 1.46914e-14
5152.21 9.89108e-15 9.89108e-15
5158.5 1.45032e-14 1.45032e-14
5164.78 9.88549e-15 9.88549e-15
5171.06 1.43226e-14 1.43226e-14
5177.34 9.881e-15 9.881e-15
5183.63 1.41493e-14 1.41493e-14
5189.91 9.87749e-15 9.87749e-15
5196.19 1.39829e-14 1.39829e-14
5202.48 9.87487e-15 9.87487e-15
5208.76 1.38232e-14 1.38232e-14
5215.04 9.87303e-15 9.87303e-15
5221.33 1.36699e-14 1.36699e-14
5227.61 9.8719e-15 9.8719e-15
5233.89 1.35226e-14 1.35226e-14
5240.18 9.87139e-15 9.87139e-15
5246.46 1.33812e-14 1.33812e-14
5252.74 9.87142e-15 9.87142e-15
5259.03 1.32453e-14 1.32453e-14
5265.31 9.87193e-15 9.87193e-15
5271.59 1.31147e-14 1.31147e-14
5277.88 9.87286e-15 9.87286e-15
5284.16 1.29893e-14 1.29893e-14
5290.44 9.87414e-15 9.87414e-15
5296.73 1.28687e-14 1.28687e-14
5303.01 9.87573e-15 9.87573e-15
5309.29 1.27528e-14 1.27528e-14
5315.57 9.87756e-15 9.87756e-15
5321.86 1.26413e-14 1.26413e-14
5328.14 9.87961e-15 9.87961e-15
5334.42 1.25341e-14 1.25341e-14
5340.71 9.88183e-15 9.88183e-15
5346.99 1.24311e-14 1.24311e-14
5353.27 9.88418e-15 9.88418e-15
5359.56 1.23319e-14 1.23319e-14
5365.84 9.88663e-15 9.88663e-15
5372.12 1.22365e-14 1.22365e-14
5378.41 9.88914e-15 9.88914e-15
5384.69 1.21447e-14 1.21447e-14
5390.97 9.8917e-15 9.8917e-15
5397.26 1.20564e-14 1.20564e-14
5403.54 9.89427e-15 9.89427e-15
5409.82 1.19714e-14 1.19714e-14
5416.11 9.89683e-15 9.89683e-15
5422.39 1.18896e-14 1.18896e-14
5428.67 9.89937e-15 9.89937e-15
5434.96 1.18108e-14 1.18108e-14
5441.24 9.90186e-15 9.90186e-15
5447.52 1.17349e-14 1.17349e-14
5453.8 9.90429e-15 9.90429e-15
5460.09 1.16618e-14 1.16618e-14
5466.37 9.90665e-15 9.90665e-15
5472.65 1.15914e-14 1.15914e-14
5478.94 9.90893e-15 9.90893e-15
5485.22 1.15236e-14 1.15236e-14
5491.5 9.9111e-15 9.9111e-15
5497.79 1.14583e-14 1.14583e-14
5504.07 9.91317e-15 9.91317e-15
5510.35 1.13954e-14 1.13954e-14
5516.64 9.91513e-15 9.91513e-15
5522.92 1.13347e-14 1.13347e-14
5529.2 9.91697e-15 9.91697e-15
5535.49 1.12762e-14 1.12762e-14
5541.77 9.91869e-15 9.91869e-15
5548.05 1.12199e-14 1.12199e-14
5554.34 9.92027e-15 9.92027e-15
5560.62 1.11656e-14 1.11656e-14
5566.9 9.92173e-15 9.92173e-15
5573.19 1.11132e-14 1.11132e-14
5579.47 9.92305e-15 9.92305e-15
5585.75 1.10627e-14 1.10627e-14
5592.03 9.92423e-15 9.92423e-15
5598.32 1.10139e-14 1.10139e-14
5604.6 9.92528e-15 9.92528e-15
5610.88 1.0967e-14 1.0967e-14
5617.17 9.9262e-15 9.9262e-15
5623.45 1.09217e-14 1.09217e-14
5629.73 9.92698e-15 9.92698e-15
5636.02 1.0878e-14 1.0878e-14
5642.3 9.92762e-15 9.92762e-15
5648.58 1.08358e-14 1.08358e-14
5654.87 9.92813e-15 9.92813e-15
5661.15 1.07951e-14 1.07951e-14
5667.43 9.92852e-15 9.92852e-15
5673.72 1.07559e-14 1.07559e-14
5680 9.92877e-15 9.92877e-15
5686.28 1.0718e-14 1.0718e-14
5692.57 9.9289e-15 9.9289e-15
5698.85 1.06815e-14 1.06815e-14
5705.13 9.92891e-15 9.92891e-15
5711.42 1.06462e-14 1.06462e-14
5717.7 9.92881e-15 9.92881e-15
5723.98 1.06122e-14 1.06122e-14
5730.27 9.92859e-15 9.92859e-15
5736.55 1.05794e-14 1.05794e-14
5742.83 9.92826e-15 9.92826e-15
5749.11 1.05477e-14 1.05477e-14
5755.4 9.92782e-15 9.92782e-15
5761.68 1.05172e-14 1.05172e-14
5767.96 9.92729e-15 9.92729e-15
5774.25 1.04877e-14 1.04877e-14
5780.53 9.92666e-15 9.92666e-15
5786.81 1.04592e-14 1.04592e-14
5793.1 9.92593e-15 9.92593e-15
5799.38 1.04318e-14 1.04318e-14
5805.66 9.92512e-15 9.92512e-15
5811.95 1.04053e-14 1.04053e-14
5818.23 9.92423e-15 9.92423e-15
5824.51 1.03797e-14 1.03797e-14
5830.8 9.92327e-15 9.92327e-15
5837.08 1.03551e-14 1.03551e-14
5843.36 9.92223e-15 9.92223e-15
5849.65 1.03313e-14 1.03313e-14
5855.93 9.92112e-15 9.92112e-15
5862.21 1.03084e-14 1.03084e-14
5868.5 9.91996e-15 9.91996e-15
5874.78 1.02862e-14 1.02862e-14
5881.06 9.91874e-15 9.91874e-15
5887.34 1.02649e-14 1.02649e-14
5893.63 9.91746e-15 9.91746e-15
5899.91 1.02444e-14 1.02444e-14
5906.19 9.91614e-15 9.91614e-15
5912.48 1.02246e-14 1.02246e-14
5918.76 9.91478e-15 9.91478e-15
5925.04 1.02055e-14 1.02055e-14
5931.33 9.91338e-15 9.91338e-15
5937.61 1.01871e-14 1.01871e-14
5943.89 9.91195e-15 9.91195e-15
5950.18 1.01694e-14 1.01694e-14
5956.46 9.91049e-15 9.91049e-15
5962.74 1.01524e-14 1.01524e-14
5969.03 9.90901e-15 9.90901e-15
5975.31 1.0136e-14 1.0136e-14
5981.59 9.90751e-15 9.90751e-15
5987.88 1.01203e-14 1.01203e-14
5994.16 9.90599e-15 9.90599e-15
6000.44 1.01051e-14 1.01051e-14
6006.73 9.90447e-15 9.90447e-15
6013.01 1.00905e-14 1.00905e-14
6019.29 9.90295e-15 9.90295e-15
6025.57 1.00766e-14 1.00766e-14
6031.86 9.90142e-15 9.90142e-15
6038.14 1.00631e-14 1.00631e-14
6044.42 9.8999e-15 9.8999e-15
6050.71 1.00502e-14 1.00502e-14
6056.99 9.89838e-15 9.89838e-15
6063.27 1.00379e-14 1.00379e-14
6069.56 9.89688e-15 9.89688e-15
6075.84 1.00261e-14 1.00261e-14
6082.12 9.89539e-15 9.89539e-15
6088.41 1.00148e-14 1.00148e-14
6094.69 9.89392e-15 9.89392e-15
6100.97 1.0004e-14 1.0004e-14
6107.26 9.89247e-15 9.89247e-15
6113.54 9.99363e-15 9.99363e-15
6119.82 9.89105e-15 9.89105e-15
6126.11 9.98378e-15 9.98378e-15
6132.39 9.88966e-15 9.88966e-15
6138.67 9.9744e-15 9.9744e-15
6144.96 9.8883e-15 9.8883e-15
6151.24 9.96547e-15 9.96547e-15
6157.52 9.88697e-15 9.88697e-15
6163.8 9.95699e-15 9.95699e-15
6170.09 9.88569e-15 9.88569e-15
6176.37 9.94895e-15 9.94895e-15
6182.65 9.88444e-15 9.88444e-15
6188.94 9.94134e-15 9.94134e-15
6195.22 9.88324e-15 9.88324e-15
6201.5 9.93416e-15 9.93416e-15
6207.79 9.88209e-15 9.88209e-15
6214.07 9.92739e-15 9.92739e-15
6220.35 9.88098e-15 9.88098e-15
6226.64 9.92104e-15 9.92104e-15
6232.92 9.87993e-15 9.87993e-15
6239.2 9.91509e-15 9.91509e-15
6245.49 9.87892e-15 9.87892e-15
6251.77 9.90953e-15 9.90953e-15
6258.05 9.87798e-15 9.87798e-15
6264.34 9.90437e-15 9.90437e-15
6270.62 9.87709e-15 9.87709e-15
6276.9 9.8996e-15 9.8996e-15
6283.19 9.87626e-15 9.87626e-15
6289.47 9.89522e-15 9.89522e-15
6295.75 9.87549e-15 9.87549e-15
6302.03 9.89121e-15 9.89121e-15
6308.32 9.87478e-15 9.87478e-15
6314.6 9.88758e-15 9.88758e-15
6320.88 9.87413e-15 9.87413e-15
6327.17 9.88432e-15 9.88432e-15
6333.45 9.87355e-15 9.87355e-15
6339.73 9.88144e-15 9.88144e-15
6346.02 9.87304e-15 9.87304e-15
6352.3 9.87891e-15 9.87891e-15
6358.58 9.87259e-15 9.87259e-15
6364.87 9.87676e-15 9.87676e-15
6371.15 9.87221e-15 9.87221e-15
6377.43 9.87496e-15 9.87496e-15
6383.72 9.8719e-15 9.8719e-15
6390 9.87353e-15 9.87353e-15
6396.28 9.87165e-15 9.87165e-15
6402.57 9.87246e-15 9.87246e-15
6408.85 9.87148e-15 9.87148e-15
6415.13 9.87174e-15 9.87174e-15
6421.42 9.87137e-15 9.87137e-15
6427.7 9.87138e-15 9.87138e-15
6433.98 9.87134e-15 9.87134e-15
