0 7.11694e-15 7.11694e-15
6.28319 0.012723 0.012723
12.5664 0.00317102 0.00317102
18.8496 0.00140953 0.00140953
25.1327 0.000791012 0.000791012
31.4159 0.00050669 0.00050669
37.6991 0.000350824 0.000350824
43.9823 0.000257932 0.000257932
50.2655 0.000196815 0.000196815
56.5487 0.000155565 0.000155565
62.8319 0.000125538 0.000125538
69.115 0.000103751 0.000103751
75.3982 8.68228e-05 8.68228e-05
81.6814 7.39528e-05 7.39528e-05
87.9646 6.34806e-05 6.34806e-05
94.2478 5.5259e-05 5.5259e-05
100.531 4.83325e-05 4.83325e-05
106.814 4.27674e-05 4.27674e-05
113.097 3.79488e-05 3.79488e-05
119.381 3.40103e-05 3.40103e-05
125.664 3.05232e-05 3.05232e-05
131.947 2.76357e-05 2.76357e-05
138.23 2.50308e-05 2.50308e-05
144.513 2.28523e-05 2.28523e-05
150.796 2.08551e-05 2.08551e-05
157.08 1.9172e-05 1.9172e-05
163.363 1.76072e-05 1.76072e-05
169.646 1.62806e-05 1.62806e-05
175.929 1.50319e-05 1.50319e-05
182.212 1.39683e-05 1.39683e-05
188.496 1.29559e-05 1.29559e-05
194.779 1.20906e-05 1.20906e-05
201.062 1.12586e-05 1.12586e-05
207.345 1.05455e-05 1.05455e-05
213.628 9.85358e-06 9.85358e-06
219.911 9.25939e-06 9.25939e-06
226.195 8.67783e-06 8.67783e-06
232.478 8.17776e-06 8.17776e-06
238.761 7.68445e-06 7.68445e-06
245.044 7.25987e-06 7.25987e-06
251.327 6.83793e-06 6.83793e-06
257.611 6.4746e-06 6.4746e-06
263.894 6.11103e-06 6.11103e-06
270.177 5.79791e-06 5.79791e-06
276.46 5.48255e-06 5.48255e-06
282.743 5.21098e-06 5.21098e-06
289.027 4.93578e-06 4.93578e-06
295.31 4.6989e-06 4.6989e-06
301.593 4.45743e-06 4.45743e-06
307.876 4.24971e-06 4.24971e-06
314.159 4.0368e-06 4.0368e-06
320.442 3.85379e-06 3.85379e-06
326.726 3.6652e-06 3.6652e-06
333.009 3.50326e-06 3.50326e-06
339.292 3.33553e-06 3.33553e-06
345.575 3.19167e-06 3.19167e-06
351.858 3.04192e-06 3.04192e-06
358.142 2.91365e-06 2.91365e-06
364.425 2.77949e-06 2.77949e-06
370.708 2.66474e-06 2.66474e-06
376.991 2.54417e-06 2.54417e-06
383.274 2.4412e-06 2.4412e-06
389.557 2.33253e-06 2.33253e-06
395.841 2.23986e-06 2.23986e-06
402.124 2.14164e-06 2.14164e-06
408.407 2.05803e-06 2.05803e-06
414.69 1.96904e-06 1.96904e-06
420.973 1.89343e-06 1.89343e-06
427.257 1.81261e-06 1.81261e-06
433.54 1.74407e-06 1.74407e-06
439.823 1.67052e-06 1.67052e-06
446.106 1.60826e-06 1.60826e-06
452.389 1.5412e-06 1.5412e-06
458.673 1.48454e-06 1.48454e-06
464.956 1.42327e-06 1.42327e-06
471.239 1.37162e-06 1.37162e-06
477.522 1.31555e-06 1.31555e-06
483.805 1.26839e-06 1.26839e-06
490.088 1.217e-06 1.217e-06
496.372 1.17387e-06 1.17387e-06
502.655 1.12669e-06 1.12669e-06
508.938 1.08719e-06 1.08719e-06
515.221 1.04383e-06 1.04383e-06
521.504 1.00762e-06 1.00762e-06
527.788 9.67709e-07 9.67709e-07
534.071 9.34456e-07 9.34456e-07
540.354 8.97685e-07 8.97685e-07
546.637 8.67122e-07 8.67122e-07
552.92 8.33201e-07 8.33201e-07
559.203 8.05081e-07 8.05081e-07
565.487 7.73758e-07 7.73758e-07
571.77 7.47861e-07 7.47861e-07
578.053 7.18909e-07 7.18909e-07
584.336 6.95037e-07 6.95037e-07
590.619 6.68252e-07 6.68252e-07
596.903 6.46228e-07 6.46228e-07
603.186 6.21427e-07 6.21427e-07
609.469 6.01094e-07 6.01094e-07
615.752 5.78112e-07 5.78112e-07
622.035 5.59325e-07 5.59325e-07
628.319 5.38013e-07 5.38013e-07
634.602 5.20644e-07 5.20644e-07
640.885 5.00867e-07 5.00867e-07
647.168 4.84799e-07 4.84799e-07
653.451 4.66434e-07 4.66434e-07
659.734 4.5156e-07 4.5156e-07
666.018 4.34496e-07 4.34496e-07
672.301 4.20722e-07 4.20722e-07
678.584 4.04858e-07 4.04858e-07
684.867 3.92094e-07 3.92094e-07
691.15 3.77338e-07 3.77338e-07
697.434 3.65506e-07 3.65506e-07
703.717 3.51773e-07 3.51773e-07
710 3.40801e-07 3.40801e-07
716.283 3.28014e-07 3.28014e-07
722.566 3.17835e-07 3.17835e-07
728.849 3.05924e-07 3.05924e-07
735.133 2.96477e-07 2.96477e-07
741.416 2.85377e-07 2.85377e-07
747.699 2.76606e-07 2.76606e-07
753.982 2.66258e-07 2.66258e-07
760.265 2.58114e-07 2.58114e-07
766.549 2.48463e-07 2.48463e-07
772.832 2.40898e-07 2.40898e-07
779.115 2.31894e-07 2.31894e-07
785.398 2.24865e-07 2.24865e-07
791.681 2.16462e-07 2.16462e-07
797.965 2.09929e-07 2.09929e-07
804.248 2.02085e-07 2.02085e-07
810.531 1.96012e-07 1.96012e-07
816.814 1.88687e-07 1.88687e-07
823.097 1.83042e-07 1.83042e-07
829.38 1.76199e-07 1.76199e-07
835.664 1.70949e-07 1.70949e-07
841.947 1.64556e-07 1.64556e-07
848.23 1.59674e-07 1.59674e-07
854.513 1.53699e-07 1.53699e-07
860.796 1.49158e-07 1.49158e-07
867.08 1.43572e-07 1.43572e-07
873.363 1.39348e-07 1.39348e-07
879.646 1.34125e-07 1.34125e-07
885.929 1.30195e-07 1.30195e-07
892.212 1.2531e-07 1.2531e-07
898.495 1.21654e-07 1.21654e-07
904.779 1.17085e-07 1.17085e-07
911.062 1.13682e-07 1.13682e-07
917.345 1.09407e-07 1.09407e-07
923.628 1.06241e-07 1.06241e-07
929.911 1.0224e-07 1.0224e-07
936.195 9.92939e-08 9.92939e-08
942.478 9.55493e-08 9.55493e-08
948.761 9.28074e-08 9.28074e-08
955.044 8.93018e-08 8.93018e-08
961.327 8.675e-08 8.675e-08
967.611 8.34676e-08 8.34676e-08
973.894 8.10927e-08 8.10927e-08
980.177 7.80188e-08 7.80188e-08
986.46 7.58086e-08 7.58086e-08
992.743 7.29295e-08 7.29295e-08
999.026 7.08726e-08 7.08726e-08
1005.31 6.81755e-08 6.81755e-08
1011.59 6.62611e-08 6.62611e-08
1017.88 6.37342e-08 6.37342e-08
1024.16 6.19527e-08 6.19527e-08
1030.44 5.95847e-08 5.95847e-08
1036.73 5.79268e-08 5.79268e-08
1043.01 5.57076e-08 5.57076e-08
1049.29 5.41649e-08 5.41649e-08
1055.58 5.20847e-08 5.20847e-08
1061.86 5.06492e-08 5.06492e-08
1068.14 4.86991e-08 4.86991e-08
1074.42 4.73634e-08 4.73634e-08
1080.71 4.5535e-08 4.5535e-08
1086.99 4.42924e-08 4.42924e-08
1093.27 4.25779e-08 4.25779e-08
1099.56 4.14218e-08 4.14218e-08
1105.84 3.98139e-08 3.98139e-08
1112.12 3.87385e-08 3.87385e-08
1118.41 3.72303e-08 3.72303e-08
1124.69 3.62301e-08 3.62301e-08
1130.97 3.48152e-08 3.48152e-08
1137.26 3.3885e-08 3.3885e-08
1143.54 3.25576e-08 3.25576e-08
1149.82 3.16926e-08 3.16926e-08
1156.11 3.0447e-08 3.0447e-08
1162.39 2.96427e-08 2.96427e-08
1168.67 2.84739e-08 2.84739e-08
1174.96 2.77262e-08 2.77262e-08
1181.24 2.66291e-08 2.66291e-08
1187.52 2.59341e-08 2.59341e-08
1193.81 2.49043e-08 2.49043e-08
1200.09 2.42584e-08 2.42584e-08
1206.37 2.32917e-08 2.32917e-08
1212.65 2.26914e-08 2.26914e-08
1218.94 2.17837e-08 2.17837e-08
1225.22 2.12261e-08 2.12261e-08
1231.5 2.03738e-08 2.03738e-08
1237.79 1.98557e-08 1.98557e-08
1244.07 1.90553e-08 1.90553e-08
1250.35 1.85742e-08 1.85742e-08
1256.64 1.78224e-08 1.78224e-08
1262.92 1.73757e-08 1.73757e-08
1269.2 1.66695e-08 1.66695e-08
1275.49 1.62548e-08 1.62548e-08
1281.77 1.55913e-08 1.55913e-08
1288.05 1.52064e-08 1.52064e-08
1294.34 1.45831e-08 1.45831e-08
1300.62 1.42259e-08 1.42259e-08
1306.9 1.36401e-08 1.36401e-08
1313.19 1.33088e-08 1.33088e-08
1319.47 1.27583e-08 1.27583e-08
1325.75 1.2451e-08 1.2451e-08
1332.04 1.19335e-08 1.19335e-08
1338.32 1.16486e-08 1.16486e-08
1344.6 1.11622e-08 1.11622e-08
1350.88 1.08981e-08 1.08981e-08
1357.17 1.04408e-08 1.04408e-08
1363.45 1.01961e-08 1.01961e-08
1369.73 9.76611e-09 9.76611e-09
1376.02 9.53946e-09 9.53946e-09
1382.3 9.13506e-09 9.13506e-09
1388.58 8.92519e-09 8.92519e-09
1394.87 8.54484e-09 8.54484e-09
1401.15 8.35058e-09 8.35058e-09
1407.43 7.9928e-09 7.9928e-09
1413.72 7.81305e-09 7.81305e-09
1420 7.47646e-09 7.47646e-09
1426.28 7.31021e-09 7.31021e-09
1432.57 6.99351e-09 6.99351e-09
1438.85 6.83981e-09 6.83981e-09
1445.13 6.54178e-09 6.54178e-09
1451.42 6.39975e-09 6.39975e-09
1457.7 6.11925e-09 6.11925e-09
1463.98 5.98806e-09 5.98806e-09
1470.27 5.72404e-09 5.72404e-09
1476.55 5.60292e-09 5.60292e-09
1482.83 5.35436e-09 5.35436e-09
1489.11 5.2426e-09 5.2426e-09
1495.4 5.00857e-09 5.00857e-09
1501.68 4.90551e-09 4.90551e-09
1507.96 4.68513e-09 4.68513e-09
1514.25 4.59014e-09 4.59014e-09
1520.53 4.38258e-09 4.38258e-09
1526.81 4.29509e-09 4.29509e-09
1533.1 4.09958e-09 4.09958e-09
1539.38 4.01904e-09 4.01904e-09
1545.66 3.83486e-09 3.83486e-09
1551.95 3.76077e-09 3.76077e-09
1558.23 3.58723e-09 3.58723e-09
1564.51 3.51914e-09 3.51914e-09
1570.8 3.3556e-09 3.3556e-09
1577.08 3.29306e-09 3.29306e-09
1583.36 3.13892e-09 3.13892e-09
1589.65 3.08154e-09 3.08154e-09
1595.93 2.93624e-09 2.93624e-09
1602.21 2.88363e-09 2.88363e-09
1608.5 2.74665e-09 2.74665e-09
1614.78 2.69846e-09 2.69846e-09
1621.06 2.56929e-09 2.56929e-09
1627.34 2.52521e-09 2.52521e-09
1633.63 2.40339e-09 2.40339e-09
1639.91 2.3631e-09 2.3631e-09
1646.19 2.2482e-09 2.2482e-09
1652.48 2.21142e-09 2.21142e-09
1658.76 2.10302e-09 2.10302e-09
1665.04 2.0695e-09 2.0695e-09
1671.33 1.96722e-09 1.96722e-09
1677.61 1.9367e-09 1.9367e-09
1683.89 1.84019e-09 1.84019e-09
1690.18 1.81245e-09 1.81245e-09
1696.46 1.72135e-09 1.72135e-09
1702.74 1.69618e-09 1.69618e-09
1709.03 1.61019e-09 1.61019e-09
1715.31 1.58739e-09 1.58739e-09
1721.59 1.5062e-09 1.5062e-09
1727.88 1.48559e-09 1.48559e-09
1734.16 1.40892e-09 1.40892e-09
1740.44 1.39033e-09 1.39033e-09
1746.73 1.31792e-09 1.31792e-09
1753.01 1.3012e-09 1.3012e-09
1759.29 1.2328e-09 1.2328e-09
1765.58 1.21779e-09 1.21779e-09
1771.86 1.15317e-09 1.15317e-09
1778.14 1.13974e-09 1.13974e-09
1784.42 1.07868e-09 1.07868e-09
1790.71 1.06671e-09 1.06671e-09
1796.99 1.009e-09 1.009e-09
1803.27 9.98364e-10 9.98364e-10
1809.56 9.4381e-10 9.4381e-10
1815.84 9.3441e-10 9.3441e-10
1822.12 8.82833e-10 8.82833e-10
1828.41 8.74562e-10 8.74562e-10
1834.69 8.2579e-10 8.2579e-10
1840.97 8.18557e-10 8.18557e-10
1847.26 7.7243e-10 7.7243e-10
1853.54 7.66147e-10 7.66147e-10
1859.82 7.22514e-10 7.22514e-10
1866.11 7.17102e-10 7.17102e-10
1872.39 6.7582e-10 6.7582e-10
1878.67 6.71204e-10 6.71204e-10
1884.96 6.3214e-10 6.3214e-10
1891.24 6.28251e-10 6.28251e-10
1897.52 5.91279e-10 5.91279e-10
1903.81 5.88055e-10 5.88055e-10
1910.09 5.53056e-10 5.53056e-10
1916.37 5.50437e-10 5.50437e-10
1922.65 5.17301e-10 5.17301e-10
1928.94 5.15232e-10 5.15232e-10
1935.22 4.83853e-10 4.83853e-10
1941.5 4.82286e-10 4.82286e-10
1947.79 4.52565e-10 4.52565e-10
1954.07 4.51452e-10 4.51452e-10
1960.35 4.23297e-10 4.23297e-10
1966.64 4.22595e-10 4.22595e-10
1972.92 3.95919e-10 3.95919e-10
1979.2 3.95588e-10 3.95588e-10
1985.49 3.70308e-10 3.70308e-10
1991.77 3.70312e-10 3.70312e-10
1998.05 3.46351e-10 3.46351e-10
2004.34 3.46656e-10 3.46656e-10
2010.62 3.23941e-10 3.23941e-10
2016.9 3.24516e-10 3.24516e-10
2023.19 3.02978e-10 3.02978e-10
2029.47 3.03795e-10 3.03795e-10
2035.75 2.83369e-10 2.83369e-10
2042.04 2.84401e-10 2.84401e-10
2048.32 2.65026e-10 2.65026e-10
2054.6 2.66249e-10 2.66249e-10
2060.88 2.47868e-10 2.47868e-10
2067.17 2.4926e-10 2.4926e-10
2073.45 2.31818e-10 2.31818e-10
2079.73 2.33359e-10 2.33359e-10
2086.02 2.16805e-10 2.16805e-10
2092.3 2.18476e-10 2.18476e-10
2098.58 2.02762e-10 2.02762e-10
2104.87 2.04545e-10 2.04545e-10
2111.15 1.89626e-10 1.89626e-10
2117.43 1.91506e-10 1.91506e-10
2123.72 1.77339e-10 1.77339e-10
2130 1.79301e-10 1.79301e-10
2136.28 1.65846e-10 1.65846e-10
2142.57 1.67878e-10 1.67878e-10
2148.85 1.55096e-10 1.55096e-10
2155.13 1.57184e-10 1.57184e-10
2161.42 1.45041e-10 1.45041e-10
2167.7 1.47175e-10 1.47175e-10
2173.98 1.35635e-10 1.35635e-10
2180.27 1.37806e-10 1.37806e-10
2186.55 1.26838e-10 1.26838e-10
2192.83 1.29036e-10 1.29036e-10
2199.11 1.18609e-10 1.18609e-10
2205.4 1.20826e-10 1.20826e-10
2211.68 1.10912e-10 1.10912e-10
2217.96 1.13141e-10 1.13141e-10
2224.25 1.03713e-10 1.03713e-10
2230.53 1.05948e-10 1.05948e-10
2236.81 9.698e-11 9.698e-11
2243.1 9.92132e-11 9.92132e-11
2249.38 9.06822e-11 9.06822e-11
2255.66 9.29089e-11 9.29089e-11
2261.95 8.47918e-11 8.47918e-11
2268.23 8.70073e-11 8.70073e-11
2274.51 7.92826e-11 7.92826e-11
2280.8 8.14824e-11 8.14824e-11
2287.08 7.41299e-11 7.41299e-11
2293.36 7.63101e-11 7.63101e-11
2299.65 6.93107e-11 6.93107e-11
2305.93 7.14679e-11 7.14679e-11
2312.21 6.48034e-11 6.48034e-11
2318.5 6.69347e-11 6.69347e-11
2324.78 6.05879e-11 6.05879e-11
2331.06 6.26905e-11 6.26905e-11
2337.34 5.66455e-11 5.66455e-11
2343.63 5.87171e-11 5.87171e-11
2349.91 5.29583e-11 5.29583e-11
2356.19 5.49969e-11 5.49969e-11
2362.48 4.951e-11 4.951e-11
2368.76 5.15139e-11 5.15139e-11
2375.04 4.62851e-11 4.62851e-11
2381.33 4.82528e-11 4.82528e-11
2387.61 4.32692e-11 4.32692e-11
2393.89 4.51994e-11 4.51994e-11
2400.18 4.04488e-11 4.04488e-11
2406.46 4.23405e-11 4.23405e-11
2412.74 3.78112e-11 3.78112e-11
2419.03 3.96637e-11 3.96637e-11
2425.31 3.53446e-11 3.53446e-11
2431.59 3.71572e-11 3.71572e-11
2437.88 3.3038e-11 3.3038e-11
2444.16 3.48102e-11 3.48102e-11
2450.44 3.08811e-11 3.08811e-11
2456.73 3.26126e-11 3.26126e-11
2463.01 2.88641e-11 2.88641e-11
2469.29 3.05547e-11 3.05547e-11
2475.58 2.6978e-11 2.6978e-11
2481.86 2.86276e-11 2.86276e-11
2488.14 2.52144e-11 2.52144e-11
2494.42 2.68231e-11 2.68231e-11
2500.71 2.35653e-11 2.35653e-11
2506.99 2.51331e-11 2.51331e-11
2513.27 2.20233e-11 2.20233e-11
2519.56 2.35506e-11 2.35506e-11
2525.84 2.05815e-11 2.05815e-11
2532.12 2.20685e-11 2.20685e-11
2538.41 1.92334e-11 1.92334e-11
2544.69 2.06805e-11 2.06805e-11
2550.97 1.7973e-11 1.7973e-11
2557.26 1.93805e-11 1.93805e-11
2563.54 1.67945e-11 1.67945e-11
2569.82 1.81631e-11 1.81631e-11
2576.11 1.56927e-11 1.56927e-11
2582.39 1.70228e-11 1.70228e-11
2588.67 1.46626e-11 1.46626e-11
2594.96 1.59548e-11 1.59548e-11
2601.24 1.36995e-11 1.36995e-11
2607.52 1.49544e-11 1.49544e-11
2613.81 1.27992e-11 1.27992e-11
2620.09 1.40174e-11 1.40174e-11
2626.37 1.19575e-11 1.19575e-11
2632.65 1.31398e-11 1.31398e-11
2638.94 1.11707e-11 1.11707e-11
2645.22 1.23177e-11 1.23177e-11
2651.5 1.04351e-11 1.04351e-11
2657.79 1.15475e-11 1.15475e-11
2664.07 9.74757e-12 9.74757e-12
2670.35 1.08261e-11 1.08261e-11
2676.64 9.10487e-12 9.10487e-12
2682.92 1.01503e-11 1.01503e-11
2689.2 8.50412e-12 8.50412e-12
2695.49 9.51716e-12 9.51716e-12
2701.77 7.94261e-12 7.94261e-12
2708.05 8.92401e-12 8.92401e-12
2714.34 7.41778e-12 7.41778e-12
2720.62 8.36829e-12 8.36829e-12
2726.9 6.92726e-12 6.92726e-12
2733.19 7.84763e-12 7.84763e-12
2739.47 6.46881e-12 6.46881e-12
2745.75 7.3598e-12 7.3598e-12
2752.04 6.04036e-12 6.04036e-12
2758.32 6.90271e-12 6.90271e-12
2764.6 5.63996e-12 5.63996e-12
2770.88 6.47441e-12 6.47441e-12
2777.17 5.26578e-12 5.26578e-12
2783.45 6.07307e-12 6.07307e-12
2789.73 4.91613e-12 4.91613e-12
2796.02 5.69699e-12 5.69699e-12
2802.3 4.5894e-12 4.5894e-12
2808.58 5.34455e-12 5.34455e-12
2814.87 4.28411e-12 4.28411e-12
2821.15 5.01427e-12 5.01427e-12
2827.43 3.99885e-12 3.99885e-12
2833.72 4.70473e-12 4.70473e-12
2840 3.73234e-12 3.73234e-12
2846.28 4.41462e-12 4.41462e-12
2852.57 3.48335e-12 3.48335e-12
2858.85 4.14271e-12 4.14271e-12
2865.13 3.25073e-12 3.25073e-12
2871.42 3.88785e-12 3.88785e-12
2877.7 3.03342e-12 3.03342e-12
2883.98 3.64895e-12 3.64895e-12
2890.27 2.83043e-12 2.83043e-12
2896.55 3.42502e-12 3.42502e-12
2902.83 2.64081e-12 2.64081e-12
2909.11 3.21509e-12 3.21509e-12
2915.4 2.4637e-12 2.4637e-12
2921.68 3.01829e-12 3.01829e-12
2927.96 2.29829e-12 2.29829e-12
2934.25 2.83379e-12 2.83379e-12
2940.53 2.1438e-12 2.1438e-12
2946.81 2.6608e-12 2.6608e-12
2953.1 1.99952e-12 1.99952e-12
2959.38 2.49861e-12 2.49861e-12
2965.66 1.8648e-12 1.8648e-12
2971.95 2.34653e-12 2.34653e-12
2978.23 1.73899e-12 1.73899e-12
2984.51 2.20392e-12 2.20392e-12
2990.8 1.62153e-12 1.62153e-12
2997.08 2.07019e-12 2.07019e-12
3003.36 1.51185e-12 1.51185e-12
3009.65 1.94478e-12 1.94478e-12
3015.93 1.40947e-12 1.40947e-12
3022.21 1.82715e-12 1.82715e-12
3028.5 1.31389e-12 1.31389e-12
3034.78 1.71683e-12 1.71683e-12
3041.06 1.22466e-12 1.22466e-12
3047.34 1.61336e-12 1.61336e-12
3053.63 1.14139e-12 1.14139e-12
3059.91 1.51629e-12 1.51629e-12
3066.19 1.06366e-12 1.06366e-12
3072.48 1.42524e-12 1.42524e-12
3078.76 9.91128e-13 9.91128e-13
3085.04 1.33981e-12 1.33981e-12
3091.33 9.2344e-13 9.2344e-13
3097.61 1.25967e-12 1.25967e-12
3103.89 8.60282e-13 8.60282e-13
3110.18 1.18447e-12 1.18447e-12
3116.46 8.01355e-13 8.01355e-13
3122.74 1.11391e-12 1.11391e-12
3129.03 7.46381e-13 7.46381e-13
3135.31 1.0477e-12 1.0477e-12
3141.59 6.951e-13 6.951e-13
3147.88 9.85561e-13 9.85561e-13
3154.16 6.47267e-13 6.47267e-13
3160.44 9.27242e-13 9.27242e-13
3166.73 6.02656e-13 6.02656e-13
3173.01 8.72504e-13 8.72504e-13
3179.29 5.61054e-13 5.61054e-13
3185.57 8.21123e-13 8.21123e-13
3191.86 5.22261e-13 5.22261e-13
3198.14 7.72889e-13 7.72889e-13
3204.42 4.86093e-13 4.86093e-13
3210.71 7.27607e-13 7.27607e-13
3216.99 4.52375e-13 4.52375e-13
3223.27 6.85091e-13 6.85091e-13
3229.56 4.20945e-13 4.20945e-13
3235.84 6.4517e-13 6.4517e-13
3242.12 3.91652e-13 3.91652e-13
3248.41 6.07682e-13 6.07682e-13
3254.69 3.64353e-13 3.64353e-13
3260.97 5.72476e-13 5.72476e-13
3267.26 3.38917e-13 3.38917e-13
3273.54 5.3941e-13 5.3941e-13
3279.82 3.15218e-13 3.15218e-13
3286.11 5.08351e-13 5.08351e-13
3292.39 2.93142e-13 2.93142e-13
3298.67 4.79175e-13 4.79175e-13
3304.96 2.72581e-13 2.72581e-13
3311.24 4.51765e-13 4.51765e-13
3317.52 2.53432e-13 2.53432e-13
3323.81 4.26011e-13 4.26011e-13
3330.09 2.35603e-13 2.35603e-13
3336.37 4.01811e-13 4.01811e-13
3342.65 2.19004e-13 2.19004e-13
3348.94 3.7907e-13 3.7907e-13
3355.22 2.03554e-13 2.03554e-13
3361.5 3.57696e-13 3.57696e-13
3367.79 1.89175e-13 1.89175e-13
3374.07 3.37606e-13 3.37606e-13
3380.35 1.75796e-13 1.75796e-13
3386.64 3.1872e-13 3.1872e-13
3392.92 1.63349e-13 1.63349e-13
3399.2 3.00965e-13 3.00965e-13
3405.49 1.51771e-13 1.51771e-13
3411.77 2.8427e-13 2.8427e-13
3418.05 1.41005e-13 1.41005e-13
3424.34 2.68572e-13 2.68572e-13
3430.62 1.30994e-13 1.30994e-13
3436.9 2.53807e-13 2.53807e-13
3443.19 1.21688e-13 1.21688e-13
3449.47 2.3992e-13 2.3992e-13
3455.75 1.1304e-13 1.1304e-13
3462.04 2.26857e-13 2.26857e-13
3468.32 1.05005e-13 1.05005e-13
3474.6 2.14567e-13 2.14567e-13
3480.88 9.75402e-14 9.75402e-14
3487.17 2.03003e-13 2.03003e-13
3493.45 9.06079e-14 9.06079e-14
3499.73 1.92121e-13 1.92121e-13
3506.02 8.41716e-14 8.41716e-14
3512.3 1.81879e-13 1.81879e-13
3518.58 7.81974e-14 7.81974e-14
3524.87 1.72238e-13 1.72238e-13
3531.15 7.26535e-14 7.26535e-14
3537.43 1.63162e-13 1.63162e-13
3543.72 6.75106e-14 6.75106e-14
3550 1.54617e-13 1.54617e-13
3556.28 6.27411e-14 6.27411e-14
3562.57 1.46569e-13 1.46569e-13
3568.85 5.83192e-14 5.83192e-14
3575.13 1.38991e-13 1.38991e-13
3581.42 5.42209e-14 5.42209e-14
3587.7 1.31852e-13 1.31852e-13
3593.98 5.04239e-14 5.04239e-14
3600.27 1.25126e-13 1.25126e-13
3606.55 4.69073e-14 4.69073e-14
3612.83 1.18789e-13 1.18789e-13
3619.11 4.36515e-14 4.36515e-14
3625.4 1.12817e-13 1.12817e-13
3631.68 4.06385e-14 4.06385e-14
3637.96 1.07188e-13 1.07188e-13
3644.25 3.78512e-14 3.78512e-14
3650.53 1.01882e-13 1.01882e-13
3656.81 3.52739e-14 3.52739e-14
3663.1 9.68794e-14 9.68794e-14
3669.38 3.28917e-14 3.28917e-14
3675.66 9.21619e-14 9.21619e-14
3681.95 3.0691e-14 3.0691e-14
3688.23 8.77126e-14 8.77126e-14
3694.51 2.86588e-14 2.86588e-14
3700.8 8.35156e-14 8.35156e-14
3707.08 2.67834e-14 2.67834e-14
3713.36 7.95559e-14 7.95559e-14
3719.65 2.50534e-14 2.50534e-14
3725.93 7.58193e-14 7.58193e-14
3732.21 2.34585e-14 2.34585e-14
3738.5 7.22928e-14 7.22928e-14
3744.78 2.19891e-14 2.19891e-14
3751.06 6.89638e-14 6.89638e-14
3757.34 2.06361e-14 2.06361e-14
3763.63 6.58208e-14 6.58208e-14
3769.91 1.93912e-14 1.93912e-14
3776.19 6.28528e-14 6.28528e-14
3782.48 1.82464e-14 1.82464e-14
3788.76 6.00495e-14 6.00495e-14
3795.04 1.71946e-14 1.71946e-14
3801.33 5.74013e-14 5.74013e-14
3807.61 1.62288e-14 1.62288e-14
3813.89 5.48991e-14 5.48991e-14
3820.18 1.53429e-14 1.53429e-14
3826.46 5.25344e-14 5.25344e-14
3832.74 1.45309e-14 1.45309e-14
3839.03 5.02991e-14 5.02991e-14
3845.31 1.37873e-14 1.37873e-14
3851.59 4.81858e-14 4.81858e-14
3857.88 1.31071e-14 1.31071e-14
3864.16 4.61874e-14 4.61874e-14
3870.44 1.24854e-14 1.24854e-14
3876.73 4.42972e-14 4.42972e-14
3883.01 1.1918e-14 1.1918e-14
3889.29 4.25091e-14 4.25091e-14
3895.57 1.14007e-14 1.14007e-14
3901.86 4.0817e-14 4.0817e-14
3908.14 1.09296e-14 1.09296e-14
3914.42 3.92156e-14 3.92156e-14
3920.71 1.05013e-14 1.05013e-14
3926.99 3.76997e-14 3.76997e-14
3933.27 1.01124e-14 1.01124e-14
3939.56 3.62642e-14 3.62642e-14
3945.84 9.75986e-15 9.75986e-15
3952.12 3.49048e-14 3.49048e-14
3958.41 9.44087e-15 9.44087e-15
3964.69 3.36169e-14 3.36169e-14
3970.97 9.15277e-15 9.15277e-15
3977.26 3.23967e-14 3.23967e-14
3983.54 8.89311e-15 8.89311e-15
3989.82 3.12402e-14 3.12402e-14
3996.11 8.6596e-15 8.6596e-15
4002.39 3.01439e-14 3.01439e-14
4008.67 8.45015e-15 8.45015e-15
4014.96 2.91044e-14 2.91044e-14
4021.24 8.26278e-15 8.26278e-15
4027.52 2.81185e-14 2.81185e-14
4033.8 8.09567e-15 8.09567e-15
4040.09 2.71832e-14 2.71832e-14
4046.37 7.94716e-15 7.94716e-15
4052.65 2.62958e-14 2.62958e-14
4058.94 7.81566e-15 7.81566e-15
4065.22 2.54534e-14 2.54534e-14
4071.5 7.69975e-15 7.69975e-15
4077.79 2.46537e-14 2.46537e-14
4084.07 7.59807e-15 7.59807e-15
4090.35 2.38943e-14 2.38943e-14
4096.64 7.50939e-15 7.50939e-15
4102.92 2.3173e-14 2.3173e-14
4109.2 7.43255e-15 7.43255e-15
4115.49 2.24876e-14 2.24876e-14
4121.77 7.36652e-15 7.36652e-15
4128.05 2.18363e-14 2.18363e-14
4134.34 7.31029e-15 7.31029e-15
4140.62 2.12171e-14 2.12171e-14
4146.9 7.26296e-15 7.26296e-15
4153.19 2.06284e-14 2.06284e-14
4159.47 7.2237e-15 7.2237e-15
4165.75 2.00684e-14 2.00684e-14
4172.04 7.19174e-15 7.19174e-15
4178.32 1.95356e-14 1.95356e-14
4184.6 7.16636e-15 7.16636e-15
4190.88 1.90286e-14 1.90286e-14
4197.17 7.1469e-15 7.1469e-15
4203.45 1.8546e-14 1.8546e-14
4209.73 7.13277e-15 7.13277e-15
4216.02 1.80865e-14 1.80865e-14
4222.3 7.12341e-15 7.12341e-15
4228.58 1.76488e-14 1.76488e-14
4234.87 7.11829e-15 7.11829e-15
4241.15 1.72317e-14 1.72317e-14
4247.43 7.11696e-15 7.11696e-15
4253.72 1.68343e-14 1.68343e-14
4260 7.11898e-15 7.11898e-15
4266.28 1.64555e-14 1.64555e-14
4272.57 7.12396e-15 7.12396e-15
4278.85 1.60943e-14 1.60943e-14
4285.13 7.13152e-15 7.13152e-15
4291.42 1.57497e-14 1.57497e-14
4297.7 7.14134e-15 7.14134e-15
4303.98 1.5421e-14 1.5421e-14
4310.27 7.15311e-15 7.15311e-15
4316.55 1.51072e-14 1.51072e-14
4322.83 7.16656e-15 7.16656e-15
4329.11 1.48077e-14 1.48077e-14
4335.4 7.18142e-15 7.18142e-15
4341.68 1.45216e-14 1.45216e-14
4347.96 7.19748e-15 7.19748e-15
4354.25 1.42484e-14 1.42484e-14
4360.53 7.21451e-15 7.21451e-15
4366.81 1.39873e-14 1.39873e-14
4373.1 7.23233e-15 7.23233e-15
4379.38 1.37377e-14 1.37377e-14
4385.66 7.25076e-15 7.25076e-15
4391.95 1.34991e-14 1.34991e-14
4398.23 7.26964e-15 7.26964e-15
4404.51 1.32708e-14 1.32708e-14
4410.8 7.28884e-15 7.28884e-15
4417.08 1.30525e-14 1.30525e-14
4423.36 7.30823e-15 7.30823e-15
4429.65 1.28435e-14 1.28435e-14
4435.93 7.32768e-15 7.32768e-15
4442.21 1.26435e-14 1.26435e-14
4448.5 7.3471e-15 7.3471e-15
4454.78 1.24519e-14 1.24519e-14
4461.06 7.3664e-15 7.3664e-15
4467.34 1.22685e-14 1.22685e-14
4473.63 7.38549e-15 7.38549e-15
4479.91 1.20926e-14 1.20926e-14
4486.19 7.4043e-15 7.4043e-15
4492.48 1.19241e-14 1.19241e-14
4498.76 7.42276e-15 7.42276e-15
4505.04 1.17625e-14 1.17625e-14
4511.33 7.44082e-15 7.44082e-15
4517.61 1.16075e-14 1.16075e-14
4523.89 7.45844e-15 7.45844e-15
4530.18 1.14588e-14 1.14588e-14
4536.46 7.47556e-15 7.47556e-15
4542.74 1.13161e-14 1.13161e-14
4549.03 7.49215e-15 7.49215e-15
4555.31 1.1179e-14 1.1179e-14
4561.59 7.50818e-15 7.50818e-15
4567.88 1.10475e-14 1.10475e-14
4574.16 7.52362e-15 7.52362e-15
4580.44 1.0921e-14 1.0921e-14
4586.73 7.53846e-15 7.53846e-15
4593.01 1.07996e-14 1.07996e-14
4599.29 7.55267e-15 7.55267e-15
4605.57 1.06828e-14 1.06828e-14
4611.86 7.56624e-15 7.56624e-15
4618.14 1.05705e-14 1.05705e-14
4624.42 7.57916e-15 7.57916e-15
4630.71 1.04625e-14 1.04625e-14
4636.99 7.59142e-15 7.59142e-15
4643.27 1.03585e-14 1.03585e-14
4649.56 7.60303e-15 7.60303e-15
4655.84 1.02585e-14 1.02585e-14
4662.12 7.61397e-15 7.61397e-15
4668.41 1.01622e-14 1.01622e-14
4674.69 7.62424e-15 7.62424e-15
4680.97 1.00694e-14 1.00694e-14
4687.26 7.63386e-15 7.63386e-15
4693.54 9.98001e-15 9.98001e-15
4699.82 7.64283e-15 7.64283e-15
4706.11 9.89386e-15 9.89386e-15
4712.39 7.65114e-15 7.65114e-15
4718.67 9.81081e-15 9.81081e-15
4724.96 7.65882e-15 7.65882e-15
4731.24 9.73071e-15 9.73071e-15
4737.52 7.66586e-15 7.66586e-15
4743.8 9.65344e-15 9.65344e-15
4750.09 7.67229e-15 7.67229e-15
4756.37 9.57888e-15 9.57888e-15
4762.65 7.6781e-15 7.6781e-15
4768.94 9.5069e-15 9.5069e-15
4775.22 7.68331e-15 7.68331e-15
4781.5 9.4374e-15 9.4374e-15
4787.79 7.68794e-15 7.68794e-15
4794.07 9.37026e-15 9.37026e-15
4800.35 7.69199e-15 7.69199e-15
4806.64 9.30539e-15 9.30539e-15
4812.92 7.69549e-15 7.69549e-15
4819.2 9.24269e-15 9.24269e-15
4825.49 7.69844e-15 7.69844e-15
4831.77 9.18208e-15 9.18208e-15
4838.05 7.70086e-15 7.70086e-15
4844.34 9.12345e-15 9.12345e-15
4850.62 7.70277e-15 7.70277e-15
4856.9 9.06673e-15 9.06673e-15
4863.19 7.70418e-15 7.70418e-15
4869.47 9.01185e-15 9.01185e-15
4875.75 7.7051e-15 7.7051e-15
4882.03 8.95872e-15 8.95872e-15
4888.32 7.70556e-15 7.70556e-15
4894.6 8.90727e-15 8.90727e-15
4900.88 7.70556e-15 7.70556e-15
4907.17 8.85744e-15 8.85744e-15
4913.45 7.70513e-15 7.70513e-15
4919.73 8.80916e-15 8.80916e-15
4926.02 7.70427e-15 7.70427e-15
4932.3 8.76236e-15 8.76236e-15
4938.58 7.70301e-15 7.70301e-15
4944.87 8.717e-15 8.717e-15
4951.15 7.70135e-15 7.70135e-15
4957.43 8.67301e-15 8.67301e-15
4963.72 7.69932e-15 7.69932e-15
4970 8.63034e-15 8.63034e-15
4976.28 7.69693e-15 7.69693e-15
4982.57 8.58893e-15 8.58893e-15
4988.85 7.69419e-15 7.69419e-15
4995.13 8.54875e-15 8.54875e-15
5001.42 7.69111e-15 7.69111e-15
5007.7 8.50974e-15 8.50974e-15
5013.98 7.68773e-15 7.68773e-15
5020.27 8.47185e-15 8.47185e-15
5026.55 7.68403e-15 7.68403e-15
5032.83 8.43505e-15 8.43505e-15
5039.11 7.68005e-15 7.68005e-15
5045.4 8.3993e-15 8.3993e-15
5051.68 7.67579e-15 7.67579e-15
5057.96 8.36455e-15 8.36455e-15
5064.25 7.67127e-15 7.67127e-15
5070.53 8.33077e-15 8.33077e-15
5076.81 7.6665e-15 7.6665e-15
5083.1 8.29793e-15 8.29793e-15
5089.38 7.6615e-15 7.6615e-15
5095.66 8.26598e-15 8.26598e-15
5101.95 7.65627e-15 7.65627e-15
5108.23 8.2349e-15 8.2349e-15
5114.51 7.65082e-15 7.65082e-15
5120.8 8.20466e-15 8.20466e-15
5127.08 7.64518e-15 7.64518e-15
5133.36 8.17523e-15 8.17523e-15
5139.65 7.63935e-15 7.63935e-15
5145.93 8.14657e-15 8.14657e-15
5152.21 7.63334e-15 7.63334e-15
5158.5 8.11867e-15 8.11867e-15
5164.78 7.62717e-15 7.62717e-15
5171.06 8.0915e-15 8.0915e-15
5177.34 7.62083e-15 7.62083e-15
5183.63 8.06502e-15 8.06502e-15
5189.91 7.61436e-15 7.61436e-15
5196.19 8.03923e-15 8.03923e-15
5202.48 7.60775e-15 7.60775e-15
5208.76 8.01409e-15 8.01409e-15
5215.04 7.60101e-15 7.60101e-15
5221.33 7.98958e-15 7.98958e-15
5227.61 7.59416e-15 7.59416e-15
5233.89 7.96569e-15 7.96569e-15
5240.18 7.5872e-15 7.5872e-15
5246.46 7.9424e-15 7.9424e-15
5252.74 7.58014e-15 7.58014e-15
5259.03 7.91967e-15 7.91967e-15
5265.31 7.573e-15 7.573e-15
5271.59 7.89751e-15 7.89751e-15
5277.88 7.56577e-15 7.56577e-15
5284.16 7.87588e-15 7.87588e-15
5290.44 7.55847e-15 7.55847e-15
5296.73 7.85478e-15 7.85478e-15
5303.01 7.55111e-15 7.55111e-15
5309.29 7.83419e-15 7.83419e-15
5315.57 7.54368e-15 7.54368e-15
5321.86 7.81408e-15 7.81408e-15
5328.14 7.53621e-15 7.53621e-15
5334.42 7.79446e-15 7.79446e-15
5340.71 7.5287e-15 7.5287e-15
5346.99 7.77529e-15 7.77529e-15
5353.27 7.52115e-15 7.52115e-15
5359.56 7.75658e-15 7.75658e-15
5365.84 7.51357e-15 7.51357e-15
5372.12 7.73831e-15 7.73831e-15
5378.41 7.50597e-15 7.50597e-15
5384.69 7.72046e-15 7.72046e-15
5390.97 7.49835e-15 7.49835e-15
5397.26 7.70302e-15 7.70302e-15
5403.54 7.49072e-15 7.49072e-15
5409.82 7.68598e-15 7.68598e-15
5416.11 7.48309e-15 7.48309e-15
5422.39 7.66934e-15 7.66934e-15
5428.67 7.47546e-15 7.47546e-15
5434.96 7.65307e-15 7.65307e-15
5441.24 7.46783e-15 7.46783e-15
5447.52 7.63718e-15 7.63718e-15
5453.8 7.46021e-15 7.46021e-15
5460.09 7.62164e-15 7.62164e-15
5466.37 7.45261e-15 7.45261e-15
5472.65 7.60646e-15 7.60646e-15
5478.94 7.44503e-15 7.44503e-15
5485.22 7.59162e-15 7.59162e-15
5491.5 7.43748e-15 7.43748e-15
5497.79 7.57712e-15 7.57712e-15
5504.07 7.42995e-15 7.42995e-15
5510.35 7.56294e-15 7.56294e-15
5516.64 7.42246e-15 7.42246e-15
5522.92 7.54908e-15 7.54908e-15
5529.2 7.41501e-15 7.41501e-15
5535.49 7.53553e-15 7.53553e-15
5541.77 7.4076e-15 7.4076e-15
5548.05 7.52228e-15 7.52228e-15
5554.34 7.40023e-15 7.40023e-15
5560.62 7.50934e-15 7.50934e-15
5566.9 7.39291e-15 7.39291e-15
5573.19 7.49668e-15 7.49668e-15
5579.47 7.38565e-15 7.38565e-15
5585.75 7.4843e-15 7.4843e-15
5592.03 7.37844e-15 7.37844e-15
5598.32 7.47221e-15 7.47221e-15
5604.6 7.37129e-15 7.37129e-15
5610.88 7.46038e-15 7.46038e-15
5617.17 7.36421e-15 7.36421e-15
5623.45 7.44882e-15 7.44882e-15
5629.73 7.35719e-15 7.35719e-15
5636.02 7.43753e-15 7.43753e-15
5642.3 7.35024e-15 7.35024e-15
5648.58 7.42649e-15 7.42649e-15
5654.87 7.34336e-15 7.34336e-15
5661.15 7.4157e-15 7.4157e-15
5667.43 7.33655e-15 7.33655e-15
5673.72 7.40515e-15 7.40515e-15
5680 7.32982e-15 7.32982e-15
5686.28 7.39485e-15 7.39485e-15
5692.57 7.32316e-15 7.32316e-15
5698.85 7.38478e-15 7.38478e-15
5705.13 7.31659e-15 7.31659e-15
5711.42 7.37495e-15 7.37495e-15
5717.7 7.3101e-15 7.3101e-15
5723.98 7.36534e-15 7.36534e-15
5730.27 7.30369e-15 7.30369e-15
5736.55 7.35596e-15 7.35596e-15
5742.83 7.29738e-15 7.29738e-15
5749.11 7.3468e-15 7.3468e-15
5755.4 7.29115e-15 7.29115e-15
5761.68 7.33786e-15 7.33786e-15
5767.96 7.28501e-15 7.28501e-15
5774.25 7.32913e-15 7.32913e-15
5780.53 7.27896e-15 7.27896e-15
5786.81 7.32061e-15 7.32061e-15
5793.1 7.27301e-15 7.27301e-15
5799.38 7.3123e-15 7.3123e-15
5805.66 7.26715e-15 7.26715e-15
5811.95 7.30419e-15 7.30419e-15
5818.23 7.26139e-15 7.26139e-15
5824.51 7.29629e-15 7.29629e-15
5830.8 7.25573e-15 7.25573e-15
5837.08 7.28858e-15 7.28858e-15
5843.36 7.25017e-15 7.25017e-15
5849.65 7.28107e-15 7.28107e-15
5855.93 7.24471e-15 7.24471e-15
5862.21 7.27375e-15 7.27375e-15
5868.5 7.23936e-15 7.23936e-15
5874.78 7.26662e-15 7.26662e-15
5881.06 7.2341e-15 7.2341e-15
5887.34 7.25968e-15 7.25968e-15
5893.63 7.22896e-15 7.22896e-15
5899.91 7.25293e-15 7.25293e-15
5906.19 7.22392e-15 7.22392e-15
5912.48 7.24636e-15 7.24636e-15
5918.76 7.21898e-15 7.21898e-15
5925.04 7.23997e-15 7.23997e-15
5931.33 7.21416e-15 7.21416e-15
5937.61 7.23376e-15 7.23376e-15
5943.89 7.20944e-15 7.20944e-15
5950.18 7.22773e-15 7.22773e-15
5956.46 7.20483e-15 7.20483e-15
5962.74 7.22187e-15 7.22187e-15
5969.03 7.20034e-15 7.20034e-15
5975.31 7.21618e-15 7.21618e-15
5981.59 7.19595e-15 7.19595e-15
5987.88 7.21067e-15 7.21067e-15
5994.16 7.19168e-15 7.19168e-15
6000.44 7.20533e-15 7.20533e-15
6006.73 7.18753e-15 7.18753e-15
6013.01 7.20016e-15 7.20016e-15
6019.29 7.18348e-15 7.18348e-15
6025.57 7.19515e-15 7.19515e-15
6031.86 7.17955e-15 7.17955e-15
6038.14 7.19031e-15 7.19031e-15
6044.42 7.17574e-15 7.17574e-15
6050.71 7.18563e-15 7.18563e-15
6056.99 7.17204e-15 7.17204e-15
6063.27 7.18112e-15 7.18112e-15
6069.56 7.16846e-15 7.16846e-15
6075.84 7.17677e-15 7.17677e-15
6082.12 7.165e-15 7.165e-15
6088.41 7.17258e-15 7.17258e-15
6094.69 7.16165e-15 7.16165e-15
6100.97 7.16855e-15 7.16855e-15
6107.26 7.15842e-15 7.15842e-15
6113.54 7.16467e-15 7.16467e-15
6119.82 7.15531e-15 7.15531e-15
6126.11 7.16096e-15 7.16096e-15
6132.39 7.15232e-15 7.15232e-15
6138.67 7.1574e-15 7.1574e-15
6144.96 7.14945e-15 7.14945e-15
6151.24 7.15399e-15 7.15399e-15
6157.52 7.14669e-15 7.14669e-15
6163.8 7.15074e-15 7.15074e-15
6170.09 7.14406e-15 7.14406e-15
6176.37 7.14764e-15 7.14764e-15
6182.65 7.14155e-15 7.14155e-15
6188.94 7.14469e-15 7.14469e-15
6195.22 7.13916e-15 7.13916e-15
6201.5 7.1419e-15 7.1419e-15
6207.79 7.13689e-15 7.13689e-15
6214.07 7.13926e-15 7.13926e-15
6220.35 7.13474e-15 7.13474e-15
6226.64 7.13677e-15 7.13677e-15
6232.92 7.13271e-15 7.13271e-15
6239.2 7.13442e-15 7.13442e-15
6245.49 7.1308e-15 7.1308e-15
6251.77 7.13223e-15 7.13223e-15
6258.05 7.12902e-15 7.12902e-15
6264.34 7.13019e-15 7.13019e-15
6270.62 7.12736e-15 7.12736e-15
6276.9 7.12829e-15 7.12829e-15
6283.19 7.12582e-15 7.12582e-15
6289.47 7.12654e-15 7.12654e-15
6295.75 7.1244e-15 7.1244e-15
6302.03 7.12494e-15 7.12494e-15
6308.32 7.12311e-15 7.12311e-15
6314.6 7.12349e-15 7.12349e-15
6320.88 7.12193e-15 7.12193e-15
6327.17 7.12218e-15 7.12218e-15
6333.45 7.12089e-15 7.12089e-15
6339.73 7.12102e-15 7.12102e-15
6346.02 7.11996e-15 7.11996e-15
6352.3 7.12e-15 7.12e-15
6358.58 7.11916e-15 7.11916e-15
6364.87 7.11913e-15 7.11913e-15
6371.15 7.11848e-15 7.11848e-15
6377.43 7.1184e-15 7.1184e-15
6383.72 7.11792e-15 7.11792e-15
6390 7.11782e-15 7.11782e-15
6396.28 7.11749e-15 7.11749e-15
6402.57 7.11739e-15 7.11739e-15
6408.85 7.11718e-15 7.11718e-15
6415.13 7.1171e-15 7.1171e-15
6421.42 7.117e-15 7.117e-15
6427.7 7.11695e-15 7.11695e-15
6433.98 7.11694e-15 7.11694e-15
