0 8.48526e-14 8.48526e-14
6.28319 0.138833 0.138833
12.5664 0.029788 0.029788
18.8496 0.0124412 0.0124412
25.1327 0.00677134 0.00677134
31.4159 0.00425062 0.00425062
37.6991 0.0029128 0.0029128
43.9823 0.00212234 0.00212234
50.2655 0.00161317 0.00161317
56.5487 0.00126962 0.00126962
62.8319 0.00102334 0.00102334
69.115 0.000844269 0.000844269
75.3982 0.000706631 0.000706631
81.6814 0.000601814 0.000601814
87.9646 0.000517091 0.000517091
94.2478 0.000450581 0.000450581
100.531 0.000394702 0.000394702
106.814 0.000349914 0.000349914
113.097 0.000311101 0.000311101
119.381 0.00027953 0.00027953
125.664 0.000251464 0.000251464
131.947 0.000228389 0.000228389
138.23 0.000207432 0.000207432
144.513 0.000190061 0.000190061
150.796 0.000173994 0.000173994
157.08 0.000160597 0.000160597
163.363 0.000148005 0.000148005
169.646 0.000137458 0.000137458
175.929 0.000127404 0.000127404
182.212 0.000118954 0.000118954
188.496 0.000110798 0.000110798
194.779 0.000103926 0.000103926
201.062 9.72157e-05 9.72157e-05
207.345 9.15539e-05 9.15539e-05
213.628 8.59656e-05 8.59656e-05
219.911 8.12467e-05 8.12467e-05
226.195 7.65424e-05 7.65424e-05
232.478 7.25692e-05 7.25692e-05
238.761 6.85708e-05 6.85708e-05
245.044 6.51949e-05 6.51949e-05
251.327 6.17674e-05 6.17674e-05
257.611 5.88754e-05 5.88754e-05
263.894 5.59144e-05 5.59144e-05
270.177 5.34187e-05 5.34187e-05
276.46 5.08427e-05 5.08427e-05
282.743 4.86746e-05 4.86746e-05
289.027 4.64193e-05 4.64193e-05
295.31 4.45242e-05 4.45242e-05
301.593 4.25382e-05 4.25382e-05
307.876 4.08725e-05 4.08725e-05
314.159 3.91142e-05 3.91142e-05
320.442 3.76427e-05 3.76427e-05
326.726 3.60784e-05 3.60784e-05
333.009 3.47722e-05 3.47722e-05
339.292 3.33742e-05 3.33742e-05
345.575 3.22097e-05 3.22097e-05
351.858 3.09551e-05 3.09551e-05
358.142 2.99127e-05 2.99127e-05
364.425 2.87824e-05 2.87824e-05
370.708 2.78458e-05 2.78458e-05
376.991 2.68237e-05 2.68237e-05
383.274 2.59792e-05 2.59792e-05
389.557 2.50519e-05 2.50519e-05
395.841 2.42879e-05 2.42879e-05
402.124 2.3444e-05 2.3444e-05
408.407 2.27507e-05 2.27507e-05
414.69 2.19803e-05 2.19803e-05
420.973 2.13494e-05 2.13494e-05
427.257 2.06442e-05 2.06442e-05
433.54 2.00686e-05 2.00686e-05
439.823 1.94214e-05 1.94214e-05
446.106 1.88947e-05 1.88947e-05
452.389 1.82993e-05 1.82993e-05
458.673 1.78163e-05 1.78163e-05
464.956 1.72672e-05 1.72672e-05
471.239 1.68233e-05 1.68233e-05
477.522 1.63159e-05 1.63159e-05
483.805 1.5907e-05 1.5907e-05
490.088 1.5437e-05 1.5437e-05
496.372 1.50596e-05 1.50596e-05
502.655 1.46235e-05 1.46235e-05
508.938 1.42745e-05 1.42745e-05
515.221 1.38691e-05 1.38691e-05
521.504 1.35457e-05 1.35457e-05
527.788 1.31681e-05 1.31681e-05
534.071 1.2868e-05 1.2868e-05
540.354 1.25158e-05 1.25158e-05
546.637 1.22368e-05 1.22368e-05
552.92 1.19076e-05 1.19076e-05
559.203 1.16478e-05 1.16478e-05
565.487 1.13398e-05 1.13398e-05
571.77 1.10976e-05 1.10976e-05
578.053 1.08089e-05 1.08089e-05
584.336 1.05827e-05 1.05827e-05
590.619 1.03117e-05 1.03117e-05
596.903 1.01002e-05 1.01002e-05
603.186 9.84556e-06 9.84556e-06
609.469 9.64743e-06 9.64743e-06
615.752 9.40787e-06 9.40787e-06
622.035 9.22209e-06 9.22209e-06
628.319 8.9964e-06 8.9964e-06
634.602 8.822e-06 8.822e-06
640.885 8.60913e-06 8.60913e-06
647.168 8.44522e-06 8.44522e-06
653.451 8.24421e-06 8.24421e-06
659.734 8.08999e-06 8.08999e-06
666.018 7.89997e-06 7.89997e-06
672.301 7.75471e-06 7.75471e-06
678.584 7.5749e-06 7.5749e-06
684.867 7.43794e-06 7.43794e-06
691.15 7.26763e-06 7.26763e-06
697.434 7.13835e-06 7.13835e-06
703.717 6.97688e-06 6.97688e-06
710 6.85475e-06 6.85475e-06
716.283 6.70151e-06 6.70151e-06
722.566 6.58603e-06 6.58603e-06
728.849 6.44048e-06 6.44048e-06
735.133 6.33119e-06 6.33119e-06
741.416 6.19282e-06 6.19282e-06
747.699 6.08929e-06 6.08929e-06
753.982 5.95765e-06 5.95765e-06
760.265 5.8595e-06 5.8595e-06
766.549 5.73416e-06 5.73416e-06
772.832 5.64104e-06 5.64104e-06
779.115 5.5216e-06 5.5216e-06
785.398 5.43318e-06 5.43318e-06
791.681 5.31928e-06 5.31928e-06
797.965 5.23527e-06 5.23527e-06
804.248 5.12658e-06 5.12658e-06
810.531 5.04669e-06 5.04669e-06
816.814 4.9429e-06 4.9429e-06
823.097 4.86688e-06 4.86688e-06
829.38 4.7677e-06 4.7677e-06
835.664 4.69532e-06 4.69532e-06
841.947 4.60048e-06 4.60048e-06
848.23 4.53152e-06 4.53152e-06
854.513 4.44078e-06 4.44078e-06
860.796 4.37503e-06 4.37503e-06
867.08 4.28817e-06 4.28817e-06
873.363 4.22545e-06 4.22545e-06
879.646 4.14224e-06 4.14224e-06
885.929 4.08237e-06 4.08237e-06
892.212 4.00262e-06 4.00262e-06
898.495 3.94544e-06 3.94544e-06
904.779 3.86896e-06 3.86896e-06
911.062 3.81432e-06 3.81432e-06
917.345 3.74094e-06 3.74094e-06
923.628 3.6887e-06 3.6887e-06
929.911 3.61826e-06 3.61826e-06
936.195 3.56829e-06 3.56829e-06
942.478 3.50063e-06 3.50063e-06
948.761 3.45281e-06 3.45281e-06
955.044 3.3878e-06 3.3878e-06
961.327 3.342e-06 3.342e-06
967.611 3.27951e-06 3.27951e-06
973.894 3.23564e-06 3.23564e-06
980.177 3.17553e-06 3.17553e-06
986.46 3.13348e-06 3.13348e-06
992.743 3.07565e-06 3.07565e-06
999.026 3.03533e-06 3.03533e-06
1005.31 2.97966e-06 2.97966e-06
1011.59 2.94098e-06 2.94098e-06
1017.88 2.88737e-06 2.88737e-06
1024.16 2.85026e-06 2.85026e-06
1030.44 2.79861e-06 2.79861e-06
1036.73 2.76298e-06 2.76298e-06
1043.01 2.7132e-06 2.7132e-06
1049.29 2.67898e-06 2.67898e-06
1055.58 2.63098e-06 2.63098e-06
1061.86 2.59811e-06 2.59811e-06
1068.14 2.55182e-06 2.55182e-06
1074.42 2.52021e-06 2.52021e-06
1080.71 2.47555e-06 2.47555e-06
1086.99 2.44517e-06 2.44517e-06
1093.27 2.40206e-06 2.40206e-06
1099.56 2.37284e-06 2.37284e-06
1105.84 2.33122e-06 2.33122e-06
1112.12 2.3031e-06 2.3031e-06
1118.41 2.2629e-06 2.2629e-06
1124.69 2.23584e-06 2.23584e-06
1130.97 2.19701e-06 2.19701e-06
1137.26 2.17095e-06 2.17095e-06
1143.54 2.13342e-06 2.13342e-06
1149.82 2.10832e-06 2.10832e-06
1156.11 2.07204e-06 2.07204e-06
1162.39 2.04787e-06 2.04787e-06
1168.67 2.01278e-06 2.01278e-06
1174.96 1.98949e-06 1.98949e-06
1181.24 1.95555e-06 1.95555e-06
1187.52 1.93309e-06 1.93309e-06
1193.81 1.90026e-06 1.90026e-06
1200.09 1.8786e-06 1.8786e-06
1206.37 1.84682e-06 1.84682e-06
1212.65 1.82594e-06 1.82594e-06
1218.94 1.79517e-06 1.79517e-06
1225.22 1.77502e-06 1.77502e-06
1231.5 1.74523e-06 1.74523e-06
1237.79 1.72579e-06 1.72579e-06
1244.07 1.69694e-06 1.69694e-06
1250.35 1.67817e-06 1.67817e-06
1256.64 1.65022e-06 1.65022e-06
1262.92 1.6321e-06 1.6321e-06
1269.2 1.60501e-06 1.60501e-06
1275.49 1.58751e-06 1.58751e-06
1281.77 1.56126e-06 1.56126e-06
1288.05 1.54436e-06 1.54436e-06
1294.34 1.5189e-06 1.5189e-06
1300.62 1.50257e-06 1.50257e-06
1306.9 1.47789e-06 1.47789e-06
1313.19 1.46211e-06 1.46211e-06
1319.47 1.43817e-06 1.43817e-06
1325.75 1.42291e-06 1.42291e-06
1332.04 1.39969e-06 1.39969e-06
1338.32 1.38494e-06 1.38494e-06
1344.6 1.3624e-06 1.3624e-06
1350.88 1.34815e-06 1.34815e-06
1357.17 1.32627e-06 1.32627e-06
1363.45 1.31248e-06 1.31248e-06
1369.73 1.29125e-06 1.29125e-06
1376.02 1.27791e-06 1.27791e-06
1382.3 1.2573e-06 1.2573e-06
1388.58 1.24439e-06 1.24439e-06
1394.87 1.22437e-06 1.22437e-06
1401.15 1.21188e-06 1.21188e-06
1407.43 1.19244e-06 1.19244e-06
1413.72 1.18035e-06 1.18035e-06
1420 1.16146e-06 1.16146e-06
1426.28 1.14976e-06 1.14976e-06
1432.57 1.13141e-06 1.13141e-06
1438.85 1.12008e-06 1.12008e-06
1445.13 1.10225e-06 1.10225e-06
1451.42 1.09128e-06 1.09128e-06
1457.7 1.07394e-06 1.07394e-06
1463.98 1.06332e-06 1.06332e-06
1470.27 1.04646e-06 1.04646e-06
1476.55 1.03617e-06 1.03617e-06
1482.83 1.01979e-06 1.01979e-06
1489.11 1.00982e-06 1.00982e-06
1495.4 9.93886e-07 9.93886e-07
1501.68 9.84224e-07 9.84224e-07
1507.96 9.68729e-07 9.68729e-07
1514.25 9.59365e-07 9.59365e-07
1520.53 9.44293e-07 9.44293e-07
1526.81 9.35218e-07 9.35218e-07
1533.1 9.20555e-07 9.20555e-07
1539.38 9.11757e-07 9.11757e-07
1545.66 8.9749e-07 8.9749e-07
1551.95 8.88961e-07 8.88961e-07
1558.23 8.75077e-07 8.75077e-07
1564.51 8.66807e-07 8.66807e-07
1570.8 8.53294e-07 8.53294e-07
1577.08 8.45274e-07 8.45274e-07
1583.36 8.32121e-07 8.32121e-07
1589.65 8.24342e-07 8.24342e-07
1595.93 8.11537e-07 8.11537e-07
1602.21 8.03991e-07 8.03991e-07
1608.5 7.91524e-07 7.91524e-07
1614.78 7.84204e-07 7.84204e-07
1621.06 7.72063e-07 7.72063e-07
1627.34 7.64961e-07 7.64961e-07
1633.63 7.53137e-07 7.53137e-07
1639.91 7.46245e-07 7.46245e-07
1646.19 7.34728e-07 7.34728e-07
1652.48 7.2804e-07 7.2804e-07
1658.76 7.16821e-07 7.16821e-07
1665.04 7.1033e-07 7.1033e-07
1671.33 6.994e-07 6.994e-07
1677.61 6.931e-07 6.931e-07
1683.89 6.8245e-07 6.8245e-07
1690.18 6.76334e-07 6.76334e-07
1696.46 6.65955e-07 6.65955e-07
1702.74 6.60017e-07 6.60017e-07
1709.03 6.49903e-07 6.49903e-07
1715.31 6.44138e-07 6.44138e-07
1721.59 6.34279e-07 6.34279e-07
1727.88 6.28681e-07 6.28681e-07
1734.16 6.19071e-07 6.19071e-07
1740.44 6.13634e-07 6.13634e-07
1746.73 6.04265e-07 6.04265e-07
1753.01 5.98985e-07 5.98985e-07
1759.29 5.8985e-07 5.8985e-07
1765.58 5.84721e-07 5.84721e-07
1771.86 5.75814e-07 5.75814e-07
1778.14 5.70832e-07 5.70832e-07
1784.42 5.62146e-07 5.62146e-07
1790.71 5.57306e-07 5.57306e-07
1796.99 5.48835e-07 5.48835e-07
1803.27 5.44133e-07 5.44133e-07
1809.56 5.3587e-07 5.3587e-07
1815.84 5.31301e-07 5.31301e-07
1822.12 5.23241e-07 5.23241e-07
1828.41 5.18801e-07 5.18801e-07
1834.69 5.10938e-07 5.10938e-07
1840.97 5.06624e-07 5.06624e-07
1847.26 4.98952e-07 4.98952e-07
1853.54 4.94759e-07 4.94759e-07
1859.82 4.87274e-07 4.87274e-07
1866.11 4.83199e-07 4.83199e-07
1872.39 4.75894e-07 4.75894e-07
1878.67 4.71933e-07 4.71933e-07
1884.96 4.64805e-07 4.64805e-07
1891.24 4.60955e-07 4.60955e-07
1897.52 4.53997e-07 4.53997e-07
1903.81 4.50254e-07 4.50254e-07
1910.09 4.43463e-07 4.43463e-07
1916.37 4.39825e-07 4.39825e-07
1922.65 4.33196e-07 4.33196e-07
1928.94 4.29658e-07 4.29658e-07
1935.22 4.23186e-07 4.23186e-07
1941.5 4.19747e-07 4.19747e-07
1947.79 4.13429e-07 4.13429e-07
1954.07 4.10084e-07 4.10084e-07
1960.35 4.03915e-07 4.03915e-07
1966.64 4.00663e-07 4.00663e-07
1972.92 3.94639e-07 3.94639e-07
1979.2 3.91476e-07 3.91476e-07
1985.49 3.85594e-07 3.85594e-07
1991.77 3.82518e-07 3.82518e-07
1998.05 3.76773e-07 3.76773e-07
2004.34 3.73782e-07 3.73782e-07
2010.62 3.68171e-07 3.68171e-07
2016.9 3.65261e-07 3.65261e-07
2023.19 3.59781e-07 3.59781e-07
2029.47 3.56951e-07 3.56951e-07
2035.75 3.51598e-07 3.51598e-07
2042.04 3.48845e-07 3.48845e-07
2048.32 3.43615e-07 3.43615e-07
2054.6 3.40937e-07 3.40937e-07
2060.88 3.35828e-07 3.35828e-07
2067.17 3.33223e-07 3.33223e-07
2073.45 3.28232e-07 3.28232e-07
2079.73 3.25697e-07 3.25697e-07
2086.02 3.2082e-07 3.2082e-07
2092.3 3.18354e-07 3.18354e-07
2098.58 3.13588e-07 3.13588e-07
2104.87 3.11189e-07 3.11189e-07
2111.15 3.06532e-07 3.06532e-07
2117.43 3.04198e-07 3.04198e-07
2123.72 2.99647e-07 2.99647e-07
2130 2.97375e-07 2.97375e-07
2136.28 2.92927e-07 2.92927e-07
2142.57 2.90717e-07 2.90717e-07
2148.85 2.86369e-07 2.86369e-07
2155.13 2.84218e-07 2.84218e-07
2161.42 2.79969e-07 2.79969e-07
2167.7 2.77876e-07 2.77876e-07
2173.98 2.73722e-07 2.73722e-07
2180.27 2.71685e-07 2.71685e-07
2186.55 2.67624e-07 2.67624e-07
2192.83 2.65642e-07 2.65642e-07
2199.11 2.61672e-07 2.61672e-07
2205.4 2.59742e-07 2.59742e-07
2211.68 2.55861e-07 2.55861e-07
2217.96 2.53983e-07 2.53983e-07
2224.25 2.50188e-07 2.50188e-07
2230.53 2.48361e-07 2.48361e-07
2236.81 2.4465e-07 2.4465e-07
2243.1 2.42871e-07 2.42871e-07
2249.38 2.39243e-07 2.39243e-07
2255.66 2.37511e-07 2.37511e-07
2261.95 2.33963e-07 2.33963e-07
2268.23 2.32277e-07 2.32277e-07
2274.51 2.28807e-07 2.28807e-07
2280.8 2.27166e-07 2.27166e-07
2287.08 2.23772e-07 2.23772e-07
2293.36 2.22175e-07 2.22175e-07
2299.65 2.18856e-07 2.18856e-07
2305.93 2.173e-07 2.173e-07
2312.21 2.14054e-07 2.14054e-07
2318.5 2.1254e-07 2.1254e-07
2324.78 2.09364e-07 2.09364e-07
2331.06 2.0789e-07 2.0789e-07
2337.34 2.04784e-07 2.04784e-07
2343.63 2.03349e-07 2.03349e-07
2349.91 2.0031e-07 2.0031e-07
2356.19 1.98913e-07 1.98913e-07
2362.48 1.9594e-07 1.9594e-07
2368.76 1.9458e-07 1.9458e-07
2375.04 1.91671e-07 1.91671e-07
2381.33 1.90347e-07 1.90347e-07
2387.61 1.87501e-07 1.87501e-07
2393.89 1.86212e-07 1.86212e-07
2400.18 1.83427e-07 1.83427e-07
2406.46 1.82172e-07 1.82172e-07
2412.74 1.79447e-07 1.79447e-07
2419.03 1.78224e-07 1.78224e-07
2425.31 1.75558e-07 1.75558e-07
2431.59 1.74368e-07 1.74368e-07
2437.88 1.71759e-07 1.71759e-07
2444.16 1.706e-07 1.706e-07
2450.44 1.68047e-07 1.68047e-07
2456.73 1.66918e-07 1.66918e-07
2463.01 1.64419e-07 1.64419e-07
2469.29 1.6332e-07 1.6332e-07
2475.58 1.60874e-07 1.60874e-07
2481.86 1.59804e-07 1.59804e-07
2488.14 1.5741e-07 1.5741e-07
2494.42 1.56368e-07 1.56368e-07
2500.71 1.54025e-07 1.54025e-07
2506.99 1.5301e-07 1.5301e-07
2513.27 1.50717e-07 1.50717e-07
2519.56 1.49728e-07 1.49728e-07
2525.84 1.47483e-07 1.47483e-07
2532.12 1.4652e-07 1.4652e-07
2538.41 1.44323e-07 1.44323e-07
2544.69 1.43385e-07 1.43385e-07
2550.97 1.41234e-07 1.41234e-07
2557.26 1.40321e-07 1.40321e-07
2563.54 1.38215e-07 1.38215e-07
2569.82 1.37326e-07 1.37326e-07
2576.11 1.35263e-07 1.35263e-07
2582.39 1.34397e-07 1.34397e-07
2588.67 1.32379e-07 1.32379e-07
2594.96 1.31535e-07 1.31535e-07
2601.24 1.29558e-07 1.29558e-07
2607.52 1.28737e-07 1.28737e-07
2613.81 1.26801e-07 1.26801e-07
2620.09 1.26001e-07 1.26001e-07
2626.37 1.24106e-07 1.24106e-07
2632.65 1.23327e-07 1.23327e-07
2638.94 1.21471e-07 1.21471e-07
2645.22 1.20712e-07 1.20712e-07
2651.5 1.18894e-07 1.18894e-07
2657.79 1.18155e-07 1.18155e-07
2664.07 1.16375e-07 1.16375e-07
2670.35 1.15655e-07 1.15655e-07
2676.64 1.13912e-07 1.13912e-07
2682.92 1.13211e-07 1.13211e-07
2689.2 1.11504e-07 1.11504e-07
2695.49 1.10821e-07 1.10821e-07
2701.77 1.09149e-07 1.09149e-07
2708.05 1.08483e-07 1.08483e-07
2714.34 1.06846e-07 1.06846e-07
2720.62 1.06198e-07 1.06198e-07
2726.9 1.04594e-07 1.04594e-07
2733.19 1.03963e-07 1.03963e-07
2739.47 1.02391e-07 1.02391e-07
2745.75 1.01777e-07 1.01777e-07
2752.04 1.00237e-07 1.00237e-07
2758.32 9.96386e-08 9.96386e-08
2764.6 9.81308e-08 9.81308e-08
2770.88 9.75477e-08 9.75477e-08
2777.17 9.60706e-08 9.60706e-08
2783.45 9.55026e-08 9.55026e-08
2789.73 9.40555e-08 9.40555e-08
2796.02 9.35024e-08 9.35024e-08
2802.3 9.20846e-08 9.20846e-08
2808.58 9.15458e-08 9.15458e-08
2814.87 9.01569e-08 9.01569e-08
2821.15 8.96321e-08 8.96321e-08
2827.43 8.82712e-08 8.82712e-08
2833.72 8.776e-08 8.776e-08
2840 8.64266e-08 8.64266e-08
2846.28 8.59287e-08 8.59287e-08
2852.57 8.46223e-08 8.46223e-08
2858.85 8.41373e-08 8.41373e-08
2865.13 8.28572e-08 8.28572e-08
2871.42 8.23848e-08 8.23848e-08
2877.7 8.11304e-08 8.11304e-08
2883.98 8.06703e-08 8.06703e-08
2890.27 7.94411e-08 7.94411e-08
2896.55 7.89929e-08 7.89929e-08
2902.83 7.77883e-08 7.77883e-08
2909.11 7.73518e-08 7.73518e-08
2915.4 7.61714e-08 7.61714e-08
2921.68 7.57462e-08 7.57462e-08
2927.96 7.45894e-08 7.45894e-08
2934.25 7.41752e-08 7.41752e-08
2940.53 7.30415e-08 7.30415e-08
2946.81 7.26381e-08 7.26381e-08
2953.1 7.1527e-08 7.1527e-08
2959.38 7.11341e-08 7.11341e-08
2965.66 7.0045e-08 7.0045e-08
2971.95 6.96623e-08 6.96623e-08
2978.23 6.8595e-08 6.8595e-08
2984.51 6.82222e-08 6.82222e-08
2990.8 6.7176e-08 6.7176e-08
2997.08 6.6813e-08 6.6813e-08
3003.36 6.57875e-08 6.57875e-08
3009.65 6.54339e-08 6.54339e-08
3015.93 6.44287e-08 6.44287e-08
3022.21 6.40843e-08 6.40843e-08
3028.5 6.3099e-08 6.3099e-08
3034.78 6.27636e-08 6.27636e-08
3041.06 6.17977e-08 6.17977e-08
3047.34 6.1471e-08 6.1471e-08
3053.63 6.05242e-08 6.05242e-08
3059.91 6.02059e-08 6.02059e-08
3066.19 5.92778e-08 5.92778e-08
3072.48 5.89678e-08 5.89678e-08
3078.76 5.80579e-08 5.80579e-08
3085.04 5.7756e-08 5.7756e-08
3091.33 5.68639e-08 5.68639e-08
3097.61 5.65699e-08 5.65699e-08
3103.89 5.56953e-08 5.56953e-08
3110.18 5.54089e-08 5.54089e-08
3116.46 5.45515e-08 5.45515e-08
3122.74 5.42726e-08 5.42726e-08
3129.03 5.34319e-08 5.34319e-08
3135.31 5.31603e-08 5.31603e-08
3141.59 5.2336e-08 5.2336e-08
3147.88 5.20715e-08 5.20715e-08
3154.16 5.12633e-08 5.12633e-08
3160.44 5.10056e-08 5.10056e-08
3166.73 5.02132e-08 5.02132e-08
3173.01 4.99622e-08 4.99622e-08
3179.29 4.91853e-08 4.91853e-08
3185.57 4.89408e-08 4.89408e-08
3191.86 4.8179e-08 4.8179e-08
3198.14 4.79409e-08 4.79409e-08
3204.42 4.71938e-08 4.71938e-08
3210.71 4.6962e-08 4.6962e-08
3216.99 4.62294e-08 4.62294e-08
3223.27 4.60036e-08 4.60036e-08
3229.56 4.52852e-08 4.52852e-08
3235.84 4.50653e-08 4.50653e-08
3242.12 4.43608e-08 4.43608e-08
3248.41 4.41467e-08 4.41467e-08
3254.69 4.34558e-08 4.34558e-08
3260.97 4.32472e-08 4.32472e-08
3267.26 4.25697e-08 4.25697e-08
3273.54 4.23666e-08 4.23666e-08
3279.82 4.17021e-08 4.17021e-08
3286.11 4.15043e-08 4.15043e-08
3292.39 4.08526e-08 4.08526e-08
3298.67 4.066e-08 4.066e-08
3304.96 4.00209e-08 4.00209e-08
3311.24 3.98333e-08 3.98333e-08
3317.52 3.92064e-08 3.92064e-08
3323.81 3.90237e-08 3.90237e-08
3330.09 3.84089e-08 3.84089e-08
3336.37 3.8231e-08 3.8231e-08
3342.65 3.7628e-08 3.7628e-08
3348.94 3.74548e-08 3.74548e-08
3355.22 3.68633e-08 3.68633e-08
3361.5 3.66946e-08 3.66946e-08
3367.79 3.61145e-08 3.61145e-08
3374.07 3.59502e-08 3.59502e-08
3380.35 3.53812e-08 3.53812e-08
3386.64 3.52212e-08 3.52212e-08
3392.92 3.4663e-08 3.4663e-08
3399.2 3.45072e-08 3.45072e-08
3405.49 3.39597e-08 3.39597e-08
3411.77 3.3808e-08 3.3808e-08
3418.05 3.3271e-08 3.3271e-08
3424.34 3.31233e-08 3.31233e-08
3430.62 3.25964e-08 3.25964e-08
3436.9 3.24526e-08 3.24526e-08
3443.19 3.19358e-08 3.19358e-08
3449.47 3.17957e-08 3.17957e-08
3455.75 3.12887e-08 3.12887e-08
3462.04 3.11523e-08 3.11523e-08
3468.32 3.0655e-08 3.0655e-08
3474.6 3.05222e-08 3.05222e-08
3480.88 3.00343e-08 3.00343e-08
3487.17 2.9905e-08 2.9905e-08
3493.45 2.94263e-08 2.94263e-08
3499.73 2.93004e-08 2.93004e-08
3506.02 2.88308e-08 2.88308e-08
3512.3 2.87083e-08 2.87083e-08
3518.58 2.82475e-08 2.82475e-08
3524.87 2.81282e-08 2.81282e-08
3531.15 2.76762e-08 2.76762e-08
3537.43 2.756e-08 2.756e-08
3543.72 2.71166e-08 2.71166e-08
3550 2.70034e-08 2.70034e-08
3556.28 2.65683e-08 2.65683e-08
3562.57 2.64582e-08 2.64582e-08
3568.85 2.60313e-08 2.60313e-08
3575.13 2.5924e-08 2.5924e-08
3581.42 2.55052e-08 2.55052e-08
3587.7 2.54008e-08 2.54008e-08
3593.98 2.49899e-08 2.49899e-08
3600.27 2.48882e-08 2.48882e-08
3606.55 2.4485e-08 2.4485e-08
3612.83 2.4386e-08 2.4386e-08
3619.11 2.39904e-08 2.39904e-08
3625.4 2.3894e-08 2.3894e-08
3631.68 2.35059e-08 2.35059e-08
3637.96 2.3412e-08 2.3412e-08
3644.25 2.30312e-08 2.30312e-08
3650.53 2.29398e-08 2.29398e-08
3656.81 2.25661e-08 2.25661e-08
3663.1 2.24772e-08 2.24772e-08
3669.38 2.21105e-08 2.21105e-08
3675.66 2.20239e-08 2.20239e-08
3681.95 2.1664e-08 2.1664e-08
3688.23 2.15797e-08 2.15797e-08
3694.51 2.12266e-08 2.12266e-08
3700.8 2.11446e-08 2.11446e-08
3707.08 2.07981e-08 2.07981e-08
3713.36 2.07182e-08 2.07182e-08
3719.65 2.03782e-08 2.03782e-08
3725.93 2.03004e-08 2.03004e-08
3732.21 1.99668e-08 1.99668e-08
3738.5 1.9891e-08 1.9891e-08
3744.78 1.95637e-08 1.95637e-08
3751.06 1.94899e-08 1.94899e-08
3757.34 1.91687e-08 1.91687e-08
3763.63 1.90969e-08 1.90969e-08
3769.91 1.87816e-08 1.87816e-08
3776.19 1.87117e-08 1.87117e-08
3782.48 1.84023e-08 1.84023e-08
3788.76 1.83343e-08 1.83343e-08
3795.04 1.80307e-08 1.80307e-08
3801.33 1.79644e-08 1.79644e-08
3807.61 1.76665e-08 1.76665e-08
3813.89 1.7602e-08 1.7602e-08
3820.18 1.73096e-08 1.73096e-08
3826.46 1.72468e-08 1.72468e-08
3832.74 1.69599e-08 1.69599e-08
3839.03 1.68987e-08 1.68987e-08
3845.31 1.66172e-08 1.66172e-08
3851.59 1.65576e-08 1.65576e-08
3857.88 1.62813e-08 1.62813e-08
3864.16 1.62233e-08 1.62233e-08
3870.44 1.59522e-08 1.59522e-08
3876.73 1.58957e-08 1.58957e-08
3883.01 1.56296e-08 1.56296e-08
3889.29 1.55747e-08 1.55747e-08
3895.57 1.53135e-08 1.53135e-08
3901.86 1.526e-08 1.526e-08
3908.14 1.50037e-08 1.50037e-08
3914.42 1.49516e-08 1.49516e-08
3920.71 1.47e-08 1.47e-08
3926.99 1.46493e-08 1.46493e-08
3933.27 1.44024e-08 1.44024e-08
3939.56 1.4353e-08 1.4353e-08
3945.84 1.41107e-08 1.41107e-08
3952.12 1.40627e-08 1.40627e-08
3958.41 1.38249e-08 1.38249e-08
3964.69 1.37781e-08 1.37781e-08
3970.97 1.35447e-08 1.35447e-08
3977.26 1.34991e-08 1.34991e-08
3983.54 1.32701e-08 1.32701e-08
3989.82 1.32257e-08 1.32257e-08
3996.11 1.30009e-08 1.30009e-08
4002.39 1.29577e-08 1.29577e-08
4008.67 1.27371e-08 1.27371e-08
4014.96 1.2695e-08 1.2695e-08
4021.24 1.24785e-08 1.24785e-08
4027.52 1.24375e-08 1.24375e-08
4033.8 1.2225e-08 1.2225e-08
4040.09 1.21851e-08 1.21851e-08
4046.37 1.19765e-08 1.19765e-08
4052.65 1.19377e-08 1.19377e-08
4058.94 1.1733e-08 1.1733e-08
4065.22 1.16951e-08 1.16951e-08
4071.5 1.14943e-08 1.14943e-08
4077.79 1.14574e-08 1.14574e-08
4084.07 1.12602e-08 1.12602e-08
4090.35 1.12243e-08 1.12243e-08
4096.64 1.10308e-08 1.10308e-08
4102.92 1.09959e-08 1.09959e-08
4109.2 1.0806e-08 1.0806e-08
4115.49 1.07719e-08 1.07719e-08
4121.77 1.05855e-08 1.05855e-08
4128.05 1.05523e-08 1.05523e-08
4134.34 1.03694e-08 1.03694e-08
4140.62 1.03371e-08 1.03371e-08
4146.9 1.01576e-08 1.01576e-08
4153.19 1.01261e-08 1.01261e-08
4159.47 9.94993e-09 9.94993e-09
4165.75 9.91925e-09 9.91925e-09
4172.04 9.74634e-09 9.74634e-09
4178.32 9.71645e-09 9.71645e-09
4184.6 9.54676e-09 9.54676e-09
4190.88 9.51764e-09 9.51764e-09
4197.17 9.35109e-09 9.35109e-09
4203.45 9.32272e-09 9.32272e-09
4209.73 9.15927e-09 9.15927e-09
4216.02 9.13162e-09 9.13162e-09
4222.3 8.97121e-09 8.97121e-09
4228.58 8.94427e-09 8.94427e-09
4234.87 8.78684e-09 8.78684e-09
4241.15 8.76058e-09 8.76058e-09
4247.43 8.60608e-09 8.60608e-09
4253.72 8.58049e-09 8.58049e-09
4260 8.42887e-09 8.42887e-09
4266.28 8.40392e-09 8.40392e-09
4272.57 8.25512e-09 8.25512e-09
4278.85 8.23081e-09 8.23081e-09
4285.13 8.08478e-09 8.08478e-09
4291.42 8.06107e-09 8.06107e-09
4297.7 7.91776e-09 7.91776e-09
4303.98 7.89465e-09 7.89465e-09
4310.27 7.75401e-09 7.75401e-09
4316.55 7.73148e-09 7.73148e-09
4322.83 7.59346e-09 7.59346e-09
4329.11 7.57149e-09 7.57149e-09
4335.4 7.43604e-09 7.43604e-09
4341.68 7.41461e-09 7.41461e-09
4347.96 7.2817e-09 7.2817e-09
4354.25 7.2608e-09 7.2608e-09
4360.53 7.13037e-09 7.13037e-09
4366.81 7.10998e-09 7.10998e-09
4373.1 6.98199e-09 6.98199e-09
4379.38 6.9621e-09 6.9621e-09
4385.66 6.8365e-09 6.8365e-09
4391.95 6.8171e-09 6.8171e-09
4398.23 6.69385e-09 6.69385e-09
4404.51 6.67492e-09 6.67492e-09
4410.8 6.55398e-09 6.55398e-09
4417.08 6.5355e-09 6.5355e-09
4423.36 6.41683e-09 6.41683e-09
4429.65 6.39879e-09 6.39879e-09
4435.93 6.28234e-09 6.28234e-09
4442.21 6.26474e-09 6.26474e-09
4448.5 6.15048e-09 6.15048e-09
4454.78 6.1333e-09 6.1333e-09
4461.06 6.02118e-09 6.02118e-09
4467.34 6.0044e-09 6.0044e-09
4473.63 5.89439e-09 5.89439e-09
4479.91 5.87801e-09 5.87801e-09
4486.19 5.77007e-09 5.77007e-09
4492.48 5.75407e-09 5.75407e-09
4498.76 5.64816e-09 5.64816e-09
4505.04 5.63253e-09 5.63253e-09
4511.33 5.52862e-09 5.52862e-09
4517.61 5.51335e-09 5.51335e-09
4523.89 5.4114e-09 5.4114e-09
4530.18 5.39648e-09 5.39648e-09
4536.46 5.29645e-09 5.29645e-09
4542.74 5.28187e-09 5.28187e-09
4549.03 5.18374e-09 5.18374e-09
4555.31 5.16949e-09 5.16949e-09
4561.59 5.07321e-09 5.07321e-09
4567.88 5.05928e-09 5.05928e-09
4574.16 4.96482e-09 4.96482e-09
4580.44 4.9512e-09 4.9512e-09
4586.73 4.85854e-09 4.85854e-09
4593.01 4.84522e-09 4.84522e-09
4599.29 4.75432e-09 4.75432e-09
4605.57 4.74129e-09 4.74129e-09
4611.86 4.65212e-09 4.65212e-09
4618.14 4.63937e-09 4.63937e-09
4624.42 4.55189e-09 4.55189e-09
4630.71 4.53942e-09 4.53942e-09
4636.99 4.45361e-09 4.45361e-09
4643.27 4.44141e-09 4.44141e-09
4649.56 4.35724e-09 4.35724e-09
4655.84 4.34529e-09 4.34529e-09
4662.12 4.26273e-09 4.26273e-09
4668.41 4.25103e-09 4.25103e-09
4674.69 4.17005e-09 4.17005e-09
4680.97 4.15859e-09 4.15859e-09
4687.26 4.07917e-09 4.07917e-09
4693.54 4.06794e-09 4.06794e-09
4699.82 3.99004e-09 3.99004e-09
4706.11 3.97905e-09 3.97905e-09
4712.39 3.90264e-09 3.90264e-09
4718.67 3.89187e-09 3.89187e-09
4724.96 3.81694e-09 3.81694e-09
4731.24 3.80637e-09 3.80637e-09
4737.52 3.73289e-09 3.73289e-09
4743.8 3.72254e-09 3.72254e-09
4750.09 3.65047e-09 3.65047e-09
4756.37 3.64032e-09 3.64032e-09
4762.65 3.56965e-09 3.56965e-09
4768.94 3.55969e-09 3.55969e-09
4775.22 3.49039e-09 3.49039e-09
4781.5 3.48062e-09 3.48062e-09
4787.79 3.41267e-09 3.41267e-09
4794.07 3.40308e-09 3.40308e-09
4800.35 3.33645e-09 3.33645e-09
4806.64 3.32704e-09 3.32704e-09
4812.92 3.26171e-09 3.26171e-09
4819.2 3.25247e-09 3.25247e-09
4825.49 3.18841e-09 3.18841e-09
4831.77 3.17934e-09 3.17934e-09
4838.05 3.11654e-09 3.11654e-09
4844.34 3.10763e-09 3.10763e-09
4850.62 3.04606e-09 3.04606e-09
4856.9 3.0373e-09 3.0373e-09
4863.19 2.97695e-09 2.97695e-09
4869.47 2.96834e-09 2.96834e-09
4875.75 2.90918e-09 2.90918e-09
4882.03 2.90071e-09 2.90071e-09
4888.32 2.84272e-09 2.84272e-09
4894.6 2.8344e-09 2.8344e-09
4900.88 2.77755e-09 2.77755e-09
4907.17 2.76936e-09 2.76936e-09
4913.45 2.71364e-09 2.71364e-09
4919.73 2.70559e-09 2.70559e-09
4926.02 2.65098e-09 2.65098e-09
4932.3 2.64306e-09 2.64306e-09
4938.58 2.58954e-09 2.58954e-09
4944.87 2.58174e-09 2.58174e-09
4951.15 2.52928e-09 2.52928e-09
4957.43 2.52161e-09 2.52161e-09
4963.72 2.47021e-09 2.47021e-09
4970 2.46264e-09 2.46264e-09
4976.28 2.41228e-09 2.41228e-09
4982.57 2.40483e-09 2.40483e-09
4988.85 2.35547e-09 2.35547e-09
4995.13 2.34814e-09 2.34814e-09
5001.42 2.29978e-09 2.29978e-09
5007.7 2.29255e-09 2.29255e-09
5013.98 2.24517e-09 2.24517e-09
5020.27 2.23804e-09 2.23804e-09
5026.55 2.19162e-09 2.19162e-09
5032.83 2.18459e-09 2.18459e-09
5039.11 2.13912e-09 2.13912e-09
5045.4 2.13219e-09 2.13219e-09
5051.68 2.08765e-09 2.08765e-09
5057.96 2.08081e-09 2.08081e-09
5064.25 2.03718e-09 2.03718e-09
5070.53 2.03043e-09 2.03043e-09
5076.81 1.9877e-09 1.9877e-09
5083.1 1.98104e-09 1.98104e-09
5089.38 1.9392e-09 1.9392e-09
5095.66 1.93262e-09 1.93262e-09
5101.95 1.89164e-09 1.89164e-09
5108.23 1.88514e-09 1.88514e-09
5114.51 1.84501e-09 1.84501e-09
5120.8 1.8386e-09 1.8386e-09
5127.08 1.7993e-09 1.7993e-09
5133.36 1.79296e-09 1.79296e-09
5139.65 1.75449e-09 1.75449e-09
5145.93 1.74823e-09 1.74823e-09
5152.21 1.71057e-09 1.71057e-09
5158.5 1.70438e-09 1.70438e-09
5164.78 1.66751e-09 1.66751e-09
5171.06 1.66139e-09 1.66139e-09
5177.34 1.6253e-09 1.6253e-09
5183.63 1.61925e-09 1.61925e-09
5189.91 1.58392e-09 1.58392e-09
5196.19 1.57794e-09 1.57794e-09
5202.48 1.54337e-09 1.54337e-09
5208.76 1.53745e-09 1.53745e-09
5215.04 1.50361e-09 1.50361e-09
5221.33 1.49776e-09 1.49776e-09
5227.61 1.46465e-09 1.46465e-09
5233.89 1.45886e-09 1.45886e-09
5240.18 1.42647e-09 1.42647e-09
5246.46 1.42073e-09 1.42073e-09
5252.74 1.38904e-09 1.38904e-09
5259.03 1.38337e-09 1.38337e-09
5265.31 1.35237e-09 1.35237e-09
5271.59 1.34675e-09 1.34675e-09
5277.88 1.31643e-09 1.31643e-09
5284.16 1.31086e-09 1.31086e-09
5290.44 1.28121e-09 1.28121e-09
5296.73 1.27569e-09 1.27569e-09
5303.01 1.24669e-09 1.24669e-09
5309.29 1.24123e-09 1.24123e-09
5315.57 1.21287e-09 1.21287e-09
5321.86 1.20747e-09 1.20747e-09
5328.14 1.17974e-09 1.17974e-09
5334.42 1.17438e-09 1.17438e-09
5340.71 1.14728e-09 1.14728e-09
5346.99 1.14197e-09 1.14197e-09
5353.27 1.11547e-09 1.11547e-09
5359.56 1.11021e-09 1.11021e-09
5365.84 1.08431e-09 1.08431e-09
5372.12 1.0791e-09 1.0791e-09
5378.41 1.05379e-09 1.05379e-09
5384.69 1.04862e-09 1.04862e-09
5390.97 1.02389e-09 1.02389e-09
5397.26 1.01877e-09 1.01877e-09
5403.54 9.94608e-10 9.94608e-10
5409.82 9.89531e-10 9.89531e-10
5416.11 9.65927e-10 9.65927e-10
5422.39 9.60893e-10 9.60893e-10
5428.67 9.37838e-10 9.37838e-10
5434.96 9.32848e-10 9.32848e-10
5441.24 9.10332e-10 9.10332e-10
5447.52 9.05384e-10 9.05384e-10
5453.8 8.83398e-10 8.83398e-10
5460.09 8.78491e-10 8.78491e-10
5466.37 8.57026e-10 8.57026e-10
5472.65 8.5216e-10 8.5216e-10
5478.94 8.31206e-10 8.31206e-10
5485.22 8.26382e-10 8.26382e-10
5491.5 8.0593e-10 8.0593e-10
5497.79 8.01146e-10 8.01146e-10
5504.07 7.81188e-10 7.81188e-10
5510.35 7.76445e-10 7.76445e-10
5516.64 7.56972e-10 7.56972e-10
5522.92 7.52268e-10 7.52268e-10
5529.2 7.33271e-10 7.33271e-10
5535.49 7.28606e-10 7.28606e-10
5541.77 7.10078e-10 7.10078e-10
5548.05 7.05453e-10 7.05453e-10
5554.34 6.87384e-10 6.87384e-10
5560.62 6.82798e-10 6.82798e-10
5566.9 6.65182e-10 6.65182e-10
5573.19 6.60634e-10 6.60634e-10
5579.47 6.43462e-10 6.43462e-10
5585.75 6.38953e-10 6.38953e-10
5592.03 6.22217e-10 6.22217e-10
5598.32 6.17747e-10 6.17747e-10
5604.6 6.01439e-10 6.01439e-10
5610.88 5.97008e-10 5.97008e-10
5617.17 5.81121e-10 5.81121e-10
5623.45 5.76729e-10 5.76729e-10
5629.73 5.61256e-10 5.61256e-10
5636.02 5.56902e-10 5.56902e-10
5642.3 5.41835e-10 5.41835e-10
5648.58 5.37521e-10 5.37521e-10
5654.87 5.22853e-10 5.22853e-10
5661.15 5.18577e-10 5.18577e-10
5667.43 5.04302e-10 5.04302e-10
5673.72 5.00066e-10 5.00066e-10
5680 4.86175e-10 4.86175e-10
5686.28 4.81979e-10 4.81979e-10
5692.57 4.68466e-10 4.68466e-10
5698.85 4.6431e-10 4.6431e-10
5705.13 4.51169e-10 4.51169e-10
5711.42 4.47053e-10 4.47053e-10
5717.7 4.34277e-10 4.34277e-10
5723.98 4.30202e-10 4.30202e-10
5730.27 4.17784e-10 4.17784e-10
5736.55 4.1375e-10 4.1375e-10
5742.83 4.01685e-10 4.01685e-10
5749.11 3.97692e-10 3.97692e-10
5755.4 3.85973e-10 3.85973e-10
5761.68 3.82022e-10 3.82022e-10
5767.96 3.70642e-10 3.70642e-10
5774.25 3.66734e-10 3.66734e-10
5780.53 3.55688e-10 3.55688e-10
5786.81 3.51823e-10 3.51823e-10
5793.1 3.41104e-10 3.41104e-10
5799.38 3.37283e-10 3.37283e-10
5805.66 3.26886e-10 3.26886e-10
5811.95 3.23109e-10 3.23109e-10
5818.23 3.13028e-10 3.13028e-10
5824.51 3.09297e-10 3.09297e-10
5830.8 2.99526e-10 2.99526e-10
5837.08 2.9584e-10 2.9584e-10
5843.36 2.86374e-10 2.86374e-10
5849.65 2.82734e-10 2.82734e-10
5855.93 2.73567e-10 2.73567e-10
5862.21 2.69975e-10 2.69975e-10
5868.5 2.61102e-10 2.61102e-10
5874.78 2.57558e-10 2.57558e-10
5881.06 2.48974e-10 2.48974e-10
5887.34 2.45479e-10 2.45479e-10
5893.63 2.37177e-10 2.37177e-10
5899.91 2.33732e-10 2.33732e-10
5906.19 2.25709e-10 2.25709e-10
5912.48 2.22315e-10 2.22315e-10
5918.76 2.14565e-10 2.14565e-10
5925.04 2.11222e-10 2.11222e-10
5931.33 2.0374e-10 2.0374e-10
5937.61 2.0045e-10 2.0045e-10
5943.89 1.93231e-10 1.93231e-10
5950.18 1.89995e-10 1.89995e-10
5956.46 1.83035e-10 1.83035e-10
5962.74 1.79853e-10 1.79853e-10
5969.03 1.73147e-10 1.73147e-10
5975.31 1.70021e-10 1.70021e-10
5981.59 1.63564e-10 1.63564e-10
5987.88 1.60495e-10 1.60495e-10
5994.16 1.54282e-10 1.54282e-10
6000.44 1.51272e-10 1.51272e-10
6006.73 1.45299e-10 1.45299e-10
6013.01 1.42347e-10 1.42347e-10
6019.29 1.3661e-10 1.3661e-10
6025.57 1.33719e-10 1.33719e-10
6031.86 1.28213e-10 1.28213e-10
6038.14 1.25384e-10 1.25384e-10
6044.42 1.20105e-10 1.20105e-10
6050.71 1.1734e-10 1.1734e-10
6056.99 1.12283e-10 1.12283e-10
6063.27 1.09582e-10 1.09582e-10
6069.56 1.04744e-10 1.04744e-10
6075.84 1.02109e-10 1.02109e-10
6082.12 9.74849e-11 9.74849e-11
6088.41 9.49169e-11 9.49169e-11
6094.69 9.05037e-11 9.05037e-11
6100.97 8.80045e-11 8.80045e-11
6107.26 8.37978e-11 8.37978e-11
6113.54 8.13687e-11 8.13687e-11
6119.82 7.73646e-11 7.73646e-11
6126.11 7.50072e-11 7.50072e-11
6132.39 7.12019e-11 7.12019e-11
6138.67 6.89177e-11 6.89177e-11
6144.96 6.53075e-11 6.53075e-11
6151.24 6.30981e-11 6.30981e-11
6157.52 5.96792e-11 5.96792e-11
6163.8 5.75462e-11 5.75462e-11
6170.09 5.43151e-11 5.43151e-11
6176.37 5.22602e-11 5.22602e-11
6182.65 4.92132e-11 4.92132e-11
6188.94 4.72379e-11 4.72379e-11
6195.22 4.43716e-11 4.43716e-11
6201.5 4.24778e-11 4.24778e-11
6207.79 3.97886e-11 3.97886e-11
6214.07 3.79781e-11 3.79781e-11
6220.35 3.54626e-11 3.54626e-11
6226.64 3.37371e-11 3.37371e-11
6232.92 3.13921e-11 3.13921e-11
6239.2 2.97534e-11 2.97534e-11
6245.49 2.75755e-11 2.75755e-11
6251.77 2.60256e-11 2.60256e-11
6258.05 2.40116e-11 2.40116e-11
6264.34 2.25522e-11 2.25522e-11
6270.62 2.06989e-11 2.06989e-11
6276.9 1.93321e-11 1.93321e-11
6283.19 1.76364e-11 1.76364e-11
6289.47 1.63641e-11 1.63641e-11
6295.75 1.48229e-11 1.48229e-11
6302.03 1.36471e-11 1.36471e-11
6308.32 1.22574e-11 1.22574e-11
6314.6 1.11802e-11 1.11802e-11
6320.88 9.93901e-12 9.93901e-12
6327.17 8.96254e-12 8.96254e-12
6333.45 7.8669e-12 7.8669e-12
6339.73 6.99326e-12 6.99326e-12
6346.02 6.04031e-12 6.04031e-12
6352.3 5.27167e-12 5.27167e-12
6358.58 4.45859e-12 4.45859e-12
6364.87 3.79717e-12 3.79717e-12
6371.15 3.12117e-12 3.12117e-12
6377.43 2.56921e-12 2.56921e-12
6383.72 2.02757e-12 2.02757e-12
6390 1.58738e-12 1.58738e-12
6396.28 1.17741e-12 1.17741e-12
6402.57 8.51311e-13 8.51311e-13
6408.85 5.70359e-13 5.70359e-13
6415.13 3.60745e-13 3.60745e-13
6421.42 2.06218e-13 2.06218e-13
6427.7 1.15505e-13 1.15505e-13
6433.98 8.48526e-14 8.48526e-14
