0 1.10078e-13 1.10078e-13
6.28319 0.1694 0.1694
12.5664 0.0323633 0.0323633
18.8496 0.0125926 0.0125926
25.1327 0.00652974 0.00652974
31.4159 0.00395612 0.00395612
37.6991 0.00263891 0.00263891
43.9823 0.00188219 0.00188219
50.2655 0.00140645 0.00140645
56.5487 0.00109138 0.00109138
62.8319 0.000869481 0.000869481
69.115 0.000710226 0.000710226
75.3982 0.000589443 0.000589443
81.6814 0.000498359 0.000498359
87.9646 0.000425464 0.000425464
94.2478 0.000368713 0.000368713
100.531 0.000321352 0.000321352
106.814 0.000283698 0.000283698
113.097 0.000251181 0.000251181
119.381 0.000224966 0.000224966
125.664 0.000201665 0.000201665
131.947 0.000182704 0.000182704
138.23 0.000165429 0.000165429
144.513 0.000151283 0.000151283
150.796 0.000138117 0.000138117
157.08 0.00012729 0.00012729
163.363 0.000117021 0.000117021
169.646 0.000108554 0.000108554
175.929 0.000100387 0.000100387
182.212 9.36442e-05 9.36442e-05
188.496 8.70408e-05 8.70408e-05
194.779 8.15849e-05 8.15849e-05
201.062 7.61681e-05 7.61681e-05
207.345 7.16928e-05 7.16928e-05
213.628 6.7193e-05 6.7193e-05
219.911 6.34779e-05 6.34779e-05
226.195 5.96981e-05 5.96981e-05
232.478 5.65811e-05 5.65811e-05
238.761 5.33746e-05 5.33746e-05
245.044 5.07347e-05 5.07347e-05
251.327 4.79904e-05 4.79904e-05
257.611 4.57356e-05 4.57356e-05
263.894 4.33681e-05 4.33681e-05
270.177 4.14276e-05 4.14276e-05
276.46 3.93704e-05 3.93704e-05
282.743 3.76888e-05 3.76888e-05
289.027 3.58896e-05 3.58896e-05
295.31 3.44232e-05 3.44232e-05
301.593 3.28402e-05 3.28402e-05
307.876 3.15542e-05 3.15542e-05
314.159 3.01537e-05 3.01537e-05
320.442 2.90199e-05 2.90199e-05
326.726 2.77748e-05 2.77748e-05
333.009 2.67704e-05 2.67704e-05
339.292 2.56583e-05 2.56583e-05
345.575 2.47645e-05 2.47645e-05
351.858 2.37669e-05 2.37669e-05
358.142 2.29683e-05 2.29683e-05
364.425 2.20699e-05 2.20699e-05
370.708 2.13535e-05 2.13535e-05
376.991 2.05414e-05 2.05414e-05
383.274 1.98966e-05 1.98966e-05
389.557 1.91601e-05 1.91601e-05
395.841 1.85776e-05 1.85776e-05
402.124 1.79074e-05 1.79074e-05
408.407 1.73797e-05 1.73797e-05
414.69 1.67681e-05 1.67681e-05
420.973 1.62886e-05 1.62886e-05
427.257 1.57288e-05 1.57288e-05
433.54 1.52919e-05 1.52919e-05
439.823 1.47783e-05 1.47783e-05
446.106 1.43791e-05 1.43791e-05
452.389 1.39066e-05 1.39066e-05
458.673 1.35411e-05 1.35411e-05
464.956 1.31054e-05 1.31054e-05
471.239 1.27699e-05 1.27699e-05
477.522 1.23673e-05 1.23673e-05
483.805 1.20587e-05 1.20587e-05
490.088 1.16859e-05 1.16859e-05
496.372 1.14014e-05 1.14014e-05
502.655 1.10555e-05 1.10555e-05
508.938 1.07928e-05 1.07928e-05
515.221 1.04712e-05 1.04712e-05
521.504 1.02281e-05 1.02281e-05
527.788 9.92864e-06 9.92864e-06
534.071 9.70329e-06 9.70329e-06
540.354 9.42396e-06 9.42396e-06
546.637 9.21472e-06 9.21472e-06
552.92 8.95375e-06 8.95375e-06
559.203 8.75916e-06 8.75916e-06
565.487 8.51496e-06 8.51496e-06
571.77 8.33373e-06 8.33373e-06
578.053 8.10488e-06 8.10488e-06
584.336 7.93584e-06 7.93584e-06
590.619 7.72108e-06 7.72108e-06
596.903 7.5632e-06 7.5632e-06
603.186 7.3614e-06 7.3614e-06
609.469 7.21374e-06 7.21374e-06
615.752 7.02388e-06 7.02388e-06
622.035 6.8856e-06 6.8856e-06
628.319 6.70675e-06 6.70675e-06
634.602 6.57711e-06 6.57711e-06
640.885 6.40844e-06 6.40844e-06
647.168 6.28675e-06 6.28675e-06
653.451 6.1275e-06 6.1275e-06
659.734 6.01314e-06 6.01314e-06
666.018 5.86263e-06 5.86263e-06
672.301 5.75505e-06 5.75505e-06
678.584 5.61265e-06 5.61265e-06
684.867 5.51135e-06 5.51135e-06
691.15 5.3765e-06 5.3765e-06
697.434 5.28101e-06 5.28101e-06
703.717 5.15317e-06 5.15317e-06
710 5.06308e-06 5.06308e-06
716.283 4.94179e-06 4.94179e-06
722.566 4.85672e-06 4.85672e-06
728.849 4.74154e-06 4.74154e-06
735.133 4.66113e-06 4.66113e-06
741.416 4.55167e-06 4.55167e-06
747.699 4.4756e-06 4.4756e-06
753.982 4.37148e-06 4.37148e-06
760.265 4.29946e-06 4.29946e-06
766.549 4.20036e-06 4.20036e-06
772.832 4.13212e-06 4.13212e-06
779.115 4.03771e-06 4.03771e-06
785.398 3.97301e-06 3.97301e-06
791.681 3.88301e-06 3.88301e-06
797.965 3.82162e-06 3.82162e-06
804.248 3.73576e-06 3.73576e-06
810.531 3.67747e-06 3.67747e-06
816.814 3.59551e-06 3.59551e-06
823.097 3.54012e-06 3.54012e-06
829.38 3.46184e-06 3.46184e-06
835.664 3.40917e-06 3.40917e-06
841.947 3.33435e-06 3.33435e-06
848.23 3.28425e-06 3.28425e-06
854.513 3.21268e-06 3.21268e-06
860.796 3.16499e-06 3.16499e-06
867.08 3.09651e-06 3.09651e-06
873.363 3.05108e-06 3.05108e-06
879.646 2.98551e-06 2.98551e-06
885.929 2.94222e-06 2.94222e-06
892.212 2.8794e-06 2.8794e-06
898.495 2.83812e-06 2.83812e-06
904.779 2.77791e-06 2.77791e-06
911.062 2.73852e-06 2.73852e-06
917.345 2.68079e-06 2.68079e-06
923.628 2.64319e-06 2.64319e-06
929.911 2.5878e-06 2.5878e-06
936.195 2.55189e-06 2.55189e-06
942.478 2.49872e-06 2.49872e-06
948.761 2.46441e-06 2.46441e-06
955.044 2.41335e-06 2.41335e-06
961.327 2.38055e-06 2.38055e-06
967.611 2.33149e-06 2.33149e-06
973.894 2.30012e-06 2.30012e-06
980.177 2.25297e-06 2.25297e-06
986.46 2.22296e-06 2.22296e-06
992.743 2.17762e-06 2.17762e-06
999.026 2.14889e-06 2.14889e-06
1005.31 2.10528e-06 2.10528e-06
1011.59 2.07777e-06 2.07777e-06
1017.88 2.0358e-06 2.0358e-06
1024.16 2.00945e-06 2.00945e-06
1030.44 1.96905e-06 1.96905e-06
1036.73 1.9438e-06 1.9438e-06
1043.01 1.90488e-06 1.90488e-06
1049.29 1.88068e-06 1.88068e-06
1055.58 1.84319e-06 1.84319e-06
1061.86 1.81998e-06 1.81998e-06
1068.14 1.78385e-06 1.78385e-06
1074.42 1.76158e-06 1.76158e-06
1080.71 1.72675e-06 1.72675e-06
1086.99 1.70538e-06 1.70538e-06
1093.27 1.67179e-06 1.67179e-06
1099.56 1.65128e-06 1.65128e-06
1105.84 1.61888e-06 1.61888e-06
1112.12 1.59918e-06 1.59918e-06
1118.41 1.56791e-06 1.56791e-06
1124.69 1.54899e-06 1.54899e-06
1130.97 1.51881e-06 1.51881e-06
1137.26 1.50063e-06 1.50063e-06
1143.54 1.47149e-06 1.47149e-06
1149.82 1.45402e-06 1.45402e-06
1156.11 1.42588e-06 1.42588e-06
1162.39 1.40908e-06 1.40908e-06
1168.67 1.38189e-06 1.38189e-06
1174.96 1.36574e-06 1.36574e-06
1181.24 1.33947e-06 1.33947e-06
1187.52 1.32393e-06 1.32393e-06
1193.81 1.29854e-06 1.29854e-06
1200.09 1.28359e-06 1.28359e-06
1206.37 1.25904e-06 1.25904e-06
1212.65 1.24466e-06 1.24466e-06
1218.94 1.22091e-06 1.22091e-06
1225.22 1.20707e-06 1.20707e-06
1231.5 1.1841e-06 1.1841e-06
1237.79 1.17077e-06 1.17077e-06
1244.07 1.14855e-06 1.14855e-06
1250.35 1.13572e-06 1.13572e-06
1256.64 1.11421e-06 1.11421e-06
1262.92 1.10185e-06 1.10185e-06
1269.2 1.08103e-06 1.08103e-06
1275.49 1.06912e-06 1.06912e-06
1281.77 1.04897e-06 1.04897e-06
1288.05 1.0375e-06 1.0375e-06
1294.34 1.01798e-06 1.01798e-06
1300.62 1.00692e-06 1.00692e-06
1306.9 9.88018e-07 9.88018e-07
1313.19 9.77357e-07 9.77357e-07
1319.47 9.59046e-07 9.59046e-07
1325.75 9.48768e-07 9.48768e-07
1332.04 9.31025e-07 9.31025e-07
1338.32 9.21114e-07 9.21114e-07
1344.6 9.03919e-07 9.03919e-07
1350.88 8.94361e-07 8.94361e-07
1357.17 8.77694e-07 8.77694e-07
1363.45 8.68474e-07 8.68474e-07
1369.73 8.52316e-07 8.52316e-07
1376.02 8.43421e-07 8.43421e-07
1382.3 8.27753e-07 8.27753e-07
1388.58 8.19171e-07 8.19171e-07
1394.87 8.03976e-07 8.03976e-07
1401.15 7.95693e-07 7.95693e-07
1407.43 7.80955e-07 7.80955e-07
1413.72 7.72961e-07 7.72961e-07
1420 7.58662e-07 7.58662e-07
1426.28 7.50945e-07 7.50945e-07
1432.57 7.37072e-07 7.37072e-07
1438.85 7.29622e-07 7.29622e-07
1445.13 7.16158e-07 7.16158e-07
1451.42 7.08965e-07 7.08965e-07
1457.7 6.95898e-07 6.95898e-07
1463.98 6.88951e-07 6.88951e-07
1470.27 6.76266e-07 6.76266e-07
1476.55 6.69557e-07 6.69557e-07
1482.83 6.57242e-07 6.57242e-07
1489.11 6.50762e-07 6.50762e-07
1495.4 6.38804e-07 6.38804e-07
1501.68 6.32543e-07 6.32543e-07
1507.96 6.20931e-07 6.20931e-07
1514.25 6.14882e-07 6.14882e-07
1520.53 6.03603e-07 6.03603e-07
1526.81 5.97759e-07 5.97759e-07
1533.1 5.86803e-07 5.86803e-07
1539.38 5.81156e-07 5.81156e-07
1545.66 5.70511e-07 5.70511e-07
1551.95 5.65054e-07 5.65054e-07
1558.23 5.54711e-07 5.54711e-07
1564.51 5.49436e-07 5.49436e-07
1570.8 5.39386e-07 5.39386e-07
1577.08 5.34287e-07 5.34287e-07
1583.36 5.24519e-07 5.24519e-07
1589.65 5.19591e-07 5.19591e-07
1595.93 5.10097e-07 5.10097e-07
1602.21 5.05332e-07 5.05332e-07
1608.5 4.96102e-07 4.96102e-07
1614.78 4.91495e-07 4.91495e-07
1621.06 4.82522e-07 4.82522e-07
1627.34 4.78068e-07 4.78068e-07
1633.63 4.69343e-07 4.69343e-07
1639.91 4.65036e-07 4.65036e-07
1646.19 4.56552e-07 4.56552e-07
1652.48 4.52386e-07 4.52386e-07
1658.76 4.44136e-07 4.44136e-07
1665.04 4.40107e-07 4.40107e-07
1671.33 4.32082e-07 4.32082e-07
1677.61 4.28186e-07 4.28186e-07
1683.89 4.20379e-07 4.20379e-07
1690.18 4.16611e-07 4.16611e-07
1696.46 4.09017e-07 4.09017e-07
1702.74 4.05371e-07 4.05371e-07
1709.03 3.97983e-07 3.97983e-07
1715.31 3.94456e-07 3.94456e-07
1721.59 3.87267e-07 3.87267e-07
1727.88 3.83856e-07 3.83856e-07
1734.16 3.7686e-07 3.7686e-07
1740.44 3.73559e-07 3.73559e-07
1746.73 3.66751e-07 3.66751e-07
1753.01 3.63558e-07 3.63558e-07
1759.29 3.56932e-07 3.56932e-07
1765.58 3.53842e-07 3.53842e-07
1771.86 3.47393e-07 3.47393e-07
1778.14 3.44403e-07 3.44403e-07
1784.42 3.38124e-07 3.38124e-07
1790.71 3.35232e-07 3.35232e-07
1796.99 3.29119e-07 3.29119e-07
1803.27 3.2632e-07 3.2632e-07
1809.56 3.20369e-07 3.20369e-07
1815.84 3.1766e-07 3.1766e-07
1822.12 3.11866e-07 3.11866e-07
1828.41 3.09244e-07 3.09244e-07
1834.69 3.03602e-07 3.03602e-07
1840.97 3.01065e-07 3.01065e-07
1847.26 2.9557e-07 2.9557e-07
1853.54 2.93115e-07 2.93115e-07
1859.82 2.87763e-07 2.87763e-07
1866.11 2.85387e-07 2.85387e-07
1872.39 2.80174e-07 2.80174e-07
1878.67 2.77874e-07 2.77874e-07
1884.96 2.72797e-07 2.72797e-07
1891.24 2.70571e-07 2.70571e-07
1897.52 2.65625e-07 2.65625e-07
1903.81 2.6347e-07 2.6347e-07
1910.09 2.58652e-07 2.58652e-07
1916.37 2.56567e-07 2.56567e-07
1922.65 2.51872e-07 2.51872e-07
1928.94 2.49853e-07 2.49853e-07
1935.22 2.45279e-07 2.45279e-07
1941.5 2.43325e-07 2.43325e-07
1947.79 2.38868e-07 2.38868e-07
1954.07 2.36977e-07 2.36977e-07
1960.35 2.32633e-07 2.32633e-07
1966.64 2.30803e-07 2.30803e-07
1972.92 2.2657e-07 2.2657e-07
1979.2 2.24798e-07 2.24798e-07
1985.49 2.20672e-07 2.20672e-07
1991.77 2.18957e-07 2.18957e-07
1998.05 2.14936e-07 2.14936e-07
2004.34 2.13276e-07 2.13276e-07
2010.62 2.09356e-07 2.09356e-07
2016.9 2.0775e-07 2.0775e-07
2023.19 2.03928e-07 2.03928e-07
2029.47 2.02373e-07 2.02373e-07
2035.75 1.98648e-07 1.98648e-07
2042.04 1.97143e-07 1.97143e-07
2048.32 1.93511e-07 1.93511e-07
2054.6 1.92054e-07 1.92054e-07
2060.88 1.88513e-07 1.88513e-07
2067.17 1.87103e-07 1.87103e-07
2073.45 1.8365e-07 1.8365e-07
2079.73 1.82285e-07 1.82285e-07
2086.02 1.78918e-07 1.78918e-07
2092.3 1.77597e-07 1.77597e-07
2098.58 1.74314e-07 1.74314e-07
2104.87 1.73035e-07 1.73035e-07
2111.15 1.69834e-07 1.69834e-07
2117.43 1.68596e-07 1.68596e-07
2123.72 1.65473e-07 1.65473e-07
2130 1.64275e-07 1.64275e-07
2136.28 1.6123e-07 1.6123e-07
2142.57 1.6007e-07 1.6007e-07
2148.85 1.571e-07 1.571e-07
2155.13 1.55977e-07 1.55977e-07
2161.42 1.5308e-07 1.5308e-07
2167.7 1.51994e-07 1.51994e-07
2173.98 1.49167e-07 1.49167e-07
2180.27 1.48116e-07 1.48116e-07
2186.55 1.45359e-07 1.45359e-07
2192.83 1.44341e-07 1.44341e-07
2199.11 1.41652e-07 1.41652e-07
2205.4 1.40667e-07 1.40667e-07
2211.68 1.38043e-07 1.38043e-07
2217.96 1.3709e-07 1.3709e-07
2224.25 1.34529e-07 1.34529e-07
2230.53 1.33607e-07 1.33607e-07
2236.81 1.31109e-07 1.31109e-07
2243.1 1.30217e-07 1.30217e-07
2249.38 1.27779e-07 1.27779e-07
2255.66 1.26916e-07 1.26916e-07
2261.95 1.24537e-07 1.24537e-07
2268.23 1.23702e-07 1.23702e-07
2274.51 1.2138e-07 1.2138e-07
2280.8 1.20572e-07 1.20572e-07
2287.08 1.18306e-07 1.18306e-07
2293.36 1.17524e-07 1.17524e-07
2299.65 1.15313e-07 1.15313e-07
2305.93 1.14557e-07 1.14557e-07
2312.21 1.12399e-07 1.12399e-07
2318.5 1.11667e-07 1.11667e-07
2324.78 1.0956e-07 1.0956e-07
2331.06 1.08853e-07 1.08853e-07
2337.34 1.06796e-07 1.06796e-07
2343.63 1.06112e-07 1.06112e-07
2349.91 1.04105e-07 1.04105e-07
2356.19 1.03442e-07 1.03442e-07
2362.48 1.01483e-07 1.01483e-07
2368.76 1.00842e-07 1.00842e-07
2375.04 9.89297e-08 9.89297e-08
2381.33 9.83103e-08 9.83103e-08
2387.61 9.64429e-08 9.64429e-08
2393.89 9.58438e-08 9.58438e-08
2400.18 9.40206e-08 9.40206e-08
2406.46 9.34414e-08 9.34414e-08
2412.74 9.16613e-08 9.16613e-08
2419.03 9.11012e-08 9.11012e-08
2425.31 8.93631e-08 8.93631e-08
2431.59 8.88216e-08 8.88216e-08
2437.88 8.71245e-08 8.71245e-08
2444.16 8.66009e-08 8.66009e-08
2450.44 8.49437e-08 8.49437e-08
2456.73 8.44375e-08 8.44375e-08
2463.01 8.28192e-08 8.28192e-08
2469.29 8.23299e-08 8.23299e-08
2475.58 8.07496e-08 8.07496e-08
2481.86 8.02766e-08 8.02766e-08
2488.14 7.87333e-08 7.87333e-08
2494.42 7.82762e-08 7.82762e-08
2500.71 7.67689e-08 7.67689e-08
2506.99 7.63271e-08 7.63271e-08
2513.27 7.4855e-08 7.4855e-08
2519.56 7.44281e-08 7.44281e-08
2525.84 7.29903e-08 7.29903e-08
2532.12 7.25778e-08 7.25778e-08
2538.41 7.11734e-08 7.11734e-08
2544.69 7.07748e-08 7.07748e-08
2550.97 6.9403e-08 6.9403e-08
2557.26 6.9018e-08 6.9018e-08
2563.54 6.7678e-08 6.7678e-08
2569.82 6.73061e-08 6.73061e-08
2576.11 6.59971e-08 6.59971e-08
2582.39 6.56379e-08 6.56379e-08
2588.67 6.43592e-08 6.43592e-08
2594.96 6.40122e-08 6.40122e-08
2601.24 6.2763e-08 6.2763e-08
2607.52 6.2428e-08 6.2428e-08
2613.81 6.12075e-08 6.12075e-08
2620.09 6.08841e-08 6.08841e-08
2626.37 5.96917e-08 5.96917e-08
2632.65 5.93794e-08 5.93794e-08
2638.94 5.82144e-08 5.82144e-08
2645.22 5.79129e-08 5.79129e-08
2651.5 5.67747e-08 5.67747e-08
2657.79 5.64837e-08 5.64837e-08
2664.07 5.53715e-08 5.53715e-08
2670.35 5.50907e-08 5.50907e-08
2676.64 5.40039e-08 5.40039e-08
2682.92 5.37329e-08 5.37329e-08
2689.2 5.2671e-08 5.2671e-08
2695.49 5.24095e-08 5.24095e-08
2701.77 5.13718e-08 5.13718e-08
2708.05 5.11196e-08 5.11196e-08
2714.34 5.01055e-08 5.01055e-08
2720.62 4.98622e-08 4.98622e-08
2726.9 4.88712e-08 4.88712e-08
2733.19 4.86366e-08 4.86366e-08
2739.47 4.7668e-08 4.7668e-08
2745.75 4.74418e-08 4.74418e-08
2752.04 4.64952e-08 4.64952e-08
2758.32 4.62771e-08 4.62771e-08
2764.6 4.5352e-08 4.5352e-08
2770.88 4.51417e-08 4.51417e-08
2777.17 4.42375e-08 4.42375e-08
2783.45 4.40349e-08 4.40349e-08
2789.73 4.31511e-08 4.31511e-08
2796.02 4.29559e-08 4.29559e-08
2802.3 4.2092e-08 4.2092e-08
2808.58 4.19039e-08 4.19039e-08
2814.87 4.10595e-08 4.10595e-08
2821.15 4.08783e-08 4.08783e-08
2827.43 4.00529e-08 4.00529e-08
2833.72 3.98784e-08 3.98784e-08
2840 3.90715e-08 3.90715e-08
2846.28 3.89035e-08 3.89035e-08
2852.57 3.81147e-08 3.81147e-08
2858.85 3.7953e-08 3.7953e-08
2865.13 3.71819e-08 3.71819e-08
2871.42 3.70262e-08 3.70262e-08
2877.7 3.62724e-08 3.62724e-08
2883.98 3.61226e-08 3.61226e-08
2890.27 3.53856e-08 3.53856e-08
2896.55 3.52415e-08 3.52415e-08
2902.83 3.45209e-08 3.45209e-08
2909.11 3.43823e-08 3.43823e-08
2915.4 3.36779e-08 3.36779e-08
2921.68 3.35446e-08 3.35446e-08
2927.96 3.28558e-08 3.28558e-08
2934.25 3.27277e-08 3.27277e-08
2940.53 3.20542e-08 3.20542e-08
2946.81 3.19311e-08 3.19311e-08
2953.1 3.12726e-08 3.12726e-08
2959.38 3.11542e-08 3.11542e-08
2965.66 3.05104e-08 3.05104e-08
2971.95 3.03967e-08 3.03967e-08
2978.23 2.97671e-08 2.97671e-08
2984.51 2.9658e-08 2.9658e-08
2990.8 2.90423e-08 2.90423e-08
2997.08 2.89375e-08 2.89375e-08
3003.36 2.83355e-08 2.83355e-08
3009.65 2.82349e-08 2.82349e-08
3015.93 2.76462e-08 2.76462e-08
3022.21 2.75497e-08 2.75497e-08
3028.5 2.6974e-08 2.6974e-08
3034.78 2.68815e-08 2.68815e-08
3041.06 2.63184e-08 2.63184e-08
3047.34 2.62297e-08 2.62297e-08
3053.63 2.5679e-08 2.5679e-08
3059.91 2.5594e-08 2.5594e-08
3066.19 2.50555e-08 2.50555e-08
3072.48 2.49741e-08 2.49741e-08
3078.76 2.44473e-08 2.44473e-08
3085.04 2.43694e-08 2.43694e-08
3091.33 2.38542e-08 2.38542e-08
3097.61 2.37796e-08 2.37796e-08
3103.89 2.32757e-08 2.32757e-08
3110.18 2.32043e-08 2.32043e-08
3116.46 2.27114e-08 2.27114e-08
3122.74 2.26431e-08 2.26431e-08
3129.03 2.21611e-08 2.21611e-08
3135.31 2.20958e-08 2.20958e-08
3141.59 2.16243e-08 2.16243e-08
3147.88 2.15619e-08 2.15619e-08
3154.16 2.11007e-08 2.11007e-08
3160.44 2.10411e-08 2.10411e-08
3166.73 2.05899e-08 2.05899e-08
3173.01 2.05331e-08 2.05331e-08
3179.29 2.00918e-08 2.00918e-08
3185.57 2.00376e-08 2.00376e-08
3191.86 1.96058e-08 1.96058e-08
3198.14 1.95542e-08 1.95542e-08
3204.42 1.91318e-08 1.91318e-08
3210.71 1.90826e-08 1.90826e-08
3216.99 1.86694e-08 1.86694e-08
3223.27 1.86226e-08 1.86226e-08
3229.56 1.82183e-08 1.82183e-08
3235.84 1.81738e-08 1.81738e-08
3242.12 1.77783e-08 1.77783e-08
3248.41 1.7736e-08 1.7736e-08
3254.69 1.7349e-08 1.7349e-08
3260.97 1.73088e-08 1.73088e-08
3267.26 1.69303e-08 1.69303e-08
3273.54 1.68921e-08 1.68921e-08
3279.82 1.65218e-08 1.65218e-08
3286.11 1.64856e-08 1.64856e-08
3292.39 1.61232e-08 1.61232e-08
3298.67 1.60889e-08 1.60889e-08
3304.96 1.57344e-08 1.57344e-08
3311.24 1.5702e-08 1.5702e-08
3317.52 1.53551e-08 1.53551e-08
3323.81 1.53244e-08 1.53244e-08
3330.09 1.4985e-08 1.4985e-08
3336.37 1.49561e-08 1.49561e-08
3342.65 1.46239e-08 1.46239e-08
3348.94 1.45966e-08 1.45966e-08
3355.22 1.42717e-08 1.42717e-08
3361.5 1.4246e-08 1.4246e-08
3367.79 1.3928e-08 1.3928e-08
3374.07 1.39038e-08 1.39038e-08
3380.35 1.35926e-08 1.35926e-08
3386.64 1.35699e-08 1.35699e-08
3392.92 1.32654e-08 1.32654e-08
3399.2 1.32442e-08 1.32442e-08
3405.49 1.29462e-08 1.29462e-08
3411.77 1.29263e-08 1.29263e-08
3418.05 1.26347e-08 1.26347e-08
3424.34 1.26162e-08 1.26162e-08
3430.62 1.23308e-08 1.23308e-08
3436.9 1.23135e-08 1.23135e-08
3443.19 1.20343e-08 1.20343e-08
3449.47 1.20182e-08 1.20182e-08
3455.75 1.17449e-08 1.17449e-08
3462.04 1.173e-08 1.173e-08
3468.32 1.14626e-08 1.14626e-08
3474.6 1.14488e-08 1.14488e-08
3480.88 1.11871e-08 1.11871e-08
3487.17 1.11744e-08 1.11744e-08
3493.45 1.09182e-08 1.09182e-08
3499.73 1.09066e-08 1.09066e-08
3506.02 1.06559e-08 1.06559e-08
3512.3 1.06453e-08 1.06453e-08
3518.58 1.03999e-08 1.03999e-08
3524.87 1.03902e-08 1.03902e-08
3531.15 1.01501e-08 1.01501e-08
3537.43 1.01414e-08 1.01414e-08
3543.72 9.90632e-09 9.90632e-09
3550 9.89847e-09 9.89847e-09
3556.28 9.66843e-09 9.66843e-09
3562.57 9.66144e-09 9.66144e-09
3568.85 9.43629e-09 9.43629e-09
3575.13 9.43012e-09 9.43012e-09
3581.42 9.20974e-09 9.20974e-09
3587.7 9.20436e-09 9.20436e-09
3593.98 8.98866e-09 8.98866e-09
3600.27 8.98403e-09 8.98403e-09
3606.55 8.7729e-09 8.7729e-09
3612.83 8.76899e-09 8.76899e-09
3619.11 8.56234e-09 8.56234e-09
3625.4 8.55912e-09 8.55912e-09
3631.68 8.35685e-09 8.35685e-09
3637.96 8.3543e-09 8.3543e-09
3644.25 8.15631e-09 8.15631e-09
3650.53 8.15438e-09 8.15438e-09
3656.81 7.96058e-09 7.96058e-09
3663.1 7.95927e-09 7.95927e-09
3669.38 7.76956e-09 7.76956e-09
3675.66 7.76883e-09 7.76883e-09
3681.95 7.58314e-09 7.58314e-09
3688.23 7.58295e-09 7.58295e-09
3694.51 7.40118e-09 7.40118e-09
3700.8 7.40153e-09 7.40153e-09
3707.08 7.2236e-09 7.2236e-09
3713.36 7.22445e-09 7.22445e-09
3719.65 7.05028e-09 7.05028e-09
3725.93 7.05161e-09 7.05161e-09
3732.21 6.88112e-09 6.88112e-09
3738.5 6.88291e-09 6.88291e-09
3744.78 6.71601e-09 6.71601e-09
3751.06 6.71824e-09 6.71824e-09
3757.34 6.55486e-09 6.55486e-09
3763.63 6.55751e-09 6.55751e-09
3769.91 6.39757e-09 6.39757e-09
3776.19 6.40061e-09 6.40061e-09
3782.48 6.24404e-09 6.24404e-09
3788.76 6.24746e-09 6.24746e-09
3795.04 6.09419e-09 6.09419e-09
3801.33 6.09797e-09 6.09797e-09
3807.61 5.94793e-09 5.94793e-09
3813.89 5.95205e-09 5.95205e-09
3820.18 5.80516e-09 5.80516e-09
3826.46 5.8096e-09 5.8096e-09
3832.74 5.66581e-09 5.66581e-09
3839.03 5.67056e-09 5.67056e-09
3845.31 5.52979e-09 5.52979e-09
3851.59 5.53482e-09 5.53482e-09
3857.88 5.39701e-09 5.39701e-09
3864.16 5.40232e-09 5.40232e-09
3870.44 5.26741e-09 5.26741e-09
3876.73 5.27298e-09 5.27298e-09
3883.01 5.1409e-09 5.1409e-09
3889.29 5.14671e-09 5.14671e-09
3895.57 5.01741e-09 5.01741e-09
3901.86 5.02345e-09 5.02345e-09
3908.14 4.89687e-09 4.89687e-09
3914.42 4.90312e-09 4.90312e-09
3920.71 4.7792e-09 4.7792e-09
3926.99 4.78565e-09 4.78565e-09
3933.27 4.66433e-09 4.66433e-09
3939.56 4.67097e-09 4.67097e-09
3945.84 4.5522e-09 4.5522e-09
3952.12 4.55902e-09 4.55902e-09
3958.41 4.44274e-09 4.44274e-09
3964.69 4.44972e-09 4.44972e-09
3970.97 4.33589e-09 4.33589e-09
3977.26 4.34302e-09 4.34302e-09
3983.54 4.23158e-09 4.23158e-09
3989.82 4.23886e-09 4.23886e-09
3996.11 4.12976e-09 4.12976e-09
4002.39 4.13716e-09 4.13716e-09
4008.67 4.03035e-09 4.03035e-09
4014.96 4.03788e-09 4.03788e-09
4021.24 3.93331e-09 3.93331e-09
4027.52 3.94095e-09 3.94095e-09
4033.8 3.83858e-09 3.83858e-09
4040.09 3.84632e-09 3.84632e-09
4046.37 3.7461e-09 3.7461e-09
4052.65 3.75392e-09 3.75392e-09
4058.94 3.65581e-09 3.65581e-09
4065.22 3.66372e-09 3.66372e-09
4071.5 3.56767e-09 3.56767e-09
4077.79 3.57566e-09 3.57566e-09
4084.07 3.48162e-09 3.48162e-09
4090.35 3.48967e-09 3.48967e-09
4096.64 3.39762e-09 3.39762e-09
4102.92 3.40573e-09 3.40573e-09
4109.2 3.3156e-09 3.3156e-09
4115.49 3.32377e-09 3.32377e-09
4121.77 3.23554e-09 3.23554e-09
4128.05 3.24374e-09 3.24374e-09
4134.34 3.15737e-09 3.15737e-09
4140.62 3.16561e-09 3.16561e-09
4146.9 3.08105e-09 3.08105e-09
4153.19 3.08933e-09 3.08933e-09
4159.47 3.00655e-09 3.00655e-09
4165.75 3.01485e-09 3.01485e-09
4172.04 2.93381e-09 2.93381e-09
4178.32 2.94212e-09 2.94212e-09
4184.6 2.86279e-09 2.86279e-09
4190.88 2.87112e-09 2.87112e-09
4197.17 2.79346e-09 2.79346e-09
4203.45 2.80179e-09 2.80179e-09
4209.73 2.72576e-09 2.72576e-09
4216.02 2.7341e-09 2.7341e-09
4222.3 2.65967e-09 2.65967e-09
4228.58 2.668e-09 2.668e-09
4234.87 2.59515e-09 2.59515e-09
4241.15 2.60347e-09 2.60347e-09
4247.43 2.53215e-09 2.53215e-09
4253.72 2.54045e-09 2.54045e-09
4260 2.47064e-09 2.47064e-09
4266.28 2.47892e-09 2.47892e-09
4272.57 2.41058e-09 2.41058e-09
4278.85 2.41885e-09 2.41885e-09
4285.13 2.35195e-09 2.35195e-09
4291.42 2.36018e-09 2.36018e-09
4297.7 2.2947e-09 2.2947e-09
4303.98 2.3029e-09 2.3029e-09
4310.27 2.2388e-09 2.2388e-09
4316.55 2.24697e-09 2.24697e-09
4322.83 2.18423e-09 2.18423e-09
4329.11 2.19236e-09 2.19236e-09
4335.4 2.13094e-09 2.13094e-09
4341.68 2.13903e-09 2.13903e-09
4347.96 2.07892e-09 2.07892e-09
4354.25 2.08696e-09 2.08696e-09
4360.53 2.02812e-09 2.02812e-09
4366.81 2.03612e-09 2.03612e-09
4373.1 1.97852e-09 1.97852e-09
4379.38 1.98647e-09 1.98647e-09
4385.66 1.9301e-09 1.9301e-09
4391.95 1.93799e-09 1.93799e-09
4398.23 1.88281e-09 1.88281e-09
4404.51 1.89065e-09 1.89065e-09
4410.8 1.83664e-09 1.83664e-09
4417.08 1.84442e-09 1.84442e-09
4423.36 1.79157e-09 1.79157e-09
4429.65 1.79928e-09 1.79928e-09
4435.93 1.74755e-09 1.74755e-09
4442.21 1.7552e-09 1.7552e-09
4448.5 1.70458e-09 1.70458e-09
4454.78 1.71216e-09 1.71216e-09
4461.06 1.66261e-09 1.66261e-09
4467.34 1.67013e-09 1.67013e-09
4473.63 1.62164e-09 1.62164e-09
4479.91 1.62909e-09 1.62909e-09
4486.19 1.58164e-09 1.58164e-09
4492.48 1.58901e-09 1.58901e-09
4498.76 1.54257e-09 1.54257e-09
4505.04 1.54987e-09 1.54987e-09
4511.33 1.50443e-09 1.50443e-09
4517.61 1.51166e-09 1.51166e-09
4523.89 1.46719e-09 1.46719e-09
4530.18 1.47434e-09 1.47434e-09
4536.46 1.43082e-09 1.43082e-09
4542.74 1.4379e-09 1.4379e-09
4549.03 1.39532e-09 1.39532e-09
4555.31 1.40231e-09 1.40231e-09
4561.59 1.36065e-09 1.36065e-09
4567.88 1.36756e-09 1.36756e-09
4574.16 1.32679e-09 1.32679e-09
4580.44 1.33362e-09 1.33362e-09
4586.73 1.29374e-09 1.29374e-09
4593.01 1.30049e-09 1.30049e-09
4599.29 1.26146e-09 1.26146e-09
4605.57 1.26813e-09 1.26813e-09
4611.86 1.22994e-09 1.22994e-09
4618.14 1.23653e-09 1.23653e-09
4624.42 1.19917e-09 1.19917e-09
4630.71 1.20567e-09 1.20567e-09
4636.99 1.16912e-09 1.16912e-09
4643.27 1.17553e-09 1.17553e-09
4649.56 1.13978e-09 1.13978e-09
4655.84 1.14611e-09 1.14611e-09
4662.12 1.11113e-09 1.11113e-09
4668.41 1.11737e-09 1.11737e-09
4674.69 1.08316e-09 1.08316e-09
4680.97 1.08931e-09 1.08931e-09
4687.26 1.05584e-09 1.05584e-09
4693.54 1.06191e-09 1.06191e-09
4699.82 1.02917e-09 1.02917e-09
4706.11 1.03515e-09 1.03515e-09
4712.39 1.00313e-09 1.00313e-09
4718.67 1.00902e-09 1.00902e-09
4724.96 9.77701e-10 9.77701e-10
4731.24 9.83498e-10 9.83498e-10
4737.52 9.52871e-10 9.52871e-10
4743.8 9.58579e-10 9.58579e-10
4750.09 9.28627e-10 9.28627e-10
4756.37 9.34245e-10 9.34245e-10
4762.65 9.04953e-10 9.04953e-10
4768.94 9.10482e-10 9.10482e-10
4775.22 8.81838e-10 8.81838e-10
4781.5 8.87278e-10 8.87278e-10
4787.79 8.59267e-10 8.59267e-10
4794.07 8.64618e-10 8.64618e-10
4800.35 8.37229e-10 8.37229e-10
4806.64 8.4249e-10 8.4249e-10
4812.92 8.1571e-10 8.1571e-10
4819.2 8.20882e-10 8.20882e-10
4825.49 7.94698e-10 7.94698e-10
4831.77 7.99781e-10 7.99781e-10
4838.05 7.74182e-10 7.74182e-10
4844.34 7.79177e-10 7.79177e-10
4850.62 7.5415e-10 7.5415e-10
4856.9 7.59056e-10 7.59056e-10
4863.19 7.3459e-10 7.3459e-10
4869.47 7.39408e-10 7.39408e-10
4875.75 7.15492e-10 7.15492e-10
4882.03 7.20221e-10 7.20221e-10
4888.32 6.96844e-10 6.96844e-10
4894.6 7.01486e-10 7.01486e-10
4900.88 6.78637e-10 6.78637e-10
4907.17 6.83191e-10 6.83191e-10
4913.45 6.6086e-10 6.6086e-10
4919.73 6.65327e-10 6.65327e-10
4926.02 6.43502e-10 6.43502e-10
4932.3 6.47882e-10 6.47882e-10
4938.58 6.26554e-10 6.26554e-10
4944.87 6.30848e-10 6.30848e-10
4951.15 6.10007e-10 6.10007e-10
4957.43 6.14215e-10 6.14215e-10
4963.72 5.9385e-10 5.9385e-10
4970 5.97973e-10 5.97973e-10
4976.28 5.78076e-10 5.78076e-10
4982.57 5.82114e-10 5.82114e-10
4988.85 5.62675e-10 5.62675e-10
4995.13 5.66628e-10 5.66628e-10
5001.42 5.47638e-10 5.47638e-10
5007.7 5.51508e-10 5.51508e-10
5013.98 5.32957e-10 5.32957e-10
5020.27 5.36743e-10 5.36743e-10
5026.55 5.18623e-10 5.18623e-10
5032.83 5.22327e-10 5.22327e-10
5039.11 5.04629e-10 5.04629e-10
5045.4 5.08251e-10 5.08251e-10
5051.68 4.90967e-10 4.90967e-10
5057.96 4.94508e-10 4.94508e-10
5064.25 4.77628e-10 4.77628e-10
5070.53 4.81088e-10 4.81088e-10
5076.81 4.64606e-10 4.64606e-10
5083.1 4.67986e-10 4.67986e-10
5089.38 4.51893e-10 4.51893e-10
5095.66 4.55194e-10 4.55194e-10
5101.95 4.39482e-10 4.39482e-10
5108.23 4.42704e-10 4.42704e-10
5114.51 4.27365e-10 4.27365e-10
5120.8 4.30509e-10 4.30509e-10
5127.08 4.15537e-10 4.15537e-10
5133.36 4.18604e-10 4.18604e-10
5139.65 4.0399e-10 4.0399e-10
5145.93 4.0698e-10 4.0698e-10
5152.21 3.92718e-10 3.92718e-10
5158.5 3.95632e-10 3.95632e-10
5164.78 3.81714e-10 3.81714e-10
5171.06 3.84554e-10 3.84554e-10
5177.34 3.70973e-10 3.70973e-10
5183.63 3.73738e-10 3.73738e-10
5189.91 3.60488e-10 3.60488e-10
5196.19 3.6318e-10 3.6318e-10
5202.48 3.50253e-10 3.50253e-10
5208.76 3.52873e-10 3.52873e-10
5215.04 3.40263e-10 3.40263e-10
5221.33 3.42811e-10 3.42811e-10
5227.61 3.30512e-10 3.30512e-10
5233.89 3.32989e-10 3.32989e-10
5240.18 3.20994e-10 3.20994e-10
5246.46 3.23401e-10 3.23401e-10
5252.74 3.11705e-10 3.11705e-10
5259.03 3.14042e-10 3.14042e-10
5265.31 3.02638e-10 3.02638e-10
5271.59 3.04907e-10 3.04907e-10
5277.88 2.93789e-10 2.93789e-10
5284.16 2.9599e-10 2.9599e-10
5290.44 2.85153e-10 2.85153e-10
5296.73 2.87288e-10 2.87288e-10
5303.01 2.76725e-10 2.76725e-10
5309.29 2.78794e-10 2.78794e-10
5315.57 2.685e-10 2.685e-10
5321.86 2.70504e-10 2.70504e-10
5328.14 2.60474e-10 2.60474e-10
5334.42 2.62413e-10 2.62413e-10
5340.71 2.52642e-10 2.52642e-10
5346.99 2.54517e-10 2.54517e-10
5353.27 2.44999e-10 2.44999e-10
5359.56 2.46812e-10 2.46812e-10
5365.84 2.37542e-10 2.37542e-10
5372.12 2.39293e-10 2.39293e-10
5378.41 2.30265e-10 2.30265e-10
5384.69 2.31957e-10 2.31957e-10
5390.97 2.23166e-10 2.23166e-10
5397.26 2.24798e-10 2.24798e-10
5403.54 2.1624e-10 2.1624e-10
5409.82 2.17813e-10 2.17813e-10
5416.11 2.09483e-10 2.09483e-10
5422.39 2.10998e-10 2.10998e-10
5428.67 2.02891e-10 2.02891e-10
5434.96 2.04349e-10 2.04349e-10
5441.24 1.96461e-10 1.96461e-10
5447.52 1.97863e-10 1.97863e-10
5453.8 1.90189e-10 1.90189e-10
5460.09 1.91536e-10 1.91536e-10
5466.37 1.84072e-10 1.84072e-10
5472.65 1.85364e-10 1.85364e-10
5478.94 1.78106e-10 1.78106e-10
5485.22 1.79344e-10 1.79344e-10
5491.5 1.72287e-10 1.72287e-10
5497.79 1.73473e-10 1.73473e-10
5504.07 1.66612e-10 1.66612e-10
5510.35 1.67747e-10 1.67747e-10
5516.64 1.61079e-10 1.61079e-10
5522.92 1.62163e-10 1.62163e-10
5529.2 1.55684e-10 1.55684e-10
5535.49 1.56718e-10 1.56718e-10
5541.77 1.50424e-10 1.50424e-10
5548.05 1.51409e-10 1.51409e-10
5554.34 1.45296e-10 1.45296e-10
5560.62 1.46233e-10 1.46233e-10
5566.9 1.40297e-10 1.40297e-10
5573.19 1.41188e-10 1.41188e-10
5579.47 1.35425e-10 1.35425e-10
5585.75 1.36269e-10 1.36269e-10
5592.03 1.30676e-10 1.30676e-10
5598.32 1.31476e-10 1.31476e-10
5604.6 1.26049e-10 1.26049e-10
5610.88 1.26804e-10 1.26804e-10
5617.17 1.21539e-10 1.21539e-10
5623.45 1.22251e-10 1.22251e-10
5629.73 1.17146e-10 1.17146e-10
5636.02 1.17815e-10 1.17815e-10
5642.3 1.12865e-10 1.12865e-10
5648.58 1.13494e-10 1.13494e-10
5654.87 1.08696e-10 1.08696e-10
5661.15 1.09284e-10 1.09284e-10
5667.43 1.04635e-10 1.04635e-10
5673.72 1.05184e-10 1.05184e-10
5680 1.00681e-10 1.00681e-10
5686.28 1.01191e-10 1.01191e-10
5692.57 9.68307e-11 9.68307e-11
5698.85 9.73031e-11 9.73031e-11
5705.13 9.30822e-11 9.30822e-11
5711.42 9.3518e-11 9.3518e-11
5717.7 8.94336e-11 8.94336e-11
5723.98 8.98337e-11 8.98337e-11
5730.27 8.58827e-11 8.58827e-11
5736.55 8.6248e-11 8.6248e-11
5742.83 8.24275e-11 8.24275e-11
5749.11 8.2759e-11 8.2759e-11
5755.4 7.90661e-11 7.90661e-11
5761.68 7.93647e-11 7.93647e-11
5767.96 7.57966e-11 7.57966e-11
5774.25 7.60632e-11 7.60632e-11
5780.53 7.26171e-11 7.26171e-11
5786.81 7.28528e-11 7.28528e-11
5793.1 6.95258e-11 6.95258e-11
5799.38 6.97315e-11 6.97315e-11
5805.66 6.65211e-11 6.65211e-11
5811.95 6.66977e-11 6.66977e-11
5818.23 6.36012e-11 6.36012e-11
5824.51 6.37496e-11 6.37496e-11
5830.8 6.07644e-11 6.07644e-11
5837.08 6.08857e-11 6.08857e-11
5843.36 5.80092e-11 5.80092e-11
5849.65 5.81043e-11 5.81043e-11
5855.93 5.5334e-11 5.5334e-11
5862.21 5.54038e-11 5.54038e-11
5868.5 5.27373e-11 5.27373e-11
5874.78 5.27828e-11 5.27828e-11
5881.06 5.02176e-11 5.02176e-11
5887.34 5.02398e-11 5.02398e-11
5893.63 4.77735e-11 4.77735e-11
5899.91 4.77733e-11 4.77733e-11
5906.19 4.54037e-11 4.54037e-11
5912.48 4.53821e-11 4.53821e-11
5918.76 4.31068e-11 4.31068e-11
5925.04 4.30647e-11 4.30647e-11
5931.33 4.08814e-11 4.08814e-11
5937.61 4.08198e-11 4.08198e-11
5943.89 3.87264e-11 3.87264e-11
5950.18 3.86463e-11 3.86463e-11
5956.46 3.66405e-11 3.66405e-11
5962.74 3.65429e-11 3.65429e-11
5969.03 3.46226e-11 3.46226e-11
5975.31 3.45084e-11 3.45084e-11
5981.59 3.26714e-11 3.26714e-11
5987.88 3.25417e-11 3.25417e-11
5994.16 3.0786e-11 3.0786e-11
6000.44 3.06416e-11 3.06416e-11
6006.73 2.89651e-11 2.89651e-11
6013.01 2.88072e-11 2.88072e-11
6019.29 2.72079e-11 2.72079e-11
6025.57 2.70374e-11 2.70374e-11
6031.86 2.55134e-11 2.55134e-11
6038.14 2.53312e-11 2.53312e-11
6044.42 2.38804e-11 2.38804e-11
6050.71 2.36877e-11 2.36877e-11
6056.99 2.23082e-11 2.23082e-11
6063.27 2.21058e-11 2.21058e-11
6069.56 2.07959e-11 2.07959e-11
6075.84 2.05849e-11 2.05849e-11
6082.12 1.93425e-11 1.93425e-11
6088.41 1.91239e-11 1.91239e-11
6094.69 1.79473e-11 1.79473e-11
6100.97 1.77222e-11 1.77222e-11
6107.26 1.66095e-11 1.66095e-11
6113.54 1.63788e-11 1.63788e-11
6119.82 1.53283e-11 1.53283e-11
6126.11 1.50931e-11 1.50931e-11
6132.39 1.4103e-11 1.4103e-11
6138.67 1.38643e-11 1.38643e-11
6144.96 1.29329e-11 1.29329e-11
6151.24 1.26917e-11 1.26917e-11
6157.52 1.18174e-11 1.18174e-11
6163.8 1.15748e-11 1.15748e-11
6170.09 1.07558e-11 1.07558e-11
6176.37 1.05128e-11 1.05128e-11
6182.65 9.74746e-12 9.74746e-12
6188.94 9.50518e-12 9.50518e-12
6195.22 8.79189e-12 8.79189e-12
6201.5 8.55137e-12 8.55137e-12
6207.79 7.88853e-12 7.88853e-12
6214.07 7.65084e-12 7.65084e-12
6220.35 7.03685e-12 7.03685e-12
6226.64 6.80307e-12 6.80307e-12
6232.92 6.23639e-12 6.23639e-12
6239.2 6.0076e-12 6.0076e-12
6245.49 5.48668e-12 5.48668e-12
6251.77 5.26397e-12 5.26397e-12
6258.05 4.78731e-12 4.78731e-12
6264.34 4.57179e-12 4.57179e-12
6270.62 4.13787e-12 4.13787e-12
6276.9 3.93065e-12 3.93065e-12
6283.19 3.53801e-12 3.53801e-12
6289.47 3.3402e-12 3.3402e-12
6295.75 2.98737e-12 2.98737e-12
6302.03 2.8001e-12 2.8001e-12
6308.32 2.48566e-12 2.48566e-12
6314.6 2.31007e-12 2.31007e-12
6320.88 2.03257e-12 2.03257e-12
6327.17 1.86981e-12 1.86981e-12
6333.45 1.62787e-12 1.62787e-12
6339.73 1.47909e-12 1.47909e-12
6346.02 1.27132e-12 1.27132e-12
6352.3 1.13769e-12 1.13769e-12
6358.58 9.6271e-13 9.6271e-13
6364.87 8.45411e-13 8.45411e-13
6371.15 7.01876e-13 7.01876e-13
6377.43 6.02096e-13 6.02096e-13
6383.72 4.88668e-13 4.88668e-13
6390 4.07607e-13 4.07607e-13
6396.28 3.22964e-13 3.22964e-13
6402.57 2.61836e-13 2.61836e-13
6408.85 2.04672e-13 2.04672e-13
6415.13 1.647e-13 1.647e-13
6421.42 1.33723e-13 1.33723e-13
6427.7 1.16146e-13 1.16146e-13
6433.98 1.10078e-13 1.10078e-13
