0 6.27097e-15 6.27097e-15
6.28319 0.011211 0.011211
12.5664 0.00279503 0.00279503
18.8496 0.00124254 0.00124254
25.1327 0.000697204 0.000697204
31.4159 0.000446578 0.000446578
37.6991 0.000309158 0.000309158
43.9823 0.000227263 0.000227263
50.2655 0.000173381 0.000173381
56.5487 0.000137014 0.000137014
62.8319 0.000110542 0.000110542
69.115 9.13337e-05 9.13337e-05
75.3982 7.64094e-05 7.64094e-05
81.6814 6.5063e-05 6.5063e-05
87.9646 5.58308e-05 5.58308e-05
94.2478 4.85826e-05 4.85826e-05
100.531 4.24766e-05 4.24766e-05
106.814 3.75705e-05 3.75705e-05
113.097 3.33229e-05 3.33229e-05
119.381 2.9851e-05 2.9851e-05
125.664 2.67773e-05 2.67773e-05
131.947 2.42321e-05 2.42321e-05
138.23 2.19363e-05 2.19363e-05
144.513 2.00162e-05 2.00162e-05
150.796 1.82563e-05 1.82563e-05
157.08 1.6773e-05 1.6773e-05
163.363 1.53943e-05 1.53943e-05
169.646 1.42254e-05 1.42254e-05
175.929 1.31254e-05 1.31254e-05
182.212 1.21884e-05 1.21884e-05
188.496 1.12968e-05 1.12968e-05
194.779 1.05347e-05 1.05347e-05
201.062 9.80219e-06 9.80219e-06
207.345 9.17434e-06 9.17434e-06
213.628 8.56535e-06 8.56535e-06
219.911 8.04233e-06 8.04233e-06
226.195 7.53073e-06 7.53073e-06
232.478 7.09072e-06 7.09072e-06
238.761 6.65695e-06 6.65695e-06
245.044 6.28353e-06 6.28353e-06
251.327 5.91272e-06 5.91272e-06
257.611 5.59334e-06 5.59334e-06
263.894 5.27401e-06 5.27401e-06
270.177 4.99893e-06 4.99893e-06
276.46 4.72213e-06 4.72213e-06
282.743 4.48371e-06 4.48371e-06
289.027 4.24234e-06 4.24234e-06
295.31 4.03452e-06 4.03452e-06
301.593 3.82291e-06 3.82291e-06
307.876 3.64083e-06 3.64083e-06
314.159 3.4544e-06 3.4544e-06
320.442 3.29412e-06 3.29412e-06
326.726 3.12916e-06 3.12916e-06
333.009 2.98747e-06 2.98747e-06
339.292 2.84091e-06 2.84091e-06
345.575 2.71517e-06 2.71517e-06
351.858 2.58447e-06 2.58447e-06
358.142 2.47248e-06 2.47248e-06
364.425 2.35554e-06 2.35554e-06
370.708 2.25548e-06 2.25548e-06
376.991 2.15052e-06 2.15052e-06
383.274 2.06085e-06 2.06085e-06
389.557 1.96637e-06 1.96637e-06
395.841 1.88579e-06 1.88579e-06
402.124 1.80053e-06 1.80053e-06
408.407 1.72793e-06 1.72793e-06
414.69 1.6508e-06 1.6508e-06
420.973 1.58525e-06 1.58525e-06
427.257 1.51532e-06 1.51532e-06
433.54 1.45601e-06 1.45601e-06
439.823 1.39247e-06 1.39247e-06
446.106 1.33869e-06 1.33869e-06
452.389 1.28086e-06 1.28086e-06
458.673 1.23201e-06 1.23201e-06
464.956 1.17928e-06 1.17928e-06
471.239 1.13483e-06 1.13483e-06
477.522 1.08667e-06 1.08667e-06
483.805 1.04617e-06 1.04617e-06
490.088 1.00212e-06 1.00212e-06
496.372 9.65162e-07 9.65162e-07
502.655 9.24812e-07 9.24812e-07
508.938 8.9104e-07 8.9104e-07
515.221 8.54034e-07 8.54034e-07
521.504 8.23138e-07 8.23138e-07
527.788 7.89157e-07 7.89157e-07
534.071 7.60859e-07 7.60859e-07
540.354 7.29621e-07 7.29621e-07
546.637 7.03677e-07 7.03677e-07
552.92 6.7493e-07 6.7493e-07
559.203 6.51121e-07 6.51121e-07
565.487 6.24642e-07 6.24642e-07
571.77 6.02773e-07 6.02773e-07
578.053 5.78361e-07 5.78361e-07
584.336 5.58256e-07 5.58256e-07
590.619 5.35731e-07 5.35731e-07
596.903 5.17236e-07 5.17236e-07
603.186 4.96434e-07 4.96434e-07
609.469 4.79407e-07 4.79407e-07
615.752 4.60185e-07 4.60185e-07
622.035 4.445e-07 4.445e-07
628.319 4.26723e-07 4.26723e-07
634.602 4.12266e-07 4.12266e-07
640.885 3.95817e-07 3.95817e-07
647.168 3.82483e-07 3.82483e-07
653.451 3.67253e-07 3.67253e-07
659.734 3.5495e-07 3.5495e-07
666.018 3.40841e-07 3.40841e-07
672.301 3.29484e-07 3.29484e-07
678.584 3.16406e-07 3.16406e-07
684.867 3.05917e-07 3.05917e-07
691.15 2.9379e-07 2.9379e-07
697.434 2.841e-07 2.841e-07
703.717 2.72849e-07 2.72849e-07
710 2.63893e-07 2.63893e-07
716.283 2.5345e-07 2.5345e-07
722.566 2.4517e-07 2.4517e-07
728.849 2.35473e-07 2.35473e-07
735.133 2.27816e-07 2.27816e-07
741.416 2.18809e-07 2.18809e-07
747.699 2.11726e-07 2.11726e-07
753.982 2.03356e-07 2.03356e-07
760.265 1.96802e-07 1.96802e-07
766.549 1.89022e-07 1.89022e-07
772.832 1.82957e-07 1.82957e-07
779.115 1.75723e-07 1.75723e-07
785.398 1.70109e-07 1.70109e-07
791.681 1.6338e-07 1.6338e-07
797.965 1.58183e-07 1.58183e-07
804.248 1.51923e-07 1.51923e-07
810.531 1.4711e-07 1.4711e-07
816.814 1.41284e-07 1.41284e-07
823.097 1.36827e-07 1.36827e-07
829.38 1.31404e-07 1.31404e-07
835.664 1.27276e-07 1.27276e-07
841.947 1.22226e-07 1.22226e-07
848.23 1.18403e-07 1.18403e-07
854.513 1.137e-07 1.137e-07
860.796 1.10158e-07 1.10158e-07
867.08 1.05777e-07 1.05777e-07
873.363 1.02496e-07 1.02496e-07
879.646 9.84141e-08 9.84141e-08
885.929 9.53743e-08 9.53743e-08
892.212 9.15701e-08 9.15701e-08
898.495 8.87537e-08 8.87537e-08
904.779 8.52078e-08 8.52078e-08
911.062 8.25983e-08 8.25983e-08
917.345 7.92924e-08 7.92924e-08
923.628 7.68747e-08 7.68747e-08
929.911 7.37921e-08 7.37921e-08
936.195 7.15519e-08 7.15519e-08
942.478 6.8677e-08 6.8677e-08
948.761 6.66013e-08 6.66013e-08
955.044 6.39196e-08 6.39196e-08
961.327 6.19966e-08 6.19966e-08
967.611 5.94947e-08 5.94947e-08
973.894 5.7713e-08 5.7713e-08
980.177 5.53785e-08 5.53785e-08
986.46 5.37278e-08 5.37278e-08
992.743 5.15492e-08 5.15492e-08
999.026 5.002e-08 5.002e-08
1005.31 4.79865e-08 4.79865e-08
1011.59 4.65699e-08 4.65699e-08
1017.88 4.46716e-08 4.46716e-08
1024.16 4.33595e-08 4.33595e-08
1030.44 4.15871e-08 4.15871e-08
1036.73 4.03718e-08 4.03718e-08
1043.01 3.87167e-08 3.87167e-08
1049.29 3.75912e-08 3.75912e-08
1055.58 3.60455e-08 3.60455e-08
1061.86 3.50033e-08 3.50033e-08
1068.14 3.35595e-08 3.35595e-08
1074.42 3.25945e-08 3.25945e-08
1080.71 3.12458e-08 3.12458e-08
1086.99 3.03524e-08 3.03524e-08
1093.27 2.90922e-08 2.90922e-08
1099.56 2.82652e-08 2.82652e-08
1105.84 2.70876e-08 2.70876e-08
1112.12 2.63223e-08 2.63223e-08
1118.41 2.52217e-08 2.52217e-08
1124.69 2.45134e-08 2.45134e-08
1130.97 2.34848e-08 2.34848e-08
1137.26 2.28294e-08 2.28294e-08
1143.54 2.18678e-08 2.18678e-08
1149.82 2.12616e-08 2.12616e-08
1156.11 2.03625e-08 2.03625e-08
1162.39 1.98018e-08 1.98018e-08
1168.67 1.89611e-08 1.89611e-08
1174.96 1.84427e-08 1.84427e-08
1181.24 1.76564e-08 1.76564e-08
1187.52 1.71771e-08 1.71771e-08
1193.81 1.64417e-08 1.64417e-08
1200.09 1.59987e-08 1.59987e-08
1206.37 1.53108e-08 1.53108e-08
1212.65 1.49013e-08 1.49013e-08
1218.94 1.42577e-08 1.42577e-08
1225.22 1.38795e-08 1.38795e-08
1231.5 1.32773e-08 1.32773e-08
1237.79 1.2928e-08 1.2928e-08
1244.07 1.23644e-08 1.23644e-08
1250.35 1.20418e-08 1.20418e-08
1256.64 1.15143e-08 1.15143e-08
1262.92 1.12166e-08 1.12166e-08
1269.2 1.07228e-08 1.07228e-08
1275.49 1.04481e-08 1.04481e-08
1281.77 9.98578e-09 9.98578e-09
1288.05 9.73234e-09 9.73234e-09
1294.34 9.29946e-09 9.29946e-09
1300.62 9.06576e-09 9.06576e-09
1306.9 8.66037e-09 8.66037e-09
1313.19 8.44494e-09 8.44494e-09
1319.47 8.06524e-09 8.06524e-09
1325.75 7.86674e-09 7.86674e-09
1332.04 7.51105e-09 7.51105e-09
1338.32 7.32821e-09 7.32821e-09
1344.6 6.99497e-09 6.99497e-09
1350.88 6.82663e-09 6.82663e-09
1357.17 6.51437e-09 6.51437e-09
1363.45 6.35946e-09 6.35946e-09
1369.73 6.06682e-09 6.06682e-09
1376.02 5.92433e-09 5.92433e-09
1382.3 5.65003e-09 5.65003e-09
1388.58 5.51903e-09 5.51903e-09
1394.87 5.26188e-09 5.26188e-09
1401.15 5.14152e-09 5.14152e-09
1407.43 4.90042e-09 4.90042e-09
1413.72 4.78989e-09 4.78989e-09
1420 4.56379e-09 4.56379e-09
1426.28 4.46235e-09 4.46235e-09
1432.57 4.25029e-09 4.25029e-09
1438.85 4.15725e-09 4.15725e-09
1445.13 3.95833e-09 3.95833e-09
1451.42 3.87306e-09 3.87306e-09
1457.7 3.68643e-09 3.68643e-09
1463.98 3.60833e-09 3.60833e-09
1470.27 3.4332e-09 3.4332e-09
1476.55 3.36173e-09 3.36173e-09
1482.83 3.19737e-09 3.19737e-09
1489.11 3.13202e-09 3.13202e-09
1495.4 2.97774e-09 2.97774e-09
1501.68 2.91804e-09 2.91804e-09
1507.96 2.77319e-09 2.77319e-09
1514.25 2.7187e-09 2.7187e-09
1520.53 2.58269e-09 2.58269e-09
1526.81 2.53301e-09 2.53301e-09
1533.1 2.40528e-09 2.40528e-09
1539.38 2.36003e-09 2.36003e-09
1545.66 2.24004e-09 2.24004e-09
1551.95 2.19888e-09 2.19888e-09
1558.23 2.08616e-09 2.08616e-09
1564.51 2.04876e-09 2.04876e-09
1570.8 1.94284e-09 1.94284e-09
1577.08 1.90891e-09 1.90891e-09
1583.36 1.80936e-09 1.80936e-09
1589.65 1.77863e-09 1.77863e-09
1595.93 1.68505e-09 1.68505e-09
1602.21 1.65725e-09 1.65725e-09
1608.5 1.56927e-09 1.56927e-09
1614.78 1.54418e-09 1.54418e-09
1621.06 1.46144e-09 1.46144e-09
1627.34 1.43883e-09 1.43883e-09
1633.63 1.36102e-09 1.36102e-09
1639.91 1.34069e-09 1.34069e-09
1646.19 1.26749e-09 1.26749e-09
1652.48 1.24926e-09 1.24926e-09
1658.76 1.18039e-09 1.18039e-09
1665.04 1.16407e-09 1.16407e-09
1671.33 1.09926e-09 1.09926e-09
1677.61 1.08471e-09 1.08471e-09
1683.89 1.02371e-09 1.02371e-09
1690.18 1.01077e-09 1.01077e-09
1696.46 9.53339e-10 9.53339e-10
1702.74 9.41881e-10 9.41881e-10
1709.03 8.87803e-10 8.87803e-10
1715.31 8.77699e-10 8.77699e-10
1721.59 8.26768e-10 8.26768e-10
1727.88 8.17901e-10 8.17901e-10
1734.16 7.69923e-10 7.69923e-10
1740.44 7.62186e-10 7.62186e-10
1746.73 7.16982e-10 7.16982e-10
1753.01 7.10276e-10 7.10276e-10
1759.29 6.67677e-10 6.67677e-10
1765.58 6.61911e-10 6.61911e-10
1771.86 6.21758e-10 6.21758e-10
1778.14 6.16847e-10 6.16847e-10
1784.42 5.78992e-10 5.78992e-10
1790.71 5.74859e-10 5.74859e-10
1796.99 5.39163e-10 5.39163e-10
1803.27 5.35736e-10 5.35736e-10
1809.56 5.02069e-10 5.02069e-10
1815.84 4.99284e-10 4.99284e-10
1822.12 4.67524e-10 4.67524e-10
1828.41 4.65318e-10 4.65318e-10
1834.69 4.35351e-10 4.35351e-10
1840.97 4.3367e-10 4.3367e-10
1847.26 4.05388e-10 4.05388e-10
1853.54 4.0418e-10 4.0418e-10
1859.82 3.77484e-10 3.77484e-10
1866.11 3.76702e-10 3.76702e-10
1872.39 3.51496e-10 3.51496e-10
1878.67 3.51097e-10 3.51097e-10
1884.96 3.27294e-10 3.27294e-10
1891.24 3.27238e-10 3.27238e-10
1897.52 3.04755e-10 3.04755e-10
1903.81 3.05006e-10 3.05006e-10
1910.09 2.83765e-10 2.83765e-10
1916.37 2.84289e-10 2.84289e-10
1922.65 2.64217e-10 2.64217e-10
1928.94 2.64983e-10 2.64983e-10
1935.22 2.46013e-10 2.46013e-10
1941.5 2.46994e-10 2.46994e-10
1947.79 2.29059e-10 2.29059e-10
1954.07 2.30229e-10 2.30229e-10
1960.35 2.13271e-10 2.13271e-10
1966.64 2.14607e-10 2.14607e-10
1972.92 1.98569e-10 1.98569e-10
1979.2 2.00048e-10 2.00048e-10
1985.49 1.84877e-10 1.84877e-10
1991.77 1.86481e-10 1.86481e-10
1998.05 1.72126e-10 1.72126e-10
2004.34 1.73838e-10 1.73838e-10
2010.62 1.60253e-10 1.60253e-10
2016.9 1.62055e-10 1.62055e-10
2023.19 1.49196e-10 1.49196e-10
2029.47 1.51074e-10 1.51074e-10
2035.75 1.38899e-10 1.38899e-10
2042.04 1.4084e-10 1.4084e-10
2048.32 1.29311e-10 1.29311e-10
2054.6 1.31302e-10 1.31302e-10
2060.88 1.20382e-10 1.20382e-10
2067.17 1.22413e-10 1.22413e-10
2073.45 1.12068e-10 1.12068e-10
2079.73 1.14129e-10 1.14129e-10
2086.02 1.04326e-10 1.04326e-10
2092.3 1.06407e-10 1.06407e-10
2098.58 9.71167e-11 9.71167e-11
2104.87 9.92108e-11 9.92108e-11
2111.15 9.04037e-11 9.04037e-11
2117.43 9.25034e-11 9.25034e-11
2123.72 8.41528e-11 8.41528e-11
2130 8.62518e-11 8.62518e-11
2136.28 7.83325e-11 7.83325e-11
2142.57 8.04247e-11 8.04247e-11
2148.85 7.29129e-11 7.29129e-11
2155.13 7.49934e-11 7.49934e-11
2161.42 6.78667e-11 6.78667e-11
2167.7 6.99309e-11 6.99309e-11
2173.98 6.31681e-11 6.31681e-11
2180.27 6.5212e-11 6.5212e-11
2186.55 5.87933e-11 5.87933e-11
2192.83 6.08134e-11 6.08134e-11
2199.11 5.472e-11 5.472e-11
2205.4 5.67131e-11 5.67131e-11
2211.68 5.09275e-11 5.09275e-11
2217.96 5.2891e-11 5.2891e-11
2224.25 4.73965e-11 4.73965e-11
2230.53 4.93281e-11 4.93281e-11
2236.81 4.4109e-11 4.4109e-11
2243.1 4.60067e-11 4.60067e-11
2249.38 4.10483e-11 4.10483e-11
2255.66 4.29103e-11 4.29103e-11
2261.95 3.81988e-11 3.81988e-11
2268.23 4.00238e-11 4.00238e-11
2274.51 3.55459e-11 3.55459e-11
2280.8 3.73328e-11 3.73328e-11
2287.08 3.30761e-11 3.30761e-11
2293.36 3.4824e-11 3.4824e-11
2299.65 3.07769e-11 3.07769e-11
2305.93 3.2485e-11 3.2485e-11
2312.21 2.86365e-11 2.86365e-11
2318.5 3.03043e-11 3.03043e-11
2324.78 2.6644e-11 2.6644e-11
2331.06 2.82712e-11 2.82712e-11
2337.34 2.47891e-11 2.47891e-11
2343.63 2.63755e-11 2.63755e-11
2349.91 2.30625e-11 2.30625e-11
2356.19 2.46079e-11 2.46079e-11
2362.48 2.14553e-11 2.14553e-11
2368.76 2.29598e-11 2.29598e-11
2375.04 1.99592e-11 1.99592e-11
2381.33 2.14231e-11 2.14231e-11
2387.61 1.85667e-11 1.85667e-11
2393.89 1.99901e-11 1.99901e-11
2400.18 1.72705e-11 1.72705e-11
2406.46 1.86539e-11 1.86539e-11
2412.74 1.60641e-11 1.60641e-11
2419.03 1.74078e-11 1.74078e-11
2425.31 1.49413e-11 1.49413e-11
2431.59 1.62458e-11 1.62458e-11
2437.88 1.38962e-11 1.38962e-11
2444.16 1.51621e-11 1.51621e-11
2450.44 1.29236e-11 1.29236e-11
2456.73 1.41514e-11 1.41514e-11
2463.01 1.20185e-11 1.20185e-11
2469.29 1.32089e-11 1.32089e-11
2475.58 1.11761e-11 1.11761e-11
2481.86 1.23298e-11 1.23298e-11
2488.14 1.03922e-11 1.03922e-11
2494.42 1.15098e-11 1.15098e-11
2500.71 9.66279e-12 9.66279e-12
2506.99 1.07451e-11 1.07451e-11
2513.27 8.98401e-12 8.98401e-12
2519.56 1.00317e-11 1.00317e-11
2525.84 8.35241e-12 8.35241e-12
2532.12 9.36632e-12 9.36632e-12
2538.41 7.76472e-12 7.76472e-12
2544.69 8.74561e-12 8.74561e-12
2550.97 7.21793e-12 7.21793e-12
2557.26 8.16658e-12 8.16658e-12
2563.54 6.70919e-12 6.70919e-12
2569.82 7.6264e-12 7.6264e-12
2576.11 6.23589e-12 6.23589e-12
2582.39 7.12245e-12 7.12245e-12
2588.67 5.79557e-12 5.79557e-12
2594.96 6.65228e-12 6.65228e-12
2601.24 5.38595e-12 5.38595e-12
2607.52 6.21361e-12 6.21361e-12
2613.81 5.00492e-12 5.00492e-12
2620.09 5.8043e-12 5.8043e-12
2626.37 4.65048e-12 4.65048e-12
2632.65 5.42239e-12 5.42239e-12
2638.94 4.3208e-12 4.3208e-12
2645.22 5.06601e-12 5.06601e-12
2651.5 4.01417e-12 4.01417e-12
2657.79 4.73344e-12 4.73344e-12
2664.07 3.72899e-12 3.72899e-12
2670.35 4.42309e-12 4.42309e-12
2676.64 3.46377e-12 3.46377e-12
2682.92 4.13344e-12 4.13344e-12
2689.2 3.21713e-12 3.21713e-12
2695.49 3.86312e-12 3.86312e-12
2701.77 2.98778e-12 2.98778e-12
2708.05 3.6108e-12 3.6108e-12
2714.34 2.77452e-12 2.77452e-12
2720.62 3.37529e-12 3.37529e-12
2726.9 2.57623e-12 2.57623e-12
2733.19 3.15546e-12 3.15546e-12
2739.47 2.39188e-12 2.39188e-12
2745.75 2.95024e-12 2.95024e-12
2752.04 2.2205e-12 2.2205e-12
2758.32 2.75865e-12 2.75865e-12
2764.6 2.06118e-12 2.06118e-12
2770.88 2.57978e-12 2.57978e-12
2777.17 1.91309e-12 1.91309e-12
2783.45 2.41278e-12 2.41278e-12
2789.73 1.77544e-12 1.77544e-12
2796.02 2.25685e-12 2.25685e-12
2802.3 1.64751e-12 1.64751e-12
2808.58 2.11124e-12 2.11124e-12
2814.87 1.52862e-12 1.52862e-12
2821.15 1.97526e-12 1.97526e-12
2827.43 1.41814e-12 1.41814e-12
2833.72 1.84827e-12 1.84827e-12
2840 1.31549e-12 1.31549e-12
2846.28 1.72967e-12 1.72967e-12
2852.57 1.22011e-12 1.22011e-12
2858.85 1.61889e-12 1.61889e-12
2865.13 1.1315e-12 1.1315e-12
2871.42 1.51541e-12 1.51541e-12
2877.7 1.0492e-12 1.0492e-12
2883.98 1.41874e-12 1.41874e-12
2890.27 9.72744e-13 9.72744e-13
2896.55 1.32843e-12 1.32843e-12
2902.83 9.01739e-13 9.01739e-13
2909.11 1.24405e-12 1.24405e-12
2915.4 8.358e-13 8.358e-13
2921.68 1.16521e-12 1.16521e-12
2927.96 7.74572e-13 7.74572e-13
2934.25 1.09154e-12 1.09154e-12
2940.53 7.17724e-13 7.17724e-13
2946.81 1.02268e-12 1.02268e-12
2953.1 6.64949e-13 6.64949e-13
2959.38 9.58336e-13 9.58336e-13
2965.66 6.15961e-13 6.15961e-13
2971.95 8.9819e-13 8.9819e-13
2978.23 5.70494e-13 5.70494e-13
2984.51 8.41967e-13 8.41967e-13
2990.8 5.283e-13 5.283e-13
2997.08 7.89406e-13 7.89406e-13
3003.36 4.89148e-13 4.89148e-13
3009.65 7.40265e-13 7.40265e-13
3015.93 4.52825e-13 4.52825e-13
3022.21 6.94316e-13 6.94316e-13
3028.5 4.19129e-13 4.19129e-13
3034.78 6.51347e-13 6.51347e-13
3041.06 3.87877e-13 3.87877e-13
3047.34 6.11162e-13 6.11162e-13
3053.63 3.58895e-13 3.58895e-13
3059.91 5.73577e-13 5.73577e-13
3066.19 3.32022e-13 3.32022e-13
3072.48 5.38419e-13 5.38419e-13
3078.76 3.07109e-13 3.07109e-13
3085.04 5.05528e-13 5.05528e-13
3091.33 2.84017e-13 2.84017e-13
3097.61 4.74755e-13 4.74755e-13
3103.89 2.62617e-13 2.62617e-13
3110.18 4.4596e-13 4.4596e-13
3116.46 2.42788e-13 2.42788e-13
3122.74 4.19013e-13 4.19013e-13
3129.03 2.24419e-13 2.24419e-13
3135.31 3.93792e-13 3.93792e-13
3141.59 2.07404e-13 2.07404e-13
3147.88 3.70184e-13 3.70184e-13
3154.16 1.91649e-13 1.91649e-13
3160.44 3.48083e-13 3.48083e-13
3166.73 1.77061e-13 1.77061e-13
3173.01 3.2739e-13 3.2739e-13
3179.29 1.63559e-13 1.63559e-13
3185.57 3.08013e-13 3.08013e-13
3191.86 1.51064e-13 1.51064e-13
3198.14 2.89866e-13 2.89866e-13
3204.42 1.39504e-13 1.39504e-13
3210.71 2.72869e-13 2.72869e-13
3216.99 1.28811e-13 1.28811e-13
3223.27 2.56946e-13 2.56946e-13
3229.56 1.18923e-13 1.18923e-13
3235.84 2.42028e-13 2.42028e-13
3242.12 1.09782e-13 1.09782e-13
3248.41 2.28049e-13 2.28049e-13
3254.69 1.01334e-13 1.01334e-13
3260.97 2.14949e-13 2.14949e-13
3267.26 9.3528e-14 9.3528e-14
3273.54 2.02669e-13 2.02669e-13
3279.82 8.63184e-14 8.63184e-14
3286.11 1.91157e-13 1.91157e-13
3292.39 7.96613e-14 7.96613e-14
3298.67 1.80364e-13 1.80364e-13
3304.96 7.35166e-14 7.35166e-14
3311.24 1.70242e-13 1.70242e-13
3317.52 6.78468e-14 6.78468e-14
3323.81 1.60749e-13 1.60749e-13
3330.09 6.2617e-14 6.2617e-14
3336.37 1.51843e-13 1.51843e-13
3342.65 5.77951e-14 5.77951e-14
3348.94 1.43488e-13 1.43488e-13
3355.22 5.33509e-14 5.33509e-14
3361.5 1.35648e-13 1.35648e-13
3367.79 4.92567e-14 4.92567e-14
3374.07 1.28289e-13 1.28289e-13
3380.35 4.54865e-14 4.54865e-14
3386.64 1.21382e-13 1.21382e-13
3392.92 4.20163e-14 4.20163e-14
3399.2 1.14896e-13 1.14896e-13
3405.49 3.88238e-14 3.88238e-14
3411.77 1.08806e-13 1.08806e-13
3418.05 3.58882e-14 3.58882e-14
3424.34 1.03086e-13 1.03086e-13
3430.62 3.31904e-14 3.31904e-14
3436.9 9.77125e-14 9.77125e-14
3443.19 3.07124e-14 3.07124e-14
3449.47 9.26634e-14 9.26634e-14
3455.75 2.84378e-14 2.84378e-14
3462.04 8.79184e-14 8.79184e-14
3468.32 2.63512e-14 2.63512e-14
3474.6 8.34581e-14 8.34581e-14
3480.88 2.44383e-14 2.44383e-14
3487.17 7.92648e-14 7.92648e-14
3493.45 2.26858e-14 2.26858e-14
3499.73 7.53214e-14 7.53214e-14
3506.02 2.10816e-14 2.10816e-14
3512.3 7.16124e-14 7.16124e-14
3518.58 1.96141e-14 1.96141e-14
3524.87 6.81231e-14 6.81231e-14
3531.15 1.8273e-14 1.8273e-14
3537.43 6.48397e-14 6.48397e-14
3543.72 1.70484e-14 1.70484e-14
3550 6.17493e-14 6.17493e-14
3556.28 1.59312e-14 1.59312e-14
3562.57 5.88401e-14 5.88401e-14
3568.85 1.49131e-14 1.49131e-14
3575.13 5.61006e-14 5.61006e-14
3581.42 1.39863e-14 1.39863e-14
3587.7 5.35205e-14 5.35205e-14
3593.98 1.31435e-14 1.31435e-14
3600.27 5.10898e-14 5.10898e-14
3606.55 1.23781e-14 1.23781e-14
3612.83 4.87994e-14 4.87994e-14
3619.11 1.1684e-14 1.1684e-14
3625.4 4.66406e-14 4.66406e-14
3631.68 1.10553e-14 1.10553e-14
3637.96 4.46054e-14 4.46054e-14
3644.25 1.04868e-14 1.04868e-14
3650.53 4.26861e-14 4.26861e-14
3656.81 9.97357e-15 9.97357e-15
3663.1 4.08758e-14 4.08758e-14
3669.38 9.51113e-15 9.51113e-15
3675.66 3.91678e-14 3.91678e-14
3681.95 9.09526e-15 9.09526e-15
3688.23 3.75558e-14 3.75558e-14
3694.51 8.72208e-15 8.72208e-15
3700.8 3.60342e-14 3.60342e-14
3707.08 8.38802e-15 8.38802e-15
3713.36 3.45974e-14 3.45974e-14
3719.65 8.08976e-15 8.08976e-15
3725.93 3.32403e-14 3.32403e-14
3732.21 7.82426e-15 7.82426e-15
3738.5 3.19582e-14 3.19582e-14
3744.78 7.58867e-15 7.58867e-15
3751.06 3.07465e-14 3.07465e-14
3757.34 7.38041e-15 7.38041e-15
3763.63 2.96012e-14 2.96012e-14
3769.91 7.19707e-15 7.19707e-15
3776.19 2.85181e-14 2.85181e-14
3782.48 7.03643e-15 7.03643e-15
3788.76 2.74938e-14 2.74938e-14
3795.04 6.89644e-15 6.89644e-15
3801.33 2.65246e-14 2.65246e-14
3807.61 6.77522e-15 6.77522e-15
3813.89 2.56073e-14 2.56073e-14
3820.18 6.67105e-15 6.67105e-15
3826.46 2.4739e-14 2.4739e-14
3832.74 6.58231e-15 6.58231e-15
3839.03 2.39167e-14 2.39167e-14
3845.31 6.50754e-15 6.50754e-15
3851.59 2.31378e-14 2.31378e-14
3857.88 6.44539e-15 6.44539e-15
3864.16 2.23997e-14 2.23997e-14
3870.44 6.39461e-15 6.39461e-15
3876.73 2.17001e-14 2.17001e-14
3883.01 6.35407e-15 6.35407e-15
3889.29 2.10368e-14 2.10368e-14
3895.57 6.32271e-15 6.32271e-15
3901.86 2.04076e-14 2.04076e-14
3908.14 6.29957e-15 6.29957e-15
3914.42 1.98107e-14 1.98107e-14
3920.71 6.28377e-15 6.28377e-15
3926.99 1.92443e-14 1.92443e-14
3933.27 6.27451e-15 6.27451e-15
3939.56 1.87065e-14 1.87065e-14
3945.84 6.27104e-15 6.27104e-15
3952.12 1.81957e-14 1.81957e-14
3958.41 6.27268e-15 6.27268e-15
3964.69 1.77105e-14 1.77105e-14
3970.97 6.27882e-15 6.27882e-15
3977.26 1.72494e-14 1.72494e-14
3983.54 6.2889e-15 6.2889e-15
3989.82 1.68111e-14 1.68111e-14
3996.11 6.30239e-15 6.30239e-15
4002.39 1.63942e-14 1.63942e-14
4008.67 6.31883e-15 6.31883e-15
4014.96 1.59977e-14 1.59977e-14
4021.24 6.33779e-15 6.33779e-15
4027.52 1.56204e-14 1.56204e-14
4033.8 6.35889e-15 6.35889e-15
4040.09 1.52612e-14 1.52612e-14
4046.37 6.38177e-15 6.38177e-15
4052.65 1.49191e-14 1.49191e-14
4058.94 6.40612e-15 6.40612e-15
4065.22 1.45933e-14 1.45933e-14
4071.5 6.43164e-15 6.43164e-15
4077.79 1.42828e-14 1.42828e-14
4084.07 6.45808e-15 6.45808e-15
4090.35 1.39868e-14 1.39868e-14
4096.64 6.48519e-15 6.48519e-15
4102.92 1.37045e-14 1.37045e-14
4109.2 6.51278e-15 6.51278e-15
4115.49 1.34352e-14 1.34352e-14
4121.77 6.54065e-15 6.54065e-15
4128.05 1.31783e-14 1.31783e-14
4134.34 6.56862e-15 6.56862e-15
4140.62 1.2933e-14 1.2933e-14
4146.9 6.59656e-15 6.59656e-15
4153.19 1.26987e-14 1.26987e-14
4159.47 6.62433e-15 6.62433e-15
4165.75 1.24749e-14 1.24749e-14
4172.04 6.6518e-15 6.6518e-15
4178.32 1.2261e-14 1.2261e-14
4184.6 6.67887e-15 6.67887e-15
4190.88 1.20565e-14 1.20565e-14
4197.17 6.70545e-15 6.70545e-15
4203.45 1.1861e-14 1.1861e-14
4209.73 6.73147e-15 6.73147e-15
4216.02 1.16739e-14 1.16739e-14
4222.3 6.75684e-15 6.75684e-15
4228.58 1.14948e-14 1.14948e-14
4234.87 6.78151e-15 6.78151e-15
4241.15 1.13234e-14 1.13234e-14
4247.43 6.80544e-15 6.80544e-15
4253.72 1.11592e-14 1.11592e-14
4260 6.82857e-15 6.82857e-15
4266.28 1.10018e-14 1.10018e-14
4272.57 6.85087e-15 6.85087e-15
4278.85 1.0851e-14 1.0851e-14
4285.13 6.87232e-15 6.87232e-15
4291.42 1.07064e-14 1.07064e-14
4297.7 6.89288e-15 6.89288e-15
4303.98 1.05677e-14 1.05677e-14
4310.27 6.91255e-15 6.91255e-15
4316.55 1.04345e-14 1.04345e-14
4322.83 6.93131e-15 6.93131e-15
4329.11 1.03068e-14 1.03068e-14
4335.4 6.94914e-15 6.94914e-15
4341.68 1.0184e-14 1.0184e-14
4347.96 6.96606e-15 6.96606e-15
4354.25 1.00661e-14 1.00661e-14
4360.53 6.98206e-15 6.98206e-15
4366.81 9.95283e-15 9.95283e-15
4373.1 6.99713e-15 6.99713e-15
4379.38 9.8439e-15 9.8439e-15
4385.66 7.0113e-15 7.0113e-15
4391.95 9.73913e-15 9.73913e-15
4398.23 7.02455e-15 7.02455e-15
4404.51 9.63833e-15 9.63833e-15
4410.8 7.03691e-15 7.03691e-15
4417.08 9.54131e-15 9.54131e-15
4423.36 7.04839e-15 7.04839e-15
4429.65 9.44789e-15 9.44789e-15
4435.93 7.059e-15 7.059e-15
4442.21 9.3579e-15 9.3579e-15
4448.5 7.06875e-15 7.06875e-15
4454.78 9.27119e-15 9.27119e-15
4461.06 7.07767e-15 7.07767e-15
4467.34 9.18761e-15 9.18761e-15
4473.63 7.08576e-15 7.08576e-15
4479.91 9.10701e-15 9.10701e-15
4486.19 7.09306e-15 7.09306e-15
4492.48 9.02925e-15 9.02925e-15
4498.76 7.09957e-15 7.09957e-15
4505.04 8.95422e-15 8.95422e-15
4511.33 7.10532e-15 7.10532e-15
4517.61 8.88178e-15 8.88178e-15
4523.89 7.11033e-15 7.11033e-15
4530.18 8.81182e-15 8.81182e-15
4536.46 7.11462e-15 7.11462e-15
4542.74 8.74423e-15 8.74423e-15
4549.03 7.11821e-15 7.11821e-15
4555.31 8.67891e-15 8.67891e-15
4561.59 7.12113e-15 7.12113e-15
4567.88 8.61575e-15 8.61575e-15
4574.16 7.12339e-15 7.12339e-15
4580.44 8.55467e-15 8.55467e-15
4586.73 7.12501e-15 7.12501e-15
4593.01 8.49558e-15 8.49558e-15
4599.29 7.12602e-15 7.12602e-15
4605.57 8.43838e-15 8.43838e-15
4611.86 7.12644e-15 7.12644e-15
4618.14 8.383e-15 8.383e-15
4624.42 7.12629e-15 7.12629e-15
4630.71 8.32937e-15 8.32937e-15
4636.99 7.1256e-15 7.1256e-15
4643.27 8.2774e-15 8.2774e-15
4649.56 7.12437e-15 7.12437e-15
4655.84 8.22703e-15 8.22703e-15
4662.12 7.12264e-15 7.12264e-15
4668.41 8.17819e-15 8.17819e-15
4674.69 7.12042e-15 7.12042e-15
4680.97 8.13082e-15 8.13082e-15
4687.26 7.11773e-15 7.11773e-15
4693.54 8.08486e-15 8.08486e-15
4699.82 7.1146e-15 7.1146e-15
4706.11 8.04026e-15 8.04026e-15
4712.39 7.11104e-15 7.11104e-15
4718.67 7.99695e-15 7.99695e-15
4724.96 7.10707e-15 7.10707e-15
4731.24 7.95489e-15 7.95489e-15
4737.52 7.10271e-15 7.10271e-15
4743.8 7.91403e-15 7.91403e-15
4750.09 7.09798e-15 7.09798e-15
4756.37 7.87432e-15 7.87432e-15
4762.65 7.09289e-15 7.09289e-15
4768.94 7.83571e-15 7.83571e-15
4775.22 7.08747e-15 7.08747e-15
4781.5 7.79817e-15 7.79817e-15
4787.79 7.08172e-15 7.08172e-15
4794.07 7.76165e-15 7.76165e-15
4800.35 7.07567e-15 7.07567e-15
4806.64 7.72612e-15 7.72612e-15
4812.92 7.06933e-15 7.06933e-15
4819.2 7.69153e-15 7.69153e-15
4825.49 7.06272e-15 7.06272e-15
4831.77 7.65785e-15 7.65785e-15
4838.05 7.05585e-15 7.05585e-15
4844.34 7.62505e-15 7.62505e-15
4850.62 7.04874e-15 7.04874e-15
4856.9 7.59309e-15 7.59309e-15
4863.19 7.04139e-15 7.04139e-15
4869.47 7.56196e-15 7.56196e-15
4875.75 7.03383e-15 7.03383e-15
4882.03 7.5316e-15 7.5316e-15
4888.32 7.02607e-15 7.02607e-15
4894.6 7.50201e-15 7.50201e-15
4900.88 7.01812e-15 7.01812e-15
4907.17 7.47314e-15 7.47314e-15
4913.45 7.00999e-15 7.00999e-15
4919.73 7.44498e-15 7.44498e-15
4926.02 7.0017e-15 7.0017e-15
4932.3 7.41751e-15 7.41751e-15
4938.58 6.99325e-15 6.99325e-15
4944.87 7.39068e-15 7.39068e-15
4951.15 6.98466e-15 6.98466e-15
4957.43 7.3645e-15 7.3645e-15
4963.72 6.97594e-15 6.97594e-15
4970 7.33893e-15 7.33893e-15
4976.28 6.9671e-15 6.9671e-15
4982.57 7.31395e-15 7.31395e-15
4988.85 6.95815e-15 6.95815e-15
4995.13 7.28955e-15 7.28955e-15
5001.42 6.94909e-15 6.94909e-15
5007.7 7.26571e-15 7.26571e-15
5013.98 6.93995e-15 6.93995e-15
5020.27 7.2424e-15 7.2424e-15
5026.55 6.93072e-15 6.93072e-15
5032.83 7.21961e-15 7.21961e-15
5039.11 6.92142e-15 6.92142e-15
5045.4 7.19733e-15 7.19733e-15
5051.68 6.91205e-15 6.91205e-15
5057.96 7.17553e-15 7.17553e-15
5064.25 6.90263e-15 6.90263e-15
5070.53 7.15421e-15 7.15421e-15
5076.81 6.89315e-15 6.89315e-15
5083.1 7.13335e-15 7.13335e-15
5089.38 6.88363e-15 6.88363e-15
5095.66 7.11294e-15 7.11294e-15
5101.95 6.87408e-15 6.87408e-15
5108.23 7.09296e-15 7.09296e-15
5114.51 6.8645e-15 6.8645e-15
5120.8 7.0734e-15 7.0734e-15
5127.08 6.8549e-15 6.8549e-15
5133.36 7.05425e-15 7.05425e-15
5139.65 6.84529e-15 6.84529e-15
5145.93 7.03549e-15 7.03549e-15
5152.21 6.83566e-15 6.83566e-15
5158.5 7.01712e-15 7.01712e-15
5164.78 6.82603e-15 6.82603e-15
5171.06 6.99913e-15 6.99913e-15
5177.34 6.81641e-15 6.81641e-15
5183.63 6.9815e-15 6.9815e-15
5189.91 6.80679e-15 6.80679e-15
5196.19 6.96422e-15 6.96422e-15
5202.48 6.79719e-15 6.79719e-15
5208.76 6.94729e-15 6.94729e-15
5215.04 6.7876e-15 6.7876e-15
5221.33 6.9307e-15 6.9307e-15
5227.61 6.77804e-15 6.77804e-15
5233.89 6.91444e-15 6.91444e-15
5240.18 6.7685e-15 6.7685e-15
5246.46 6.89849e-15 6.89849e-15
5252.74 6.759e-15 6.759e-15
5259.03 6.88286e-15 6.88286e-15
5265.31 6.74953e-15 6.74953e-15
5271.59 6.86754e-15 6.86754e-15
5277.88 6.74011e-15 6.74011e-15
5284.16 6.85251e-15 6.85251e-15
5290.44 6.73072e-15 6.73072e-15
5296.73 6.83777e-15 6.83777e-15
5303.01 6.72139e-15 6.72139e-15
5309.29 6.82331e-15 6.82331e-15
5315.57 6.7121e-15 6.7121e-15
5321.86 6.80913e-15 6.80913e-15
5328.14 6.70287e-15 6.70287e-15
5334.42 6.79522e-15 6.79522e-15
5340.71 6.6937e-15 6.6937e-15
5346.99 6.78158e-15 6.78158e-15
5353.27 6.68459e-15 6.68459e-15
5359.56 6.76819e-15 6.76819e-15
5365.84 6.67554e-15 6.67554e-15
5372.12 6.75506e-15 6.75506e-15
5378.41 6.66656e-15 6.66656e-15
5384.69 6.74218e-15 6.74218e-15
5390.97 6.65765e-15 6.65765e-15
5397.26 6.72954e-15 6.72954e-15
5403.54 6.64881e-15 6.64881e-15
5409.82 6.71714e-15 6.71714e-15
5416.11 6.64004e-15 6.64004e-15
5422.39 6.70497e-15 6.70497e-15
5428.67 6.63135e-15 6.63135e-15
5434.96 6.69303e-15 6.69303e-15
5441.24 6.62274e-15 6.62274e-15
5447.52 6.68132e-15 6.68132e-15
5453.8 6.61421e-15 6.61421e-15
5460.09 6.66983e-15 6.66983e-15
5466.37 6.60576e-15 6.60576e-15
5472.65 6.65855e-15 6.65855e-15
5478.94 6.5974e-15 6.5974e-15
5485.22 6.64749e-15 6.64749e-15
5491.5 6.58912e-15 6.58912e-15
5497.79 6.63663e-15 6.63663e-15
5504.07 6.58093e-15 6.58093e-15
5510.35 6.62598e-15 6.62598e-15
5516.64 6.57283e-15 6.57283e-15
5522.92 6.61554e-15 6.61554e-15
5529.2 6.56482e-15 6.56482e-15
5535.49 6.60529e-15 6.60529e-15
5541.77 6.5569e-15 6.5569e-15
5548.05 6.59524e-15 6.59524e-15
5554.34 6.54908e-15 6.54908e-15
5560.62 6.58538e-15 6.58538e-15
5566.9 6.54135e-15 6.54135e-15
5573.19 6.5757e-15 6.5757e-15
5579.47 6.53372e-15 6.53372e-15
5585.75 6.56622e-15 6.56622e-15
5592.03 6.52619e-15 6.52619e-15
5598.32 6.55692e-15 6.55692e-15
5604.6 6.51875e-15 6.51875e-15
5610.88 6.5478e-15 6.5478e-15
5617.17 6.51142e-15 6.51142e-15
5623.45 6.53886e-15 6.53886e-15
5629.73 6.50418e-15 6.50418e-15
5636.02 6.5301e-15 6.5301e-15
5642.3 6.49705e-15 6.49705e-15
5648.58 6.52151e-15 6.52151e-15
5654.87 6.49002e-15 6.49002e-15
5661.15 6.51309e-15 6.51309e-15
5667.43 6.48309e-15 6.48309e-15
5673.72 6.50485e-15 6.50485e-15
5680 6.47627e-15 6.47627e-15
5686.28 6.49677e-15 6.49677e-15
5692.57 6.46955e-15 6.46955e-15
5698.85 6.48885e-15 6.48885e-15
5705.13 6.46294e-15 6.46294e-15
5711.42 6.4811e-15 6.4811e-15
5717.7 6.45644e-15 6.45644e-15
5723.98 6.47351e-15 6.47351e-15
5730.27 6.45004e-15 6.45004e-15
5736.55 6.46608e-15 6.46608e-15
5742.83 6.44375e-15 6.44375e-15
5749.11 6.45881e-15 6.45881e-15
5755.4 6.43756e-15 6.43756e-15
5761.68 6.4517e-15 6.4517e-15
5767.96 6.43149e-15 6.43149e-15
5774.25 6.44474e-15 6.44474e-15
5780.53 6.42552e-15 6.42552e-15
5786.81 6.43793e-15 6.43793e-15
5793.1 6.41967e-15 6.41967e-15
5799.38 6.43128e-15 6.43128e-15
5805.66 6.41392e-15 6.41392e-15
5811.95 6.42477e-15 6.42477e-15
5818.23 6.40829e-15 6.40829e-15
5824.51 6.41842e-15 6.41842e-15
5830.8 6.40276e-15 6.40276e-15
5837.08 6.41221e-15 6.41221e-15
5843.36 6.39735e-15 6.39735e-15
5849.65 6.40615e-15 6.40615e-15
5855.93 6.39205e-15 6.39205e-15
5862.21 6.40023e-15 6.40023e-15
5868.5 6.38686e-15 6.38686e-15
5874.78 6.39446e-15 6.39446e-15
5881.06 6.38178e-15 6.38178e-15
5887.34 6.38883e-15 6.38883e-15
5893.63 6.37681e-15 6.37681e-15
5899.91 6.38334e-15 6.38334e-15
5906.19 6.37196e-15 6.37196e-15
5912.48 6.37799e-15 6.37799e-15
5918.76 6.36721e-15 6.36721e-15
5925.04 6.37278e-15 6.37278e-15
5931.33 6.36258e-15 6.36258e-15
5937.61 6.36771e-15 6.36771e-15
5943.89 6.35807e-15 6.35807e-15
5950.18 6.36278e-15 6.36278e-15
5956.46 6.35367e-15 6.35367e-15
5962.74 6.35798e-15 6.35798e-15
5969.03 6.34938e-15 6.34938e-15
5975.31 6.35332e-15 6.35332e-15
5981.59 6.3452e-15 6.3452e-15
5987.88 6.3488e-15 6.3488e-15
5994.16 6.34114e-15 6.34114e-15
6000.44 6.34441e-15 6.34441e-15
6006.73 6.33719e-15 6.33719e-15
6013.01 6.34015e-15 6.34015e-15
6019.29 6.33335e-15 6.33335e-15
6025.57 6.33603e-15 6.33603e-15
6031.86 6.32963e-15 6.32963e-15
6038.14 6.33203e-15 6.33203e-15
6044.42 6.32603e-15 6.32603e-15
6050.71 6.32817e-15 6.32817e-15
6056.99 6.32253e-15 6.32253e-15
6063.27 6.32444e-15 6.32444e-15
6069.56 6.31916e-15 6.31916e-15
6075.84 6.32084e-15 6.32084e-15
6082.12 6.31589e-15 6.31589e-15
6088.41 6.31737e-15 6.31737e-15
6094.69 6.31274e-15 6.31274e-15
6100.97 6.31403e-15 6.31403e-15
6107.26 6.30971e-15 6.30971e-15
6113.54 6.31081e-15 6.31081e-15
6119.82 6.30678e-15 6.30678e-15
6126.11 6.30773e-15 6.30773e-15
6132.39 6.30398e-15 6.30398e-15
6138.67 6.30477e-15 6.30477e-15
6144.96 6.30128e-15 6.30128e-15
6151.24 6.30193e-15 6.30193e-15
6157.52 6.29871e-15 6.29871e-15
6163.8 6.29923e-15 6.29923e-15
6170.09 6.29624e-15 6.29624e-15
6176.37 6.29665e-15 6.29665e-15
6182.65 6.29389e-15 6.29389e-15
6188.94 6.29419e-15 6.29419e-15
6195.22 6.29166e-15 6.29166e-15
6201.5 6.29186e-15 6.29186e-15
6207.79 6.28954e-15 6.28954e-15
6214.07 6.28966e-15 6.28966e-15
6220.35 6.28753e-15 6.28753e-15
6226.64 6.28757e-15 6.28757e-15
6232.92 6.28564e-15 6.28564e-15
6239.2 6.28562e-15 6.28562e-15
6245.49 6.28387e-15 6.28387e-15
6251.77 6.28378e-15 6.28378e-15
6258.05 6.2822e-15 6.2822e-15
6264.34 6.28207e-15 6.28207e-15
6270.62 6.28066e-15 6.28066e-15
6276.9 6.28049e-15 6.28049e-15
6283.19 6.27922e-15 6.27922e-15
6289.47 6.27902e-15 6.27902e-15
6295.75 6.27791e-15 6.27791e-15
6302.03 6.27768e-15 6.27768e-15
6308.32 6.2767e-15 6.2767e-15
6314.6 6.27646e-15 6.27646e-15
6320.88 6.27561e-15 6.27561e-15
6327.17 6.27537e-15 6.27537e-15
6333.45 6.27464e-15 6.27464e-15
6339.73 6.27439e-15 6.27439e-15
6346.02 6.27378e-15 6.27378e-15
6352.3 6.27354e-15 6.27354e-15
6358.58 6.27304e-15 6.27304e-15
6364.87 6.27281e-15 6.27281e-15
6371.15 6.27241e-15 6.27241e-15
6377.43 6.2722e-15 6.2722e-15
6383.72 6.27189e-15 6.27189e-15
6390 6.27172e-15 6.27172e-15
6396.28 6.27149e-15 6.27149e-15
6402.57 6.27135e-15 6.27135e-15
6408.85 6.2712e-15 6.2712e-15
6415.13 6.27111e-15 6.27111e-15
6421.42 6.27103e-15 6.27103e-15
6427.7 6.27099e-15 6.27099e-15
6433.98 6.27097e-15 6.27097e-15
