0 1.39613e-14 1.39613e-14
6.28319 0.0249239 0.0249239
12.5664 0.00618791 0.00618791
18.8496 0.00274734 0.00274734
25.1327 0.00154246 0.00154246
31.4159 0.000987871 0.000987871
37.6991 0.000684442 0.000684442
43.9823 0.000503411 0.000503411
50.2655 0.000384399 0.000384399
56.5487 0.000304053 0.000304053
62.8319 0.000245573 0.000245573
69.115 0.000203144 0.000203144
75.3982 0.000170173 0.000170173
81.6814 0.000145111 0.000145111
87.9646 0.000124713 0.000124713
94.2478 0.000108702 0.000108702
100.531 9.52098e-05 9.52098e-05
106.814 8.43716e-05 8.43716e-05
113.097 7.49837e-05 7.49837e-05
119.381 6.73127e-05 6.73127e-05
125.664 6.05172e-05 6.05172e-05
131.947 5.48925e-05 5.48925e-05
138.23 4.98147e-05 4.98147e-05
144.513 4.55701e-05 4.55701e-05
150.796 4.16756e-05 4.16756e-05
157.08 3.83952e-05 3.83952e-05
163.363 3.53424e-05 3.53424e-05
169.646 3.27559e-05 3.27559e-05
175.929 3.03181e-05 3.03181e-05
182.212 2.82435e-05 2.82435e-05
188.496 2.62658e-05 2.62658e-05
194.779 2.45769e-05 2.45769e-05
201.062 2.29502e-05 2.29502e-05
207.345 2.15574e-05 2.15574e-05
213.628 2.02032e-05 2.02032e-05
219.911 1.90416e-05 1.90416e-05
226.195 1.79021e-05 1.79021e-05
232.478 1.69235e-05 1.69235e-05
238.761 1.59557e-05 1.59557e-05
245.044 1.51238e-05 1.51238e-05
251.327 1.42947e-05 1.42947e-05
257.611 1.35819e-05 1.35819e-05
263.894 1.28663e-05 1.28663e-05
270.177 1.2251e-05 1.2251e-05
276.46 1.1629e-05 1.1629e-05
282.743 1.10945e-05 1.10945e-05
289.027 1.05505e-05 1.05505e-05
295.31 1.00833e-05 1.00833e-05
301.593 9.6049e-06 9.6049e-06
307.876 9.19427e-06 9.19427e-06
314.159 8.77134e-06 8.77134e-06
320.442 8.40865e-06 8.40865e-06
326.726 8.03296e-06 8.03296e-06
333.009 7.71114e-06 7.71114e-06
339.292 7.37594e-06 7.37594e-06
345.575 7.08918e-06 7.08918e-06
351.858 6.7889e-06 6.7889e-06
358.142 6.53237e-06 6.53237e-06
364.425 6.26237e-06 6.26237e-06
370.708 6.03205e-06 6.03205e-06
376.991 5.78843e-06 5.78843e-06
383.274 5.58095e-06 5.58095e-06
389.557 5.36043e-06 5.36043e-06
395.841 5.17293e-06 5.17293e-06
402.124 4.97272e-06 4.97272e-06
408.407 4.80279e-06 4.80279e-06
414.69 4.6205e-06 4.6205e-06
420.973 4.46608e-06 4.46608e-06
427.257 4.29968e-06 4.29968e-06
433.54 4.15899e-06 4.15899e-06
439.823 4.00673e-06 4.00673e-06
446.106 3.87824e-06 3.87824e-06
452.389 3.7386e-06 3.7386e-06
458.673 3.621e-06 3.621e-06
464.956 3.49265e-06 3.49265e-06
471.239 3.38479e-06 3.38479e-06
477.522 3.26659e-06 3.26659e-06
483.805 3.16746e-06 3.16746e-06
490.088 3.0584e-06 3.0584e-06
496.372 2.96714e-06 2.96714e-06
502.655 2.86633e-06 2.86633e-06
508.938 2.78216e-06 2.78216e-06
515.221 2.68883e-06 2.68883e-06
521.504 2.61107e-06 2.61107e-06
527.788 2.52452e-06 2.52452e-06
534.071 2.45257e-06 2.45257e-06
540.354 2.3722e-06 2.3722e-06
546.637 2.30554e-06 2.30554e-06
552.92 2.23079e-06 2.23079e-06
559.203 2.16894e-06 2.16894e-06
565.487 2.09934e-06 2.09934e-06
571.77 2.04188e-06 2.04188e-06
578.053 1.97698e-06 1.97698e-06
584.336 1.92353e-06 1.92353e-06
590.619 1.86295e-06 1.86295e-06
596.903 1.81318e-06 1.81318e-06
603.186 1.75657e-06 1.75657e-06
609.469 1.71016e-06 1.71016e-06
615.752 1.6572e-06 1.6572e-06
622.035 1.6139e-06 1.6139e-06
628.319 1.56431e-06 1.56431e-06
634.602 1.52386e-06 1.52386e-06
640.885 1.47737e-06 1.47737e-06
647.168 1.43955e-06 1.43955e-06
653.451 1.39594e-06 1.39594e-06
659.734 1.36055e-06 1.36055e-06
666.018 1.3196e-06 1.3196e-06
672.301 1.28645e-06 1.28645e-06
678.584 1.24797e-06 1.24797e-06
684.867 1.2169e-06 1.2169e-06
691.15 1.18071e-06 1.18071e-06
697.434 1.15156e-06 1.15156e-06
703.717 1.1175e-06 1.1175e-06
710 1.09015e-06 1.09015e-06
716.283 1.05807e-06 1.05807e-06
722.566 1.03237e-06 1.03237e-06
728.849 1.00214e-06 1.00214e-06
735.133 9.77994e-07 9.77994e-07
741.416 9.49485e-07 9.49485e-07
747.699 9.26775e-07 9.26775e-07
753.982 8.99874e-07 8.99874e-07
760.265 8.78505e-07 8.78505e-07
766.549 8.53107e-07 8.53107e-07
772.832 8.32989e-07 8.32989e-07
779.115 8.08997e-07 8.08997e-07
785.398 7.90047e-07 7.90047e-07
791.681 7.67372e-07 7.67372e-07
797.965 7.49514e-07 7.49514e-07
804.248 7.28073e-07 7.28073e-07
810.531 7.11235e-07 7.11235e-07
816.814 6.90952e-07 6.90952e-07
823.097 6.7507e-07 6.7507e-07
829.38 6.55873e-07 6.55873e-07
835.664 6.40887e-07 6.40887e-07
841.947 6.2271e-07 6.2271e-07
848.23 6.08563e-07 6.08563e-07
854.513 5.91345e-07 5.91345e-07
860.796 5.77986e-07 5.77986e-07
867.08 5.6167e-07 5.6167e-07
873.363 5.4905e-07 5.4905e-07
879.646 5.33583e-07 5.33583e-07
885.929 5.21659e-07 5.21659e-07
892.212 5.06991e-07 5.06991e-07
898.495 4.95719e-07 4.95719e-07
904.779 4.81805e-07 4.81805e-07
911.062 4.71147e-07 4.71147e-07
917.345 4.57944e-07 4.57944e-07
923.628 4.47864e-07 4.47864e-07
929.911 4.35331e-07 4.35331e-07
936.195 4.25795e-07 4.25795e-07
942.478 4.13895e-07 4.13895e-07
948.761 4.04871e-07 4.04871e-07
955.044 3.93569e-07 3.93569e-07
961.327 3.85028e-07 3.85028e-07
967.611 3.74291e-07 3.74291e-07
973.894 3.66205e-07 3.66205e-07
980.177 3.56001e-07 3.56001e-07
986.46 3.48345e-07 3.48345e-07
992.743 3.38646e-07 3.38646e-07
999.026 3.31395e-07 3.31395e-07
1005.31 3.22174e-07 3.22174e-07
1011.59 3.15306e-07 3.15306e-07
1017.88 3.06536e-07 3.06536e-07
1024.16 3.00029e-07 3.00029e-07
1030.44 2.91688e-07 2.91688e-07
1036.73 2.85522e-07 2.85522e-07
1043.01 2.77587e-07 2.77587e-07
1049.29 2.71743e-07 2.71743e-07
1055.58 2.64192e-07 2.64192e-07
1061.86 2.58654e-07 2.58654e-07
1068.14 2.51467e-07 2.51467e-07
1074.42 2.46216e-07 2.46216e-07
1080.71 2.39375e-07 2.39375e-07
1086.99 2.34397e-07 2.34397e-07
1093.27 2.27883e-07 2.27883e-07
1099.56 2.23163e-07 2.23163e-07
1105.84 2.1696e-07 2.1696e-07
1112.12 2.12484e-07 2.12484e-07
1118.41 2.06576e-07 2.06576e-07
1124.69 2.02331e-07 2.02331e-07
1130.97 1.96703e-07 1.96703e-07
1137.26 1.92677e-07 1.92677e-07
1143.54 1.87315e-07 1.87315e-07
1149.82 1.83496e-07 1.83496e-07
1156.11 1.78387e-07 1.78387e-07
1162.39 1.74764e-07 1.74764e-07
1168.67 1.69895e-07 1.69895e-07
1174.96 1.66458e-07 1.66458e-07
1181.24 1.61817e-07 1.61817e-07
1187.52 1.58556e-07 1.58556e-07
1193.81 1.54132e-07 1.54132e-07
1200.09 1.51038e-07 1.51038e-07
1206.37 1.46819e-07 1.46819e-07
1212.65 1.43885e-07 1.43885e-07
1218.94 1.39862e-07 1.39862e-07
1225.22 1.37077e-07 1.37077e-07
1231.5 1.3324e-07 1.3324e-07
1237.79 1.30598e-07 1.30598e-07
1244.07 1.26938e-07 1.26938e-07
1250.35 1.24431e-07 1.24431e-07
1256.64 1.2094e-07 1.2094e-07
1262.92 1.18561e-07 1.18561e-07
1269.2 1.15231e-07 1.15231e-07
1275.49 1.12973e-07 1.12973e-07
1281.77 1.09795e-07 1.09795e-07
1288.05 1.07652e-07 1.07652e-07
1294.34 1.04621e-07 1.04621e-07
1300.62 1.02587e-07 1.02587e-07
1306.9 9.96936e-08 9.96936e-08
1313.19 9.77637e-08 9.77637e-08
1319.47 9.50022e-08 9.50022e-08
1325.75 9.31707e-08 9.31707e-08
1332.04 9.05348e-08 9.05348e-08
1338.32 8.87968e-08 8.87968e-08
1344.6 8.62805e-08 8.62805e-08
1350.88 8.46311e-08 8.46311e-08
1357.17 8.22288e-08 8.22288e-08
1363.45 8.06636e-08 8.06636e-08
1369.73 7.83698e-08 7.83698e-08
1376.02 7.68846e-08 7.68846e-08
1382.3 7.46943e-08 7.46943e-08
1388.58 7.32849e-08 7.32849e-08
1394.87 7.11932e-08 7.11932e-08
1401.15 6.98558e-08 6.98558e-08
1407.43 6.78581e-08 6.78581e-08
1413.72 6.65891e-08 6.65891e-08
1420 6.4681e-08 6.4681e-08
1426.28 6.3477e-08 6.3477e-08
1432.57 6.16543e-08 6.16543e-08
1438.85 6.05119e-08 6.05119e-08
1445.13 5.87707e-08 5.87707e-08
1451.42 5.76868e-08 5.76868e-08
1457.7 5.60233e-08 5.60233e-08
1463.98 5.4995e-08 5.4995e-08
1470.27 5.34056e-08 5.34056e-08
1476.55 5.24301e-08 5.24301e-08
1482.83 5.09113e-08 5.09113e-08
1489.11 4.99859e-08 4.99859e-08
1495.4 4.85346e-08 4.85346e-08
1501.68 4.76568e-08 4.76568e-08
1507.96 4.62697e-08 4.62697e-08
1514.25 4.54372e-08 4.54372e-08
1520.53 4.41115e-08 4.41115e-08
1526.81 4.33219e-08 4.33219e-08
1533.1 4.20547e-08 4.20547e-08
1539.38 4.1306e-08 4.1306e-08
1545.66 4.00946e-08 4.00946e-08
1551.95 3.93846e-08 3.93846e-08
1558.23 3.82265e-08 3.82265e-08
1564.51 3.75533e-08 3.75533e-08
1570.8 3.64461e-08 3.64461e-08
1577.08 3.58078e-08 3.58078e-08
1583.36 3.47492e-08 3.47492e-08
1589.65 3.41441e-08 3.41441e-08
1595.93 3.31319e-08 3.31319e-08
1602.21 3.25583e-08 3.25583e-08
1608.5 3.15903e-08 3.15903e-08
1614.78 3.10466e-08 3.10466e-08
1621.06 3.01209e-08 3.01209e-08
1627.34 2.96056e-08 2.96056e-08
1633.63 2.87202e-08 2.87202e-08
1639.91 2.8232e-08 2.8232e-08
1646.19 2.73851e-08 2.73851e-08
1652.48 2.69225e-08 2.69225e-08
1658.76 2.61124e-08 2.61124e-08
1665.04 2.56741e-08 2.56741e-08
1671.33 2.48992e-08 2.48992e-08
1677.61 2.4484e-08 2.4484e-08
1683.89 2.37426e-08 2.37426e-08
1690.18 2.33494e-08 2.33494e-08
1696.46 2.26401e-08 2.26401e-08
1702.74 2.22677e-08 2.22677e-08
1709.03 2.1589e-08 2.1589e-08
1715.31 2.12364e-08 2.12364e-08
1721.59 2.05869e-08 2.05869e-08
1727.88 2.02532e-08 2.02532e-08
1734.16 1.96316e-08 1.96316e-08
1740.44 1.93157e-08 1.93157e-08
1746.73 1.87208e-08 1.87208e-08
1753.01 1.84218e-08 1.84218e-08
1759.29 1.78525e-08 1.78525e-08
1765.58 1.75695e-08 1.75695e-08
1771.86 1.70246e-08 1.70246e-08
1778.14 1.67569e-08 1.67569e-08
1784.42 1.62352e-08 1.62352e-08
1790.71 1.59821e-08 1.59821e-08
1796.99 1.54827e-08 1.54827e-08
1803.27 1.52432e-08 1.52432e-08
1809.56 1.47651e-08 1.47651e-08
1815.84 1.45387e-08 1.45387e-08
1822.12 1.40809e-08 1.40809e-08
1828.41 1.38669e-08 1.38669e-08
1834.69 1.34286e-08 1.34286e-08
1840.97 1.32263e-08 1.32263e-08
1847.26 1.28065e-08 1.28065e-08
1853.54 1.26154e-08 1.26154e-08
1859.82 1.22134e-08 1.22134e-08
1866.11 1.20329e-08 1.20329e-08
1872.39 1.16479e-08 1.16479e-08
1878.67 1.14773e-08 1.14773e-08
1884.96 1.11086e-08 1.11086e-08
1891.24 1.09476e-08 1.09476e-08
1897.52 1.05944e-08 1.05944e-08
1903.81 1.04424e-08 1.04424e-08
1910.09 1.0104e-08 1.0104e-08
1916.37 9.96061e-09 9.96061e-09
1922.65 9.63646e-09 9.63646e-09
1928.94 9.50114e-09 9.50114e-09
1935.22 9.19058e-09 9.19058e-09
1941.5 9.06296e-09 9.06296e-09
1947.79 8.7654e-09 8.7654e-09
1954.07 8.64507e-09 8.64507e-09
1960.35 8.35994e-09 8.35994e-09
1966.64 8.24653e-09 8.24653e-09
1972.92 7.97329e-09 7.97329e-09
1979.2 7.86643e-09 7.86643e-09
1985.49 7.60457e-09 7.60457e-09
1991.77 7.50392e-09 7.50392e-09
1998.05 7.25294e-09 7.25294e-09
2004.34 7.15818e-09 7.15818e-09
2010.62 6.91762e-09 6.91762e-09
2016.9 6.82843e-09 6.82843e-09
2023.19 6.59784e-09 6.59784e-09
2029.47 6.51394e-09 6.51394e-09
2035.75 6.29287e-09 6.29287e-09
2042.04 6.21397e-09 6.21397e-09
2048.32 6.00203e-09 6.00203e-09
2054.6 5.92788e-09 5.92788e-09
2060.88 5.72467e-09 5.72467e-09
2067.17 5.655e-09 5.655e-09
2073.45 5.46015e-09 5.46015e-09
2079.73 5.39473e-09 5.39473e-09
2086.02 5.20789e-09 5.20789e-09
2092.3 5.14649e-09 5.14649e-09
2098.58 4.9673e-09 4.9673e-09
2104.87 4.90971e-09 4.90971e-09
2111.15 4.73785e-09 4.73785e-09
2117.43 4.68386e-09 4.68386e-09
2123.72 4.51901e-09 4.51901e-09
2130 4.46843e-09 4.46843e-09
2136.28 4.31031e-09 4.31031e-09
2142.57 4.26295e-09 4.26295e-09
2148.85 4.11126e-09 4.11126e-09
2155.13 4.06695e-09 4.06695e-09
2161.42 3.92142e-09 3.92142e-09
2167.7 3.88e-09 3.88e-09
2173.98 3.74037e-09 3.74037e-09
2180.27 3.70166e-09 3.70166e-09
2186.55 3.56768e-09 3.56768e-09
2192.83 3.53155e-09 3.53155e-09
2199.11 3.40298e-09 3.40298e-09
2205.4 3.36929e-09 3.36929e-09
2211.68 3.2459e-09 3.2459e-09
2217.96 3.2145e-09 3.2145e-09
2224.25 3.09608e-09 3.09608e-09
2230.53 3.06685e-09 3.06685e-09
2236.81 2.95319e-09 2.95319e-09
2243.1 2.92601e-09 2.92601e-09
2249.38 2.8169e-09 2.8169e-09
2255.66 2.79165e-09 2.79165e-09
2261.95 2.68691e-09 2.68691e-09
2268.23 2.66349e-09 2.66349e-09
2274.51 2.56293e-09 2.56293e-09
2280.8 2.54123e-09 2.54123e-09
2287.08 2.44467e-09 2.44467e-09
2293.36 2.42459e-09 2.42459e-09
2299.65 2.33188e-09 2.33188e-09
2305.93 2.31333e-09 2.31333e-09
2312.21 2.2243e-09 2.2243e-09
2318.5 2.20719e-09 2.20719e-09
2324.78 2.12169e-09 2.12169e-09
2331.06 2.10594e-09 2.10594e-09
2337.34 2.02381e-09 2.02381e-09
2343.63 2.00935e-09 2.00935e-09
2349.91 1.93046e-09 1.93046e-09
2356.19 1.9172e-09 1.9172e-09
2362.48 1.84142e-09 1.84142e-09
2368.76 1.82929e-09 1.82929e-09
2375.04 1.75649e-09 1.75649e-09
2381.33 1.74542e-09 1.74542e-09
2387.61 1.67548e-09 1.67548e-09
2393.89 1.66541e-09 1.66541e-09
2400.18 1.59821e-09 1.59821e-09
2406.46 1.58908e-09 1.58908e-09
2412.74 1.5245e-09 1.5245e-09
2419.03 1.51626e-09 1.51626e-09
2425.31 1.4542e-09 1.4542e-09
2431.59 1.44679e-09 1.44679e-09
2437.88 1.38714e-09 1.38714e-09
2444.16 1.38051e-09 1.38051e-09
2450.44 1.32318e-09 1.32318e-09
2456.73 1.31728e-09 1.31728e-09
2463.01 1.26217e-09 1.26217e-09
2469.29 1.25695e-09 1.25695e-09
2475.58 1.20397e-09 1.20397e-09
2481.86 1.1994e-09 1.1994e-09
2488.14 1.14846e-09 1.14846e-09
2494.42 1.14449e-09 1.14449e-09
2500.71 1.09551e-09 1.09551e-09
2506.99 1.0921e-09 1.0921e-09
2513.27 1.04501e-09 1.04501e-09
2519.56 1.04211e-09 1.04211e-09
2525.84 9.96827e-10 9.96827e-10
2532.12 9.94424e-10 9.94424e-10
2538.41 9.50871e-10 9.50871e-10
2544.69 9.48925e-10 9.48925e-10
2550.97 9.07035e-10 9.07035e-10
2557.26 9.05514e-10 9.05514e-10
2563.54 8.65221e-10 8.65221e-10
2569.82 8.64095e-10 8.64095e-10
2576.11 8.25334e-10 8.25334e-10
2582.39 8.24577e-10 8.24577e-10
2588.67 7.87287e-10 7.87287e-10
2594.96 7.86872e-10 7.86872e-10
2601.24 7.50994e-10 7.50994e-10
2607.52 7.50897e-10 7.50897e-10
2613.81 7.16375e-10 7.16375e-10
2620.09 7.16572e-10 7.16572e-10
2626.37 6.83352e-10 6.83352e-10
2632.65 6.83821e-10 6.83821e-10
2638.94 6.51851e-10 6.51851e-10
2645.22 6.52572e-10 6.52572e-10
2651.5 6.21802e-10 6.21802e-10
2657.79 6.22755e-10 6.22755e-10
2664.07 5.93139e-10 5.93139e-10
2670.35 5.94306e-10 5.94306e-10
2676.64 5.65796e-10 5.65796e-10
2682.92 5.6716e-10 5.6716e-10
2689.2 5.39714e-10 5.39714e-10
2695.49 5.41258e-10 5.41258e-10
2701.77 5.14835e-10 5.14835e-10
2708.05 5.16544e-10 5.16544e-10
2714.34 4.91102e-10 4.91102e-10
2720.62 4.92961e-10 4.92961e-10
2726.9 4.68462e-10 4.68462e-10
2733.19 4.70459e-10 4.70459e-10
2739.47 4.46866e-10 4.46866e-10
2745.75 4.48987e-10 4.48987e-10
2752.04 4.26266e-10 4.26266e-10
2758.32 4.28499e-10 4.28499e-10
2764.6 4.06614e-10 4.06614e-10
2770.88 4.08949e-10 4.08949e-10
2777.17 3.87868e-10 3.87868e-10
2783.45 3.90293e-10 3.90293e-10
2789.73 3.69986e-10 3.69986e-10
2796.02 3.72492e-10 3.72492e-10
2802.3 3.52928e-10 3.52928e-10
2808.58 3.55505e-10 3.55505e-10
2814.87 3.36656e-10 3.36656e-10
2821.15 3.39296e-10 3.39296e-10
2827.43 3.21134e-10 3.21134e-10
2833.72 3.23829e-10 3.23829e-10
2840 3.06327e-10 3.06327e-10
2846.28 3.09069e-10 3.09069e-10
2852.57 2.92202e-10 2.92202e-10
2858.85 2.94984e-10 2.94984e-10
2865.13 2.78728e-10 2.78728e-10
2871.42 2.81543e-10 2.81543e-10
2877.7 2.65875e-10 2.65875e-10
2883.98 2.68717e-10 2.68717e-10
2890.27 2.53614e-10 2.53614e-10
2896.55 2.56477e-10 2.56477e-10
2902.83 2.41918e-10 2.41918e-10
2909.11 2.44797e-10 2.44797e-10
2915.4 2.30761e-10 2.30761e-10
2921.68 2.33651e-10 2.33651e-10
2927.96 2.20117e-10 2.20117e-10
2934.25 2.23014e-10 2.23014e-10
2940.53 2.09965e-10 2.09965e-10
2946.81 2.12863e-10 2.12863e-10
2953.1 2.00279e-10 2.00279e-10
2959.38 2.03176e-10 2.03176e-10
2965.66 1.91041e-10 1.91041e-10
2971.95 1.93931e-10 1.93931e-10
2978.23 1.82227e-10 1.82227e-10
2984.51 1.85109e-10 1.85109e-10
2990.8 1.7382e-10 1.7382e-10
2997.08 1.76689e-10 1.76689e-10
3003.36 1.658e-10 1.658e-10
3009.65 1.68654e-10 1.68654e-10
3015.93 1.5815e-10 1.5815e-10
3022.21 1.60986e-10 1.60986e-10
3028.5 1.50852e-10 1.50852e-10
3034.78 1.53668e-10 1.53668e-10
3041.06 1.4389e-10 1.4389e-10
3047.34 1.46684e-10 1.46684e-10
3053.63 1.3725e-10 1.3725e-10
3059.91 1.40018e-10 1.40018e-10
3066.19 1.30915e-10 1.30915e-10
3072.48 1.33657e-10 1.33657e-10
3078.76 1.24872e-10 1.24872e-10
3085.04 1.27586e-10 1.27586e-10
3091.33 1.19107e-10 1.19107e-10
3097.61 1.21791e-10 1.21791e-10
3103.89 1.13608e-10 1.13608e-10
3110.18 1.16261e-10 1.16261e-10
3116.46 1.08363e-10 1.08363e-10
3122.74 1.10983e-10 1.10983e-10
3129.03 1.03359e-10 1.03359e-10
3135.31 1.05946e-10 1.05946e-10
3141.59 9.85856e-11 9.85856e-11
3147.88 1.01138e-10 1.01138e-10
3154.16 9.40324e-11 9.40324e-11
3160.44 9.65498e-11 9.65498e-11
3166.73 8.9689e-11 8.9689e-11
3173.01 9.21703e-11 9.21703e-11
3179.29 8.55458e-11 8.55458e-11
3185.57 8.79904e-11 8.79904e-11
3191.86 8.15935e-11 8.15935e-11
3198.14 8.40008e-11 8.40008e-11
3204.42 7.78234e-11 7.78234e-11
3210.71 8.01929e-11 8.01929e-11
3216.99 7.42271e-11 7.42271e-11
3223.27 7.65585e-11 7.65585e-11
3229.56 7.07966e-11 7.07966e-11
3235.84 7.30895e-11 7.30895e-11
3242.12 6.75242e-11 6.75242e-11
3248.41 6.97785e-11 6.97785e-11
3254.69 6.44027e-11 6.44027e-11
3260.97 6.66181e-11 6.66181e-11
3267.26 6.14251e-11 6.14251e-11
3273.54 6.36015e-11 6.36015e-11
3279.82 5.85848e-11 5.85848e-11
3286.11 6.07223e-11 6.07223e-11
3292.39 5.58755e-11 5.58755e-11
3298.67 5.79739e-11 5.79739e-11
3304.96 5.32911e-11 5.32911e-11
3311.24 5.53506e-11 5.53506e-11
3317.52 5.08258e-11 5.08258e-11
3323.81 5.28466e-11 5.28466e-11
3330.09 4.84743e-11 4.84743e-11
3336.37 5.04565e-11 5.04565e-11
3342.65 4.62313e-11 4.62313e-11
3348.94 4.8175e-11 4.8175e-11
3355.22 4.40917e-11 4.40917e-11
3361.5 4.59971e-11 4.59971e-11
3367.79 4.20508e-11 4.20508e-11
3374.07 4.39183e-11 4.39183e-11
3380.35 4.01041e-11 4.01041e-11
3386.64 4.19339e-11 4.19339e-11
3392.92 3.82472e-11 3.82472e-11
3399.2 4.00397e-11 4.00397e-11
3405.49 3.6476e-11 3.6476e-11
3411.77 3.82315e-11 3.82315e-11
3418.05 3.47865e-11 3.47865e-11
3424.34 3.65054e-11 3.65054e-11
3430.62 3.3175e-11 3.3175e-11
3436.9 3.48576e-11 3.48576e-11
3443.19 3.16379e-11 3.16379e-11
3449.47 3.32847e-11 3.32847e-11
3455.75 3.01717e-11 3.01717e-11
3462.04 3.17831e-11 3.17831e-11
3468.32 2.87732e-11 2.87732e-11
3474.6 3.03497e-11 3.03497e-11
3480.88 2.74393e-11 2.74393e-11
3487.17 2.89813e-11 2.89813e-11
3493.45 2.6167e-11 2.6167e-11
3499.73 2.7675e-11 2.7675e-11
3506.02 2.49535e-11 2.49535e-11
3512.3 2.64279e-11 2.64279e-11
3518.58 2.3796e-11 2.3796e-11
3524.87 2.52373e-11 2.52373e-11
3531.15 2.26919e-11 2.26919e-11
3537.43 2.41008e-11 2.41008e-11
3543.72 2.16389e-11 2.16389e-11
3550 2.30157e-11 2.30157e-11
3556.28 2.06346e-11 2.06346e-11
3562.57 2.19798e-11 2.19798e-11
3568.85 1.96766e-11 1.96766e-11
3575.13 2.09908e-11 2.09908e-11
3581.42 1.87629e-11 1.87629e-11
3587.7 2.00467e-11 2.00467e-11
3593.98 1.78915e-11 1.78915e-11
3600.27 1.91452e-11 1.91452e-11
3606.55 1.70604e-11 1.70604e-11
3612.83 1.82846e-11 1.82846e-11
3619.11 1.62676e-11 1.62676e-11
3625.4 1.7463e-11 1.7463e-11
3631.68 1.55116e-11 1.55116e-11
3637.96 1.66785e-11 1.66785e-11
3644.25 1.47905e-11 1.47905e-11
3650.53 1.59295e-11 1.59295e-11
3656.81 1.41028e-11 1.41028e-11
3663.1 1.52144e-11 1.52144e-11
3669.38 1.34469e-11 1.34469e-11
3675.66 1.45316e-11 1.45316e-11
3681.95 1.28213e-11 1.28213e-11
3688.23 1.38797e-11 1.38797e-11
3694.51 1.22247e-11 1.22247e-11
3700.8 1.32573e-11 1.32573e-11
3707.08 1.16558e-11 1.16558e-11
3713.36 1.2663e-11 1.2663e-11
3719.65 1.11131e-11 1.11131e-11
3725.93 1.20955e-11 1.20955e-11
3732.21 1.05956e-11 1.05956e-11
3738.5 1.15537e-11 1.15537e-11
3744.78 1.01021e-11 1.01021e-11
3751.06 1.10364e-11 1.10364e-11
3757.34 9.63145e-12 9.63145e-12
3763.63 1.05424e-11 1.05424e-11
3769.91 9.1826e-12 9.1826e-12
3776.19 1.00707e-11 1.00707e-11
3782.48 8.75455e-12 8.75455e-12
3788.76 9.62026e-12 9.62026e-12
3795.04 8.34635e-12 8.34635e-12
3801.33 9.19016e-12 9.19016e-12
3807.61 7.95707e-12 7.95707e-12
3813.89 8.77947e-12 8.77947e-12
3820.18 7.58585e-12 7.58585e-12
3826.46 8.38729e-12 8.38729e-12
3832.74 7.23185e-12 7.23185e-12
3839.03 8.01279e-12 8.01279e-12
3845.31 6.89427e-12 6.89427e-12
3851.59 7.65517e-12 7.65517e-12
3857.88 6.57237e-12 6.57237e-12
3864.16 7.31366e-12 7.31366e-12
3870.44 6.2654e-12 6.2654e-12
3876.73 6.98754e-12 6.98754e-12
3883.01 5.97269e-12 5.97269e-12
3889.29 6.6761e-12 6.6761e-12
3895.57 5.69358e-12 5.69358e-12
3901.86 6.37867e-12 6.37867e-12
3908.14 5.42743e-12 5.42743e-12
3914.42 6.09464e-12 6.09464e-12
3920.71 5.17365e-12 5.17365e-12
3926.99 5.82338e-12 5.82338e-12
3933.27 4.93166e-12 4.93166e-12
3939.56 5.56432e-12 5.56432e-12
3945.84 4.70093e-12 4.70093e-12
3952.12 5.31692e-12 5.31692e-12
3958.41 4.48093e-12 4.48093e-12
3964.69 5.08063e-12 5.08063e-12
3970.97 4.27116e-12 4.27116e-12
3977.26 4.85496e-12 4.85496e-12
3983.54 4.07116e-12 4.07116e-12
3989.82 4.63943e-12 4.63943e-12
3996.11 3.88046e-12 3.88046e-12
4002.39 4.43358e-12 4.43358e-12
4008.67 3.69864e-12 3.69864e-12
4014.96 4.23697e-12 4.23697e-12
4021.24 3.5253e-12 3.5253e-12
4027.52 4.04918e-12 4.04918e-12
4033.8 3.36003e-12 3.36003e-12
4040.09 3.86982e-12 3.86982e-12
4046.37 3.20246e-12 3.20246e-12
4052.65 3.69851e-12 3.69851e-12
4058.94 3.05224e-12 3.05224e-12
4065.22 3.53488e-12 3.53488e-12
4071.5 2.90902e-12 2.90902e-12
4077.79 3.37858e-12 3.37858e-12
4084.07 2.77248e-12 2.77248e-12
4090.35 3.22928e-12 3.22928e-12
4096.64 2.64232e-12 2.64232e-12
4102.92 3.08667e-12 3.08667e-12
4109.2 2.51824e-12 2.51824e-12
4115.49 2.95045e-12 2.95045e-12
4121.77 2.39994e-12 2.39994e-12
4128.05 2.82032e-12 2.82032e-12
4134.34 2.28718e-12 2.28718e-12
4140.62 2.69602e-12 2.69602e-12
4146.9 2.17969e-12 2.17969e-12
4153.19 2.57728e-12 2.57728e-12
4159.47 2.07722e-12 2.07722e-12
4165.75 2.46384e-12 2.46384e-12
4172.04 1.97954e-12 1.97954e-12
4178.32 2.35548e-12 2.35548e-12
4184.6 1.88644e-12 1.88644e-12
4190.88 2.25196e-12 2.25196e-12
4197.17 1.79769e-12 1.79769e-12
4203.45 2.15306e-12 2.15306e-12
4209.73 1.7131e-12 1.7131e-12
4216.02 2.05858e-12 2.05858e-12
4222.3 1.63247e-12 1.63247e-12
4228.58 1.96831e-12 1.96831e-12
4234.87 1.55562e-12 1.55562e-12
4241.15 1.88207e-12 1.88207e-12
4247.43 1.48238e-12 1.48238e-12
4253.72 1.79968e-12 1.79968e-12
4260 1.41257e-12 1.41257e-12
4266.28 1.72096e-12 1.72096e-12
4272.57 1.34603e-12 1.34603e-12
4278.85 1.64574e-12 1.64574e-12
4285.13 1.28262e-12 1.28262e-12
4291.42 1.57388e-12 1.57388e-12
4297.7 1.22219e-12 1.22219e-12
4303.98 1.50522e-12 1.50522e-12
4310.27 1.1646e-12 1.1646e-12
4316.55 1.43961e-12 1.43961e-12
4322.83 1.10972e-12 1.10972e-12
4329.11 1.37692e-12 1.37692e-12
4335.4 1.05741e-12 1.05741e-12
4341.68 1.31701e-12 1.31701e-12
4347.96 1.00757e-12 1.00757e-12
4354.25 1.25977e-12 1.25977e-12
4360.53 9.60079e-13 9.60079e-13
4366.81 1.20507e-12 1.20507e-12
4373.1 9.14823e-13 9.14823e-13
4379.38 1.15281e-12 1.15281e-12
4385.66 8.717e-13 8.717e-13
4391.95 1.10286e-12 1.10286e-12
4398.23 8.30611e-13 8.30611e-13
4404.51 1.05512e-12 1.05512e-12
4410.8 7.9146e-13 7.9146e-13
4417.08 1.00951e-12 1.00951e-12
4423.36 7.54158e-13 7.54158e-13
4429.65 9.6591e-13 9.6591e-13
4435.93 7.18618e-13 7.18618e-13
4442.21 9.24245e-13 9.24245e-13
4448.5 6.84758e-13 6.84758e-13
4454.78 8.84426e-13 8.84426e-13
4461.06 6.52499e-13 6.52499e-13
4467.34 8.46369e-13 8.46369e-13
4473.63 6.21766e-13 6.21766e-13
4479.91 8.09995e-13 8.09995e-13
4486.19 5.92489e-13 5.92489e-13
4492.48 7.75229e-13 7.75229e-13
4498.76 5.64598e-13 5.64598e-13
4505.04 7.41999e-13 7.41999e-13
4511.33 5.3803e-13 5.3803e-13
4517.61 7.10237e-13 7.10237e-13
4523.89 5.12722e-13 5.12722e-13
4530.18 6.79877e-13 6.79877e-13
4536.46 4.88615e-13 4.88615e-13
4542.74 6.50856e-13 6.50856e-13
4549.03 4.65653e-13 4.65653e-13
4555.31 6.23115e-13 6.23115e-13
4561.59 4.43783e-13 4.43783e-13
4567.88 5.96597e-13 5.96597e-13
4574.16 4.22952e-13 4.22952e-13
4580.44 5.71247e-13 5.71247e-13
4586.73 4.03113e-13 4.03113e-13
4593.01 5.47012e-13 5.47012e-13
4599.29 3.84218e-13 3.84218e-13
4605.57 5.23844e-13 5.23844e-13
4611.86 3.66224e-13 3.66224e-13
4618.14 5.01694e-13 5.01694e-13
4624.42 3.49088e-13 3.49088e-13
4630.71 4.80518e-13 4.80518e-13
4636.99 3.3277e-13 3.3277e-13
4643.27 4.60272e-13 4.60272e-13
4649.56 3.17231e-13 3.17231e-13
4655.84 4.40915e-13 4.40915e-13
4662.12 3.02435e-13 3.02435e-13
4668.41 4.22407e-13 4.22407e-13
4674.69 2.88346e-13 2.88346e-13
4680.97 4.0471e-13 4.0471e-13
4687.26 2.74932e-13 2.74932e-13
4693.54 3.87789e-13 3.87789e-13
4699.82 2.6216e-13 2.6216e-13
4706.11 3.71608e-13 3.71608e-13
4712.39 2.50001e-13 2.50001e-13
4718.67 3.56136e-13 3.56136e-13
4724.96 2.38425e-13 2.38425e-13
4731.24 3.4134e-13 3.4134e-13
4737.52 2.27405e-13 2.27405e-13
4743.8 3.27191e-13 3.27191e-13
4750.09 2.16914e-13 2.16914e-13
4756.37 3.1366e-13 3.1366e-13
4762.65 2.06928e-13 2.06928e-13
4768.94 3.0072e-13 3.0072e-13
4775.22 1.97422e-13 1.97422e-13
4781.5 2.88344e-13 2.88344e-13
4787.79 1.88375e-13 1.88375e-13
4794.07 2.76507e-13 2.76507e-13
4800.35 1.79763e-13 1.79763e-13
4806.64 2.65186e-13 2.65186e-13
4812.92 1.71568e-13 1.71568e-13
4819.2 2.54358e-13 2.54358e-13
4825.49 1.63768e-13 1.63768e-13
4831.77 2.44001e-13 2.44001e-13
4838.05 1.56345e-13 1.56345e-13
4844.34 2.34094e-13 2.34094e-13
4850.62 1.49281e-13 1.49281e-13
4856.9 2.24618e-13 2.24618e-13
4863.19 1.4256e-13 1.4256e-13
4869.47 2.15553e-13 2.15553e-13
4875.75 1.36164e-13 1.36164e-13
4882.03 2.06881e-13 2.06881e-13
4888.32 1.30079e-13 1.30079e-13
4894.6 1.98585e-13 1.98585e-13
4900.88 1.2429e-13 1.2429e-13
4907.17 1.90648e-13 1.90648e-13
4913.45 1.18782e-13 1.18782e-13
4919.73 1.83055e-13 1.83055e-13
4926.02 1.13541e-13 1.13541e-13
4932.3 1.75791e-13 1.75791e-13
4938.58 1.08557e-13 1.08557e-13
4944.87 1.6884e-13 1.6884e-13
4951.15 1.03815e-13 1.03815e-13
4957.43 1.6219e-13 1.6219e-13
4963.72 9.93049e-14 9.93049e-14
4970 1.55826e-13 1.55826e-13
4976.28 9.50152e-14 9.50152e-14
4982.57 1.49737e-13 1.49737e-13
4988.85 9.09353e-14 9.09353e-14
4995.13 1.4391e-13 1.4391e-13
5001.42 8.70552e-14 8.70552e-14
5007.7 1.38334e-13 1.38334e-13
5013.98 8.33654e-14 8.33654e-14
5020.27 1.32998e-13 1.32998e-13
5026.55 7.98566e-14 7.98566e-14
5032.83 1.27892e-13 1.27892e-13
5039.11 7.65203e-14 7.65203e-14
5045.4 1.23005e-13 1.23005e-13
5051.68 7.33481e-14 7.33481e-14
5057.96 1.18327e-13 1.18327e-13
5064.25 7.03321e-14 7.03321e-14
5070.53 1.1385e-13 1.1385e-13
5076.81 6.74649e-14 6.74649e-14
5083.1 1.09565e-13 1.09565e-13
5089.38 6.47391e-14 6.47391e-14
5095.66 1.05463e-13 1.05463e-13
5101.95 6.21481e-14 6.21481e-14
5108.23 1.01537e-13 1.01537e-13
5114.51 5.96853e-14 5.96853e-14
5120.8 9.77788e-14 9.77788e-14
5127.08 5.73445e-14 5.73445e-14
5133.36 9.41809e-14 9.41809e-14
5139.65 5.51198e-14 5.51198e-14
5145.93 9.07366e-14 9.07366e-14
5152.21 5.30056e-14 5.30056e-14
5158.5 8.74391e-14 8.74391e-14
5164.78 5.09965e-14 5.09965e-14
5171.06 8.42821e-14 8.42821e-14
5177.34 4.90874e-14 4.90874e-14
5183.63 8.12594e-14 8.12594e-14
5189.91 4.72735e-14 4.72735e-14
5196.19 7.83653e-14 7.83653e-14
5202.48 4.55502e-14 4.55502e-14
5208.76 7.55942e-14 7.55942e-14
5215.04 4.3913e-14 4.3913e-14
5221.33 7.29407e-14 7.29407e-14
5227.61 4.23577e-14 4.23577e-14
5233.89 7.03997e-14 7.03997e-14
5240.18 4.08804e-14 4.08804e-14
5246.46 6.79665e-14 6.79665e-14
5252.74 3.94773e-14 3.94773e-14
5259.03 6.56363e-14 6.56363e-14
5265.31 3.81446e-14 3.81446e-14
5271.59 6.34047e-14 6.34047e-14
5277.88 3.6879e-14 3.6879e-14
5284.16 6.12674e-14 6.12674e-14
5290.44 3.56772e-14 3.56772e-14
5296.73 5.92203e-14 5.92203e-14
5303.01 3.4536e-14 3.4536e-14
5309.29 5.72597e-14 5.72597e-14
5315.57 3.34525e-14 3.34525e-14
5321.86 5.53817e-14 5.53817e-14
5328.14 3.24238e-14 3.24238e-14
5334.42 5.35829e-14 5.35829e-14
5340.71 3.14473e-14 3.14473e-14
5346.99 5.18597e-14 5.18597e-14
5353.27 3.05203e-14 3.05203e-14
5359.56 5.02091e-14 5.02091e-14
5365.84 2.96404e-14 2.96404e-14
5372.12 4.86278e-14 4.86278e-14
5378.41 2.88054e-14 2.88054e-14
5384.69 4.71129e-14 4.71129e-14
5390.97 2.80129e-14 2.80129e-14
5397.26 4.56615e-14 4.56615e-14
5403.54 2.72609e-14 2.72609e-14
5409.82 4.4271e-14 4.4271e-14
5416.11 2.65473e-14 2.65473e-14
5422.39 4.29388e-14 4.29388e-14
5428.67 2.58703e-14 2.58703e-14
5434.96 4.16623e-14 4.16623e-14
5441.24 2.5228e-14 2.5228e-14
5447.52 4.04392e-14 4.04392e-14
5453.8 2.46187e-14 2.46187e-14
5460.09 3.92672e-14 3.92672e-14
5466.37 2.40408e-14 2.40408e-14
5472.65 3.81441e-14 3.81441e-14
5478.94 2.34926e-14 2.34926e-14
5485.22 3.7068e-14 3.7068e-14
5491.5 2.29728e-14 2.29728e-14
5497.79 3.60367e-14 3.60367e-14
5504.07 2.24798e-14 2.24798e-14
5510.35 3.50484e-14 3.50484e-14
5516.64 2.20124e-14 2.20124e-14
5522.92 3.41012e-14 3.41012e-14
5529.2 2.15692e-14 2.15692e-14
5535.49 3.31935e-14 3.31935e-14
5541.77 2.11491e-14 2.11491e-14
5548.05 3.23235e-14 3.23235e-14
5554.34 2.07508e-14 2.07508e-14
5560.62 3.14898e-14 3.14898e-14
5566.9 2.03733e-14 2.03733e-14
5573.19 3.06907e-14 3.06907e-14
5579.47 2.00155e-14 2.00155e-14
5585.75 2.99247e-14 2.99247e-14
5592.03 1.96764e-14 1.96764e-14
5598.32 2.91906e-14 2.91906e-14
5604.6 1.93551e-14 1.93551e-14
5610.88 2.8487e-14 2.8487e-14
5617.17 1.90507e-14 1.90507e-14
5623.45 2.78126e-14 2.78126e-14
5629.73 1.87623e-14 1.87623e-14
5636.02 2.71661e-14 2.71661e-14
5642.3 1.84891e-14 1.84891e-14
5648.58 2.65465e-14 2.65465e-14
5654.87 1.82303e-14 1.82303e-14
5661.15 2.59526e-14 2.59526e-14
5667.43 1.79852e-14 1.79852e-14
5673.72 2.53834e-14 2.53834e-14
5680 1.77531e-14 1.77531e-14
5686.28 2.48377e-14 2.48377e-14
5692.57 1.75333e-14 1.75333e-14
5698.85 2.43147e-14 2.43147e-14
5705.13 1.73252e-14 1.73252e-14
5711.42 2.38135e-14 2.38135e-14
5717.7 1.71282e-14 1.71282e-14
5723.98 2.3333e-14 2.3333e-14
5730.27 1.69418e-14 1.69418e-14
5736.55 2.28725e-14 2.28725e-14
5742.83 1.67653e-14 1.67653e-14
5749.11 2.24312e-14 2.24312e-14
5755.4 1.65982e-14 1.65982e-14
5761.68 2.20083e-14 2.20083e-14
5767.96 1.64402e-14 1.64402e-14
5774.25 2.1603e-14 2.1603e-14
5780.53 1.62906e-14 1.62906e-14
5786.81 2.12146e-14 2.12146e-14
5793.1 1.61492e-14 1.61492e-14
5799.38 2.08424e-14 2.08424e-14
5805.66 1.60154e-14 1.60154e-14
5811.95 2.04858e-14 2.04858e-14
5818.23 1.58888e-14 1.58888e-14
5824.51 2.01442e-14 2.01442e-14
5830.8 1.57691e-14 1.57691e-14
5837.08 1.98169e-14 1.98169e-14
5843.36 1.56559e-14 1.56559e-14
5849.65 1.95034e-14 1.95034e-14
5855.93 1.5549e-14 1.5549e-14
5862.21 1.92031e-14 1.92031e-14
5868.5 1.54478e-14 1.54478e-14
5874.78 1.89156e-14 1.89156e-14
5881.06 1.53523e-14 1.53523e-14
5887.34 1.86403e-14 1.86403e-14
5893.63 1.5262e-14 1.5262e-14
5899.91 1.83767e-14 1.83767e-14
5906.19 1.51767e-14 1.51767e-14
5912.48 1.81244e-14 1.81244e-14
5918.76 1.50961e-14 1.50961e-14
5925.04 1.7883e-14 1.7883e-14
5931.33 1.502e-14 1.502e-14
5937.61 1.7652e-14 1.7652e-14
5943.89 1.49481e-14 1.49481e-14
5950.18 1.74311e-14 1.74311e-14
5956.46 1.48803e-14 1.48803e-14
5962.74 1.72198e-14 1.72198e-14
5969.03 1.48163e-14 1.48163e-14
5975.31 1.70178e-14 1.70178e-14
5981.59 1.47559e-14 1.47559e-14
5987.88 1.68248e-14 1.68248e-14
5994.16 1.4699e-14 1.4699e-14
6000.44 1.66404e-14 1.66404e-14
6006.73 1.46453e-14 1.46453e-14
6013.01 1.64643e-14 1.64643e-14
6019.29 1.45946e-14 1.45946e-14
6025.57 1.62962e-14 1.62962e-14
6031.86 1.45469e-14 1.45469e-14
6038.14 1.61359e-14 1.61359e-14
6044.42 1.4502e-14 1.4502e-14
6050.71 1.5983e-14 1.5983e-14
6056.99 1.44597e-14 1.44597e-14
6063.27 1.58374e-14 1.58374e-14
6069.56 1.44199e-14 1.44199e-14
6075.84 1.56987e-14 1.56987e-14
6082.12 1.43825e-14 1.43825e-14
6088.41 1.55667e-14 1.55667e-14
6094.69 1.43473e-14 1.43473e-14
6100.97 1.54412e-14 1.54412e-14
6107.26 1.43142e-14 1.43142e-14
6113.54 1.5322e-14 1.5322e-14
6119.82 1.42832e-14 1.42832e-14
6126.11 1.52089e-14 1.52089e-14
6132.39 1.42541e-14 1.42541e-14
6138.67 1.51016e-14 1.51016e-14
6144.96 1.42269e-14 1.42269e-14
6151.24 1.50002e-14 1.50002e-14
6157.52 1.42014e-14 1.42014e-14
6163.8 1.49042e-14 1.49042e-14
6170.09 1.41775e-14 1.41775e-14
6176.37 1.48137e-14 1.48137e-14
6182.65 1.41552e-14 1.41552e-14
6188.94 1.47283e-14 1.47283e-14
6195.22 1.41345e-14 1.41345e-14
6201.5 1.46481e-14 1.46481e-14
6207.79 1.41152e-14 1.41152e-14
6214.07 1.45729e-14 1.45729e-14
6220.35 1.40973e-14 1.40973e-14
6226.64 1.45025e-14 1.45025e-14
6232.92 1.40807e-14 1.40807e-14
6239.2 1.44368e-14 1.44368e-14
6245.49 1.40653e-14 1.40653e-14
6251.77 1.43757e-14 1.43757e-14
6258.05 1.40512e-14 1.40512e-14
6264.34 1.43192e-14 1.43192e-14
6270.62 1.40382e-14 1.40382e-14
6276.9 1.4267e-14 1.4267e-14
6283.19 1.40264e-14 1.40264e-14
6289.47 1.42192e-14 1.42192e-14
6295.75 1.40157e-14 1.40157e-14
6302.03 1.41757e-14 1.41757e-14
6308.32 1.4006e-14 1.4006e-14
6314.6 1.41363e-14 1.41363e-14
6320.88 1.39973e-14 1.39973e-14
6327.17 1.41011e-14 1.41011e-14
6333.45 1.39896e-14 1.39896e-14
6339.73 1.40699e-14 1.40699e-14
6346.02 1.39829e-14 1.39829e-14
6352.3 1.40427e-14 1.40427e-14
6358.58 1.39771e-14 1.39771e-14
6364.87 1.40195e-14 1.40195e-14
6371.15 1.39723e-14 1.39723e-14
6377.43 1.40002e-14 1.40002e-14
6383.72 1.39683e-14 1.39683e-14
6390 1.39848e-14 1.39848e-14
6396.28 1.39653e-14 1.39653e-14
6402.57 1.39733e-14 1.39733e-14
6408.85 1.39631e-14 1.39631e-14
6415.13 1.39657e-14 1.39657e-14
6421.42 1.39618e-14 1.39618e-14
6427.7 1.39618e-14 1.39618e-14
6433.98 1.39613e-14 1.39613e-14
