0 7.47946e-14 7.47946e-14
6.28319 0.124822 0.124822
12.5664 0.0277226 0.0277226
18.8496 0.0117855 0.0117855
25.1327 0.00648251 0.00648251
31.4159 0.00409764 0.00409764
37.6991 0.00282127 0.00282127
43.9823 0.00206287 0.00206287
50.2655 0.00157189 0.00157189
56.5487 0.00123966 0.00123966
62.8319 0.00100066 0.00100066
69.115 0.000826629 0.000826629
75.3982 0.00069251 0.00069251
81.6814 0.000590297 0.000590297
87.9646 0.000507518 0.000507518
94.2478 0.000442499 0.000442499
100.531 0.000387804 0.000387804
106.814 0.000343935 0.000343935
113.097 0.0003059 0.0003059
119.381 0.000274927 0.000274927
125.664 0.000247403 0.000247403
131.947 0.000224734 0.000224734
138.23 0.000204171 0.000204171
144.513 0.000187088 0.000187088
150.796 0.000171317 0.000171317
157.08 0.00015813 0.00015813
163.363 0.000145766 0.000145766
169.646 0.000135377 0.000135377
175.929 0.000125503 0.000125503
182.212 0.000117175 0.000117175
188.496 0.000109162 0.000109162
194.779 0.000102386 0.000102386
201.062 9.57933e-05 9.57933e-05
207.345 9.02078e-05 9.02078e-05
213.628 8.47168e-05 8.47168e-05
219.911 8.00597e-05 8.00597e-05
226.195 7.54369e-05 7.54369e-05
232.478 7.15143e-05 7.15143e-05
238.761 6.75851e-05 6.75851e-05
245.044 6.42511e-05 6.42511e-05
251.327 6.08827e-05 6.08827e-05
257.611 5.80258e-05 5.80258e-05
263.894 5.51158e-05 5.51158e-05
270.177 5.26498e-05 5.26498e-05
276.46 5.01182e-05 5.01182e-05
282.743 4.79753e-05 4.79753e-05
289.027 4.57589e-05 4.57589e-05
295.31 4.38854e-05 4.38854e-05
301.593 4.19336e-05 4.19336e-05
307.876 4.02866e-05 4.02866e-05
314.159 3.85587e-05 3.85587e-05
320.442 3.71033e-05 3.71033e-05
326.726 3.55661e-05 3.55661e-05
333.009 3.4274e-05 3.4274e-05
339.292 3.29003e-05 3.29003e-05
345.575 3.17481e-05 3.17481e-05
351.858 3.05153e-05 3.05153e-05
358.142 2.94837e-05 2.94837e-05
364.425 2.83731e-05 2.83731e-05
370.708 2.74461e-05 2.74461e-05
376.991 2.64419e-05 2.64419e-05
383.274 2.56059e-05 2.56059e-05
389.557 2.46949e-05 2.46949e-05
395.841 2.39384e-05 2.39384e-05
402.124 2.31094e-05 2.31094e-05
408.407 2.24228e-05 2.24228e-05
414.69 2.16662e-05 2.16662e-05
420.973 2.10412e-05 2.10412e-05
427.257 2.03486e-05 2.03486e-05
433.54 1.97783e-05 1.97783e-05
439.823 1.91427e-05 1.91427e-05
446.106 1.86209e-05 1.86209e-05
452.389 1.80362e-05 1.80362e-05
458.673 1.75575e-05 1.75575e-05
464.956 1.70184e-05 1.70184e-05
471.239 1.65783e-05 1.65783e-05
477.522 1.60801e-05 1.60801e-05
483.805 1.56747e-05 1.56747e-05
490.088 1.52134e-05 1.52134e-05
496.372 1.48392e-05 1.48392e-05
502.655 1.44111e-05 1.44111e-05
508.938 1.4065e-05 1.4065e-05
515.221 1.3667e-05 1.3667e-05
521.504 1.33463e-05 1.33463e-05
527.788 1.29757e-05 1.29757e-05
534.071 1.2678e-05 1.2678e-05
540.354 1.23323e-05 1.23323e-05
546.637 1.20555e-05 1.20555e-05
552.92 1.17326e-05 1.17326e-05
559.203 1.14748e-05 1.14748e-05
565.487 1.11726e-05 1.11726e-05
571.77 1.09321e-05 1.09321e-05
578.053 1.06489e-05 1.06489e-05
584.336 1.04243e-05 1.04243e-05
590.619 1.01586e-05 1.01586e-05
596.903 9.94853e-06 9.94853e-06
603.186 9.69881e-06 9.69881e-06
609.469 9.50208e-06 9.50208e-06
615.752 9.26712e-06 9.26712e-06
622.035 9.08264e-06 9.08264e-06
628.319 8.86131e-06 8.86131e-06
634.602 8.6881e-06 8.6881e-06
640.885 8.47935e-06 8.47935e-06
647.168 8.31654e-06 8.31654e-06
653.451 8.11945e-06 8.11945e-06
659.734 7.96624e-06 7.96624e-06
666.018 7.77995e-06 7.77995e-06
672.301 7.63561e-06 7.63561e-06
678.584 7.45935e-06 7.45935e-06
684.867 7.32324e-06 7.32324e-06
691.15 7.1563e-06 7.1563e-06
697.434 7.02783e-06 7.02783e-06
703.717 6.86956e-06 6.86956e-06
710 6.74817e-06 6.74817e-06
716.283 6.598e-06 6.598e-06
722.566 6.48319e-06 6.48319e-06
728.849 6.34057e-06 6.34057e-06
735.133 6.2319e-06 6.2319e-06
741.416 6.09633e-06 6.09633e-06
747.699 5.99338e-06 5.99338e-06
753.982 5.86441e-06 5.86441e-06
760.265 5.7668e-06 5.7668e-06
766.549 5.64401e-06 5.64401e-06
772.832 5.55139e-06 5.55139e-06
779.115 5.4344e-06 5.4344e-06
785.398 5.34644e-06 5.34644e-06
791.681 5.23489e-06 5.23489e-06
797.965 5.1513e-06 5.1513e-06
804.248 5.04486e-06 5.04486e-06
810.531 4.96537e-06 4.96537e-06
816.814 4.86374e-06 4.86374e-06
823.097 4.78809e-06 4.78809e-06
829.38 4.69098e-06 4.69098e-06
835.664 4.61894e-06 4.61894e-06
841.947 4.5261e-06 4.5261e-06
848.23 4.45745e-06 4.45745e-06
854.513 4.36864e-06 4.36864e-06
860.796 4.30318e-06 4.30318e-06
867.08 4.21816e-06 4.21816e-06
873.363 4.15571e-06 4.15571e-06
879.646 4.07428e-06 4.07428e-06
885.929 4.01466e-06 4.01466e-06
892.212 3.93662e-06 3.93662e-06
898.495 3.87968e-06 3.87968e-06
904.779 3.80485e-06 3.80485e-06
911.062 3.75043e-06 3.75043e-06
917.345 3.67864e-06 3.67864e-06
923.628 3.6266e-06 3.6266e-06
929.911 3.55769e-06 3.55769e-06
936.195 3.50791e-06 3.50791e-06
942.478 3.44173e-06 3.44173e-06
948.761 3.39408e-06 3.39408e-06
955.044 3.3305e-06 3.3305e-06
961.327 3.28487e-06 3.28487e-06
967.611 3.22376e-06 3.22376e-06
973.894 3.18004e-06 3.18004e-06
980.177 3.12126e-06 3.12126e-06
986.46 3.07936e-06 3.07936e-06
992.743 3.02281e-06 3.02281e-06
999.026 2.98263e-06 2.98263e-06
1005.31 2.9282e-06 2.9282e-06
1011.59 2.88965e-06 2.88965e-06
1017.88 2.83724e-06 2.83724e-06
1024.16 2.80024e-06 2.80024e-06
1030.44 2.74976e-06 2.74976e-06
1036.73 2.71423e-06 2.71423e-06
1043.01 2.66559e-06 2.66559e-06
1049.29 2.63146e-06 2.63146e-06
1055.58 2.58457e-06 2.58457e-06
1061.86 2.55178e-06 2.55178e-06
1068.14 2.50655e-06 2.50655e-06
1074.42 2.47503e-06 2.47503e-06
1080.71 2.4314e-06 2.4314e-06
1086.99 2.40109e-06 2.40109e-06
1093.27 2.35899e-06 2.35899e-06
1099.56 2.32984e-06 2.32984e-06
1105.84 2.28919e-06 2.28919e-06
1112.12 2.26113e-06 2.26113e-06
1118.41 2.22188e-06 2.22188e-06
1124.69 2.19488e-06 2.19488e-06
1130.97 2.15696e-06 2.15696e-06
1137.26 2.13096e-06 2.13096e-06
1143.54 2.09431e-06 2.09431e-06
1149.82 2.06927e-06 2.06927e-06
1156.11 2.03385e-06 2.03385e-06
1162.39 2.00972e-06 2.00972e-06
1168.67 1.97548e-06 1.97548e-06
1174.96 1.95222e-06 1.95222e-06
1181.24 1.9191e-06 1.9191e-06
1187.52 1.89668e-06 1.89668e-06
1193.81 1.86464e-06 1.86464e-06
1200.09 1.84302e-06 1.84302e-06
1206.37 1.81201e-06 1.81201e-06
1212.65 1.79116e-06 1.79116e-06
1218.94 1.76115e-06 1.76115e-06
1225.22 1.74103e-06 1.74103e-06
1231.5 1.71197e-06 1.71197e-06
1237.79 1.69255e-06 1.69255e-06
1244.07 1.66441e-06 1.66441e-06
1250.35 1.64567e-06 1.64567e-06
1256.64 1.6184e-06 1.6184e-06
1262.92 1.60031e-06 1.60031e-06
1269.2 1.57389e-06 1.57389e-06
1275.49 1.55642e-06 1.55642e-06
1281.77 1.53082e-06 1.53082e-06
1288.05 1.51393e-06 1.51393e-06
1294.34 1.48912e-06 1.48912e-06
1300.62 1.4728e-06 1.4728e-06
1306.9 1.44874e-06 1.44874e-06
1313.19 1.43298e-06 1.43298e-06
1319.47 1.40964e-06 1.40964e-06
1325.75 1.3944e-06 1.3944e-06
1332.04 1.37177e-06 1.37177e-06
1338.32 1.35704e-06 1.35704e-06
1344.6 1.33507e-06 1.33507e-06
1350.88 1.32083e-06 1.32083e-06
1357.17 1.29952e-06 1.29952e-06
1363.45 1.28574e-06 1.28574e-06
1369.73 1.26505e-06 1.26505e-06
1376.02 1.25172e-06 1.25172e-06
1382.3 1.23164e-06 1.23164e-06
1388.58 1.21874e-06 1.21874e-06
1394.87 1.19924e-06 1.19924e-06
1401.15 1.18676e-06 1.18676e-06
1407.43 1.16783e-06 1.16783e-06
1413.72 1.15574e-06 1.15574e-06
1420 1.13735e-06 1.13735e-06
1426.28 1.12565e-06 1.12565e-06
1432.57 1.10779e-06 1.10779e-06
1438.85 1.09646e-06 1.09646e-06
1445.13 1.0791e-06 1.0791e-06
1451.42 1.06813e-06 1.06813e-06
1457.7 1.05126e-06 1.05126e-06
1463.98 1.04063e-06 1.04063e-06
1470.27 1.02424e-06 1.02424e-06
1476.55 1.01394e-06 1.01394e-06
1482.83 9.98004e-07 9.98004e-07
1489.11 9.8803e-07 9.8803e-07
1495.4 9.72532e-07 9.72532e-07
1501.68 9.62867e-07 9.62867e-07
1507.96 9.47796e-07 9.47796e-07
1514.25 9.38429e-07 9.38429e-07
1520.53 9.23771e-07 9.23771e-07
1526.81 9.14692e-07 9.14692e-07
1533.1 9.00434e-07 9.00434e-07
1539.38 8.91632e-07 8.91632e-07
1545.66 8.77761e-07 8.77761e-07
1551.95 8.69227e-07 8.69227e-07
1558.23 8.55731e-07 8.55731e-07
1564.51 8.47455e-07 8.47455e-07
1570.8 8.34321e-07 8.34321e-07
1577.08 8.26295e-07 8.26295e-07
1583.36 8.13513e-07 8.13513e-07
1589.65 8.05728e-07 8.05728e-07
1595.93 7.93285e-07 7.93285e-07
1602.21 7.85733e-07 7.85733e-07
1608.5 7.7362e-07 7.7362e-07
1614.78 7.66293e-07 7.66293e-07
1621.06 7.545e-07 7.545e-07
1627.34 7.47391e-07 7.47391e-07
1633.63 7.35907e-07 7.35907e-07
1639.91 7.29008e-07 7.29008e-07
1646.19 7.17824e-07 7.17824e-07
1652.48 7.11128e-07 7.11128e-07
1658.76 7.00235e-07 7.00235e-07
1665.04 6.93736e-07 6.93736e-07
1671.33 6.83125e-07 6.83125e-07
1677.61 6.76816e-07 6.76816e-07
1683.89 6.66479e-07 6.66479e-07
1690.18 6.60354e-07 6.60354e-07
1696.46 6.50282e-07 6.50282e-07
1702.74 6.44335e-07 6.44335e-07
1709.03 6.34521e-07 6.34521e-07
1715.31 6.28747e-07 6.28747e-07
1721.59 6.19182e-07 6.19182e-07
1727.88 6.13574e-07 6.13574e-07
1734.16 6.04252e-07 6.04252e-07
1740.44 5.98806e-07 5.98806e-07
1746.73 5.89719e-07 5.89719e-07
1753.01 5.8443e-07 5.8443e-07
1759.29 5.75572e-07 5.75572e-07
1765.58 5.70433e-07 5.70433e-07
1771.86 5.61797e-07 5.61797e-07
1778.14 5.56806e-07 5.56806e-07
1784.42 5.48385e-07 5.48385e-07
1790.71 5.43535e-07 5.43535e-07
1796.99 5.35324e-07 5.35324e-07
1803.27 5.30612e-07 5.30612e-07
1809.56 5.22604e-07 5.22604e-07
1815.84 5.18026e-07 5.18026e-07
1822.12 5.10216e-07 5.10216e-07
1828.41 5.05767e-07 5.05767e-07
1834.69 4.98148e-07 4.98148e-07
1840.97 4.93824e-07 4.93824e-07
1847.26 4.86393e-07 4.86393e-07
1853.54 4.8219e-07 4.8219e-07
1859.82 4.7494e-07 4.7494e-07
1866.11 4.70856e-07 4.70856e-07
1872.39 4.63782e-07 4.63782e-07
1878.67 4.59811e-07 4.59811e-07
1884.96 4.52909e-07 4.52909e-07
1891.24 4.49049e-07 4.49049e-07
1897.52 4.42314e-07 4.42314e-07
1903.81 4.38561e-07 4.38561e-07
1910.09 4.31988e-07 4.31988e-07
1916.37 4.2834e-07 4.2834e-07
1922.65 4.21924e-07 4.21924e-07
1928.94 4.18377e-07 4.18377e-07
1935.22 4.12115e-07 4.12115e-07
1941.5 4.08666e-07 4.08666e-07
1947.79 4.02554e-07 4.02554e-07
1954.07 3.99199e-07 3.99199e-07
1960.35 3.93232e-07 3.93232e-07
1966.64 3.8997e-07 3.8997e-07
1972.92 3.84144e-07 3.84144e-07
1979.2 3.80972e-07 3.80972e-07
1985.49 3.75284e-07 3.75284e-07
1991.77 3.72199e-07 3.72199e-07
1998.05 3.66645e-07 3.66645e-07
2004.34 3.63643e-07 3.63643e-07
2010.62 3.5822e-07 3.5822e-07
2016.9 3.55301e-07 3.55301e-07
2023.19 3.50004e-07 3.50004e-07
2029.47 3.47164e-07 3.47164e-07
2035.75 3.41992e-07 3.41992e-07
2042.04 3.39229e-07 3.39229e-07
2048.32 3.34177e-07 3.34177e-07
2054.6 3.31489e-07 3.31489e-07
2060.88 3.26554e-07 3.26554e-07
2067.17 3.23939e-07 3.23939e-07
2073.45 3.19119e-07 3.19119e-07
2079.73 3.16575e-07 3.16575e-07
2086.02 3.11865e-07 3.11865e-07
2092.3 3.0939e-07 3.0939e-07
2098.58 3.04789e-07 3.04789e-07
2104.87 3.0238e-07 3.0238e-07
2111.15 2.97885e-07 2.97885e-07
2117.43 2.95541e-07 2.95541e-07
2123.72 2.91148e-07 2.91148e-07
2130 2.88868e-07 2.88868e-07
2136.28 2.84576e-07 2.84576e-07
2142.57 2.82356e-07 2.82356e-07
2148.85 2.78162e-07 2.78162e-07
2155.13 2.76002e-07 2.76002e-07
2161.42 2.71902e-07 2.71902e-07
2167.7 2.698e-07 2.698e-07
2173.98 2.65794e-07 2.65794e-07
2180.27 2.63748e-07 2.63748e-07
2186.55 2.59832e-07 2.59832e-07
2192.83 2.57841e-07 2.57841e-07
2199.11 2.54013e-07 2.54013e-07
2205.4 2.52075e-07 2.52075e-07
2211.68 2.48334e-07 2.48334e-07
2217.96 2.46447e-07 2.46447e-07
2224.25 2.42789e-07 2.42789e-07
2230.53 2.40953e-07 2.40953e-07
2236.81 2.37377e-07 2.37377e-07
2243.1 2.3559e-07 2.3559e-07
2249.38 2.32094e-07 2.32094e-07
2255.66 2.30353e-07 2.30353e-07
2261.95 2.26935e-07 2.26935e-07
2268.23 2.25241e-07 2.25241e-07
2274.51 2.21899e-07 2.21899e-07
2280.8 2.2025e-07 2.2025e-07
2287.08 2.16982e-07 2.16982e-07
2293.36 2.15376e-07 2.15376e-07
2299.65 2.1218e-07 2.1218e-07
2305.93 2.10617e-07 2.10617e-07
2312.21 2.07492e-07 2.07492e-07
2318.5 2.0597e-07 2.0597e-07
2324.78 2.02913e-07 2.02913e-07
2331.06 2.01431e-07 2.01431e-07
2337.34 1.98442e-07 1.98442e-07
2343.63 1.96999e-07 1.96999e-07
2349.91 1.94076e-07 1.94076e-07
2356.19 1.9267e-07 1.9267e-07
2362.48 1.89811e-07 1.89811e-07
2368.76 1.88443e-07 1.88443e-07
2375.04 1.85645e-07 1.85645e-07
2381.33 1.84313e-07 1.84313e-07
2387.61 1.81577e-07 1.81577e-07
2393.89 1.80279e-07 1.80279e-07
2400.18 1.77602e-07 1.77602e-07
2406.46 1.76339e-07 1.76339e-07
2412.74 1.7372e-07 1.7372e-07
2419.03 1.7249e-07 1.7249e-07
2425.31 1.69928e-07 1.69928e-07
2431.59 1.6873e-07 1.6873e-07
2437.88 1.66223e-07 1.66223e-07
2444.16 1.65056e-07 1.65056e-07
2450.44 1.62603e-07 1.62603e-07
2456.73 1.61467e-07 1.61467e-07
2463.01 1.59067e-07 1.59067e-07
2469.29 1.5796e-07 1.5796e-07
2475.58 1.55612e-07 1.55612e-07
2481.86 1.54534e-07 1.54534e-07
2488.14 1.52236e-07 1.52236e-07
2494.42 1.51186e-07 1.51186e-07
2500.71 1.48937e-07 1.48937e-07
2506.99 1.47915e-07 1.47915e-07
2513.27 1.45714e-07 1.45714e-07
2519.56 1.44718e-07 1.44718e-07
2525.84 1.42564e-07 1.42564e-07
2532.12 1.41594e-07 1.41594e-07
2538.41 1.39486e-07 1.39486e-07
2544.69 1.38541e-07 1.38541e-07
2550.97 1.36477e-07 1.36477e-07
2557.26 1.35557e-07 1.35557e-07
2563.54 1.33537e-07 1.33537e-07
2569.82 1.32641e-07 1.32641e-07
2576.11 1.30664e-07 1.30664e-07
2582.39 1.29791e-07 1.29791e-07
2588.67 1.27855e-07 1.27855e-07
2594.96 1.27005e-07 1.27005e-07
2601.24 1.2511e-07 1.2511e-07
2607.52 1.24282e-07 1.24282e-07
2613.81 1.22427e-07 1.22427e-07
2620.09 1.21621e-07 1.21621e-07
2626.37 1.19804e-07 1.19804e-07
2632.65 1.19019e-07 1.19019e-07
2638.94 1.17241e-07 1.17241e-07
2645.22 1.16475e-07 1.16475e-07
2651.5 1.14734e-07 1.14734e-07
2657.79 1.13989e-07 1.13989e-07
2664.07 1.12284e-07 1.12284e-07
2670.35 1.11558e-07 1.11558e-07
2676.64 1.09889e-07 1.09889e-07
2682.92 1.09182e-07 1.09182e-07
2689.2 1.07547e-07 1.07547e-07
2695.49 1.06858e-07 1.06858e-07
2701.77 1.05258e-07 1.05258e-07
2708.05 1.04586e-07 1.04586e-07
2714.34 1.03019e-07 1.03019e-07
2720.62 1.02365e-07 1.02365e-07
2726.9 1.0083e-07 1.0083e-07
2733.19 1.00193e-07 1.00193e-07
2739.47 9.86901e-08 9.86901e-08
2745.75 9.80695e-08 9.80695e-08
2752.04 9.65973e-08 9.65973e-08
2758.32 9.59928e-08 9.59928e-08
2764.6 9.4551e-08 9.4551e-08
2770.88 9.3962e-08 9.3962e-08
2777.17 9.25499e-08 9.25499e-08
2783.45 9.19761e-08 9.19761e-08
2789.73 9.05929e-08 9.05929e-08
2796.02 9.0034e-08 9.0034e-08
2802.3 8.86792e-08 8.86792e-08
2808.58 8.81347e-08 8.81347e-08
2814.87 8.68076e-08 8.68076e-08
2821.15 8.62771e-08 8.62771e-08
2827.43 8.49771e-08 8.49771e-08
2833.72 8.44603e-08 8.44603e-08
2840 8.31868e-08 8.31868e-08
2846.28 8.26834e-08 8.26834e-08
2852.57 8.14359e-08 8.14359e-08
2858.85 8.09454e-08 8.09454e-08
2865.13 7.97232e-08 7.97232e-08
2871.42 7.92454e-08 7.92454e-08
2877.7 7.80481e-08 7.80481e-08
2883.98 7.75826e-08 7.75826e-08
2890.27 7.64095e-08 7.64095e-08
2896.55 7.5956e-08 7.5956e-08
2902.83 7.48067e-08 7.48067e-08
2909.11 7.43649e-08 7.43649e-08
2915.4 7.32388e-08 7.32388e-08
2921.68 7.28084e-08 7.28084e-08
2927.96 7.1705e-08 7.1705e-08
2934.25 7.12857e-08 7.12857e-08
2940.53 7.02045e-08 7.02045e-08
2946.81 6.97961e-08 6.97961e-08
2953.1 6.87367e-08 6.87367e-08
2959.38 6.83387e-08 6.83387e-08
2965.66 6.73006e-08 6.73006e-08
2971.95 6.69129e-08 6.69129e-08
2978.23 6.58956e-08 6.58956e-08
2984.51 6.5518e-08 6.5518e-08
2990.8 6.45211e-08 6.45211e-08
2997.08 6.41531e-08 6.41531e-08
3003.36 6.31762e-08 6.31762e-08
3009.65 6.28177e-08 6.28177e-08
3015.93 6.18603e-08 6.18603e-08
3022.21 6.15111e-08 6.15111e-08
3028.5 6.05728e-08 6.05728e-08
3034.78 6.02326e-08 6.02326e-08
3041.06 5.9313e-08 5.9313e-08
3047.34 5.89816e-08 5.89816e-08
3053.63 5.80802e-08 5.80802e-08
3059.91 5.77574e-08 5.77574e-08
3066.19 5.6874e-08 5.6874e-08
3072.48 5.65594e-08 5.65594e-08
3078.76 5.56936e-08 5.56936e-08
3085.04 5.53872e-08 5.53872e-08
3091.33 5.45385e-08 5.45385e-08
3097.61 5.42399e-08 5.42399e-08
3103.89 5.34081e-08 5.34081e-08
3110.18 5.31172e-08 5.31172e-08
3116.46 5.23018e-08 5.23018e-08
3122.74 5.20185e-08 5.20185e-08
3129.03 5.12192e-08 5.12192e-08
3135.31 5.09432e-08 5.09432e-08
3141.59 5.01596e-08 5.01596e-08
3147.88 4.98907e-08 4.98907e-08
3154.16 4.91226e-08 4.91226e-08
3160.44 4.88607e-08 4.88607e-08
3166.73 4.81077e-08 4.81077e-08
3173.01 4.78525e-08 4.78525e-08
3179.29 4.71143e-08 4.71143e-08
3185.57 4.68657e-08 4.68657e-08
3191.86 4.6142e-08 4.6142e-08
3198.14 4.58999e-08 4.58999e-08
3204.42 4.51903e-08 4.51903e-08
3210.71 4.49545e-08 4.49545e-08
3216.99 4.42588e-08 4.42588e-08
3223.27 4.4029e-08 4.4029e-08
3229.56 4.3347e-08 4.3347e-08
3235.84 4.31232e-08 4.31232e-08
3242.12 4.24545e-08 4.24545e-08
3248.41 4.22364e-08 4.22364e-08
3254.69 4.15808e-08 4.15808e-08
3260.97 4.13683e-08 4.13683e-08
3267.26 4.07255e-08 4.07255e-08
3273.54 4.05185e-08 4.05185e-08
3279.82 3.98882e-08 3.98882e-08
3286.11 3.96866e-08 3.96866e-08
3292.39 3.90686e-08 3.90686e-08
3298.67 3.88722e-08 3.88722e-08
3304.96 3.82662e-08 3.82662e-08
3311.24 3.80749e-08 3.80749e-08
3317.52 3.74806e-08 3.74806e-08
3323.81 3.72942e-08 3.72942e-08
3330.09 3.67115e-08 3.67115e-08
3336.37 3.653e-08 3.653e-08
3342.65 3.59585e-08 3.59585e-08
3348.94 3.57817e-08 3.57817e-08
3355.22 3.52213e-08 3.52213e-08
3361.5 3.50491e-08 3.50491e-08
3367.79 3.44995e-08 3.44995e-08
3374.07 3.43317e-08 3.43317e-08
3380.35 3.37928e-08 3.37928e-08
3386.64 3.36294e-08 3.36294e-08
3392.92 3.31008e-08 3.31008e-08
3399.2 3.29416e-08 3.29416e-08
3405.49 3.24233e-08 3.24233e-08
3411.77 3.22682e-08 3.22682e-08
3418.05 3.17598e-08 3.17598e-08
3424.34 3.16088e-08 3.16088e-08
3430.62 3.11102e-08 3.11102e-08
3436.9 3.09631e-08 3.09631e-08
3443.19 3.04741e-08 3.04741e-08
3449.47 3.03308e-08 3.03308e-08
3455.75 2.98512e-08 2.98512e-08
3462.04 2.97116e-08 2.97116e-08
3468.32 2.92412e-08 2.92412e-08
3474.6 2.91052e-08 2.91052e-08
3480.88 2.86438e-08 2.86438e-08
3487.17 2.85114e-08 2.85114e-08
3493.45 2.80588e-08 2.80588e-08
3499.73 2.79299e-08 2.79299e-08
3506.02 2.7486e-08 2.7486e-08
3512.3 2.73603e-08 2.73603e-08
3518.58 2.69249e-08 2.69249e-08
3524.87 2.68026e-08 2.68026e-08
3531.15 2.63755e-08 2.63755e-08
3537.43 2.62563e-08 2.62563e-08
3543.72 2.58374e-08 2.58374e-08
3550 2.57213e-08 2.57213e-08
3556.28 2.53103e-08 2.53103e-08
3562.57 2.51973e-08 2.51973e-08
3568.85 2.47942e-08 2.47942e-08
3575.13 2.4684e-08 2.4684e-08
3581.42 2.42886e-08 2.42886e-08
3587.7 2.41814e-08 2.41814e-08
3593.98 2.37935e-08 2.37935e-08
3600.27 2.3689e-08 2.3689e-08
3606.55 2.33085e-08 2.33085e-08
3612.83 2.32067e-08 2.32067e-08
3619.11 2.28334e-08 2.28334e-08
3625.4 2.27343e-08 2.27343e-08
3631.68 2.23681e-08 2.23681e-08
3637.96 2.22716e-08 2.22716e-08
3644.25 2.19124e-08 2.19124e-08
3650.53 2.18183e-08 2.18183e-08
3656.81 2.14659e-08 2.14659e-08
3663.1 2.13743e-08 2.13743e-08
3669.38 2.10286e-08 2.10286e-08
3675.66 2.09394e-08 2.09394e-08
3681.95 2.06002e-08 2.06002e-08
3688.23 2.05134e-08 2.05134e-08
3694.51 2.01806e-08 2.01806e-08
3700.8 2.0096e-08 2.0096e-08
3707.08 1.97695e-08 1.97695e-08
3713.36 1.96871e-08 1.96871e-08
3719.65 1.93668e-08 1.93668e-08
3725.93 1.92865e-08 1.92865e-08
3732.21 1.89723e-08 1.89723e-08
3738.5 1.88941e-08 1.88941e-08
3744.78 1.85858e-08 1.85858e-08
3751.06 1.85097e-08 1.85097e-08
3757.34 1.82072e-08 1.82072e-08
3763.63 1.81331e-08 1.81331e-08
3769.91 1.78363e-08 1.78363e-08
3776.19 1.77641e-08 1.77641e-08
3782.48 1.74729e-08 1.74729e-08
3788.76 1.74025e-08 1.74025e-08
3795.04 1.71168e-08 1.71168e-08
3801.33 1.70483e-08 1.70483e-08
3807.61 1.6768e-08 1.6768e-08
3813.89 1.67013e-08 1.67013e-08
3820.18 1.64263e-08 1.64263e-08
3826.46 1.63613e-08 1.63613e-08
3832.74 1.60914e-08 1.60914e-08
3839.03 1.60281e-08 1.60281e-08
3845.31 1.57634e-08 1.57634e-08
3851.59 1.57017e-08 1.57017e-08
3857.88 1.54419e-08 1.54419e-08
3864.16 1.53819e-08 1.53819e-08
3870.44 1.5127e-08 1.5127e-08
3876.73 1.50685e-08 1.50685e-08
3883.01 1.48183e-08 1.48183e-08
3889.29 1.47614e-08 1.47614e-08
3895.57 1.4516e-08 1.4516e-08
3901.86 1.44605e-08 1.44605e-08
3908.14 1.42197e-08 1.42197e-08
3914.42 1.41656e-08 1.41656e-08
3920.71 1.39293e-08 1.39293e-08
3926.99 1.38767e-08 1.38767e-08
3933.27 1.36448e-08 1.36448e-08
3939.56 1.35935e-08 1.35935e-08
3945.84 1.33661e-08 1.33661e-08
3952.12 1.33161e-08 1.33161e-08
3958.41 1.30929e-08 1.30929e-08
3964.69 1.30442e-08 1.30442e-08
3970.97 1.28252e-08 1.28252e-08
3977.26 1.27778e-08 1.27778e-08
3983.54 1.25628e-08 1.25628e-08
3989.82 1.25167e-08 1.25167e-08
3996.11 1.23058e-08 1.23058e-08
4002.39 1.22608e-08 1.22608e-08
4008.67 1.20538e-08 1.20538e-08
4014.96 1.201e-08 1.201e-08
4021.24 1.1807e-08 1.1807e-08
4027.52 1.17643e-08 1.17643e-08
4033.8 1.1565e-08 1.1565e-08
4040.09 1.15234e-08 1.15234e-08
4046.37 1.13279e-08 1.13279e-08
4052.65 1.12874e-08 1.12874e-08
4058.94 1.10955e-08 1.10955e-08
4065.22 1.1056e-08 1.1056e-08
4071.5 1.08678e-08 1.08678e-08
4077.79 1.08293e-08 1.08293e-08
4084.07 1.06446e-08 1.06446e-08
4090.35 1.06071e-08 1.06071e-08
4096.64 1.04259e-08 1.04259e-08
4102.92 1.03893e-08 1.03893e-08
4109.2 1.02115e-08 1.02115e-08
4115.49 1.01759e-08 1.01759e-08
4121.77 1.00013e-08 1.00013e-08
4128.05 9.96666e-09 9.96666e-09
4134.34 9.7954e-09 9.7954e-09
4140.62 9.7616e-09 9.7616e-09
4146.9 9.59356e-09 9.59356e-09
4153.19 9.56062e-09 9.56062e-09
4159.47 9.39573e-09 9.39573e-09
4165.75 9.36363e-09 9.36363e-09
4172.04 9.20182e-09 9.20182e-09
4178.32 9.17054e-09 9.17054e-09
4184.6 9.01177e-09 9.01177e-09
4190.88 8.98127e-09 8.98127e-09
4197.17 8.82549e-09 8.82549e-09
4203.45 8.79576e-09 8.79576e-09
4209.73 8.6429e-09 8.6429e-09
4216.02 8.61392e-09 8.61392e-09
4222.3 8.46392e-09 8.46392e-09
4228.58 8.43568e-09 8.43568e-09
4234.87 8.2885e-09 8.2885e-09
4241.15 8.26096e-09 8.26096e-09
4247.43 8.11654e-09 8.11654e-09
4253.72 8.08969e-09 8.08969e-09
4260 7.94799e-09 7.94799e-09
4266.28 7.92181e-09 7.92181e-09
4272.57 7.78277e-09 7.78277e-09
4278.85 7.75725e-09 7.75725e-09
4285.13 7.62082e-09 7.62082e-09
4291.42 7.59593e-09 7.59593e-09
4297.7 7.46207e-09 7.46207e-09
4303.98 7.43779e-09 7.43779e-09
4310.27 7.30645e-09 7.30645e-09
4316.55 7.28277e-09 7.28277e-09
4322.83 7.1539e-09 7.1539e-09
4329.11 7.13081e-09 7.13081e-09
4335.4 7.00436e-09 7.00436e-09
4341.68 6.98184e-09 6.98184e-09
4347.96 6.85777e-09 6.85777e-09
4354.25 6.8358e-09 6.8358e-09
4360.53 6.71407e-09 6.71407e-09
4366.81 6.69263e-09 6.69263e-09
4373.1 6.5732e-09 6.5732e-09
4379.38 6.55228e-09 6.55228e-09
4385.66 6.43511e-09 6.43511e-09
4391.95 6.4147e-09 6.4147e-09
4398.23 6.29973e-09 6.29973e-09
4404.51 6.27981e-09 6.27981e-09
4410.8 6.16702e-09 6.16702e-09
4417.08 6.14758e-09 6.14758e-09
4423.36 6.03692e-09 6.03692e-09
4429.65 6.01794e-09 6.01794e-09
4435.93 5.90938e-09 5.90938e-09
4442.21 5.89085e-09 5.89085e-09
4448.5 5.78434e-09 5.78434e-09
4454.78 5.76625e-09 5.76625e-09
4461.06 5.66176e-09 5.66176e-09
4467.34 5.64409e-09 5.64409e-09
4473.63 5.54159e-09 5.54159e-09
4479.91 5.52433e-09 5.52433e-09
4486.19 5.42377e-09 5.42377e-09
4492.48 5.40692e-09 5.40692e-09
4498.76 5.30827e-09 5.30827e-09
4505.04 5.29181e-09 5.29181e-09
4511.33 5.19504e-09 5.19504e-09
4517.61 5.17896e-09 5.17896e-09
4523.89 5.08402e-09 5.08402e-09
4530.18 5.06831e-09 5.06831e-09
4536.46 4.97519e-09 4.97519e-09
4542.74 4.95984e-09 4.95984e-09
4549.03 4.86849e-09 4.86849e-09
4555.31 4.85348e-09 4.85348e-09
4561.59 4.76388e-09 4.76388e-09
4567.88 4.74921e-09 4.74921e-09
4574.16 4.66132e-09 4.66132e-09
4580.44 4.64698e-09 4.64698e-09
4586.73 4.56076e-09 4.56076e-09
4593.01 4.54674e-09 4.54674e-09
4599.29 4.46218e-09 4.46218e-09
4605.57 4.44847e-09 4.44847e-09
4611.86 4.36553e-09 4.36553e-09
4618.14 4.35212e-09 4.35212e-09
4624.42 4.27077e-09 4.27077e-09
4630.71 4.25765e-09 4.25765e-09
4636.99 4.17787e-09 4.17787e-09
4643.27 4.16503e-09 4.16503e-09
4649.56 4.08679e-09 4.08679e-09
4655.84 4.07422e-09 4.07422e-09
4662.12 3.99749e-09 3.99749e-09
4668.41 3.98519e-09 3.98519e-09
4674.69 3.90993e-09 3.90993e-09
4680.97 3.89789e-09 3.89789e-09
4687.26 3.82409e-09 3.82409e-09
4693.54 3.8123e-09 3.8123e-09
4699.82 3.73993e-09 3.73993e-09
4706.11 3.72839e-09 3.72839e-09
4712.39 3.65742e-09 3.65742e-09
4718.67 3.64611e-09 3.64611e-09
4724.96 3.57652e-09 3.57652e-09
4731.24 3.56544e-09 3.56544e-09
4737.52 3.4972e-09 3.4972e-09
4743.8 3.48635e-09 3.48635e-09
4750.09 3.41944e-09 3.41944e-09
4756.37 3.4088e-09 3.4088e-09
4762.65 3.34319e-09 3.34319e-09
4768.94 3.33277e-09 3.33277e-09
4775.22 3.26844e-09 3.26844e-09
4781.5 3.25822e-09 3.25822e-09
4787.79 3.19516e-09 3.19516e-09
4794.07 3.18513e-09 3.18513e-09
4800.35 3.1233e-09 3.1233e-09
4806.64 3.11347e-09 3.11347e-09
4812.92 3.05286e-09 3.05286e-09
4819.2 3.04321e-09 3.04321e-09
4825.49 2.98379e-09 2.98379e-09
4831.77 2.97432e-09 2.97432e-09
4838.05 2.91607e-09 2.91607e-09
4844.34 2.90678e-09 2.90678e-09
4850.62 2.84969e-09 2.84969e-09
4856.9 2.84056e-09 2.84056e-09
4863.19 2.7846e-09 2.7846e-09
4869.47 2.77564e-09 2.77564e-09
4875.75 2.72079e-09 2.72079e-09
4882.03 2.71198e-09 2.71198e-09
4888.32 2.65822e-09 2.65822e-09
4894.6 2.64958e-09 2.64958e-09
4900.88 2.59689e-09 2.59689e-09
4907.17 2.58839e-09 2.58839e-09
4913.45 2.53676e-09 2.53676e-09
4919.73 2.52841e-09 2.52841e-09
4926.02 2.47781e-09 2.47781e-09
4932.3 2.46959e-09 2.46959e-09
4938.58 2.42001e-09 2.42001e-09
4944.87 2.41194e-09 2.41194e-09
4951.15 2.36335e-09 2.36335e-09
4957.43 2.35541e-09 2.35541e-09
4963.72 2.3078e-09 2.3078e-09
4970 2.29999e-09 2.29999e-09
4976.28 2.25335e-09 2.25335e-09
4982.57 2.24566e-09 2.24566e-09
4988.85 2.19997e-09 2.19997e-09
4995.13 2.1924e-09 2.1924e-09
5001.42 2.14763e-09 2.14763e-09
5007.7 2.14019e-09 2.14019e-09
5013.98 2.09633e-09 2.09633e-09
5020.27 2.089e-09 2.089e-09
5026.55 2.04604e-09 2.04604e-09
5032.83 2.03882e-09 2.03882e-09
5039.11 1.99674e-09 1.99674e-09
5045.4 1.98963e-09 1.98963e-09
5051.68 1.94842e-09 1.94842e-09
5057.96 1.94141e-09 1.94141e-09
5064.25 1.90105e-09 1.90105e-09
5070.53 1.89414e-09 1.89414e-09
5076.81 1.85461e-09 1.85461e-09
5083.1 1.8478e-09 1.8478e-09
5089.38 1.8091e-09 1.8091e-09
5095.66 1.80238e-09 1.80238e-09
5101.95 1.76448e-09 1.76448e-09
5108.23 1.75786e-09 1.75786e-09
5114.51 1.72075e-09 1.72075e-09
5120.8 1.71422e-09 1.71422e-09
5127.08 1.67789e-09 1.67789e-09
5133.36 1.67145e-09 1.67145e-09
5139.65 1.63588e-09 1.63588e-09
5145.93 1.62952e-09 1.62952e-09
5152.21 1.59471e-09 1.59471e-09
5158.5 1.58843e-09 1.58843e-09
5164.78 1.55436e-09 1.55436e-09
5171.06 1.54816e-09 1.54816e-09
5177.34 1.51481e-09 1.51481e-09
5183.63 1.50869e-09 1.50869e-09
5189.91 1.47605e-09 1.47605e-09
5196.19 1.47001e-09 1.47001e-09
5202.48 1.43807e-09 1.43807e-09
5208.76 1.4321e-09 1.4321e-09
5215.04 1.40084e-09 1.40084e-09
5221.33 1.39495e-09 1.39495e-09
5227.61 1.36437e-09 1.36437e-09
5233.89 1.35854e-09 1.35854e-09
5240.18 1.32863e-09 1.32863e-09
5246.46 1.32287e-09 1.32287e-09
5252.74 1.2936e-09 1.2936e-09
5259.03 1.28791e-09 1.28791e-09
5265.31 1.25929e-09 1.25929e-09
5271.59 1.25366e-09 1.25366e-09
5277.88 1.22566e-09 1.22566e-09
5284.16 1.2201e-09 1.2201e-09
5290.44 1.19272e-09 1.19272e-09
5296.73 1.18722e-09 1.18722e-09
5303.01 1.16045e-09 1.16045e-09
5309.29 1.15501e-09 1.15501e-09
5315.57 1.12883e-09 1.12883e-09
5321.86 1.12345e-09 1.12345e-09
5328.14 1.09786e-09 1.09786e-09
5334.42 1.09254e-09 1.09254e-09
5340.71 1.06752e-09 1.06752e-09
5346.99 1.06225e-09 1.06225e-09
5353.27 1.0378e-09 1.0378e-09
5359.56 1.03259e-09 1.03259e-09
5365.84 1.00869e-09 1.00869e-09
5372.12 1.00353e-09 1.00353e-09
5378.41 9.80184e-10 9.80184e-10
5384.69 9.75078e-10 9.75078e-10
5390.97 9.52264e-10 9.52264e-10
5397.26 9.47209e-10 9.47209e-10
5403.54 9.24922e-10 9.24922e-10
5409.82 9.19918e-10 9.19918e-10
5416.11 8.98148e-10 8.98148e-10
5422.39 8.93194e-10 8.93194e-10
5428.67 8.71931e-10 8.71931e-10
5434.96 8.67027e-10 8.67027e-10
5441.24 8.46263e-10 8.46263e-10
5447.52 8.41407e-10 8.41407e-10
5453.8 8.21134e-10 8.21134e-10
5460.09 8.16325e-10 8.16325e-10
5466.37 7.96533e-10 7.96533e-10
5472.65 7.91771e-10 7.91771e-10
5478.94 7.72452e-10 7.72452e-10
5485.22 7.67737e-10 7.67737e-10
5491.5 7.48883e-10 7.48883e-10
5497.79 7.44213e-10 7.44213e-10
5504.07 7.25815e-10 7.25815e-10
5510.35 7.2119e-10 7.2119e-10
5516.64 7.03241e-10 7.03241e-10
5522.92 6.98661e-10 6.98661e-10
5529.2 6.81152e-10 6.81152e-10
5535.49 6.76616e-10 6.76616e-10
5541.77 6.5954e-10 6.5954e-10
5548.05 6.55048e-10 6.55048e-10
5554.34 6.38397e-10 6.38397e-10
5560.62 6.33948e-10 6.33948e-10
5566.9 6.17714e-10 6.17714e-10
5573.19 6.13308e-10 6.13308e-10
5579.47 5.97485e-10 5.97485e-10
5585.75 5.93122e-10 5.93122e-10
5592.03 5.77702e-10 5.77702e-10
5598.32 5.73382e-10 5.73382e-10
5604.6 5.58357e-10 5.58357e-10
5610.88 5.54079e-10 5.54079e-10
5617.17 5.39443e-10 5.39443e-10
5623.45 5.35207e-10 5.35207e-10
5629.73 5.20953e-10 5.20953e-10
5636.02 5.1676e-10 5.1676e-10
5642.3 5.02881e-10 5.02881e-10
5648.58 4.9873e-10 4.9873e-10
5654.87 4.85219e-10 4.85219e-10
5661.15 4.8111e-10 4.8111e-10
5667.43 4.6796e-10 4.6796e-10
5673.72 4.63894e-10 4.63894e-10
5680 4.511e-10 4.511e-10
5686.28 4.47076e-10 4.47076e-10
5692.57 4.34631e-10 4.34631e-10
5698.85 4.3065e-10 4.3065e-10
5705.13 4.18547e-10 4.18547e-10
5711.42 4.14608e-10 4.14608e-10
5717.7 4.02842e-10 4.02842e-10
5723.98 3.98946e-10 3.98946e-10
5730.27 3.87511e-10 3.87511e-10
5736.55 3.83658e-10 3.83658e-10
5742.83 3.72547e-10 3.72547e-10
5749.11 3.68738e-10 3.68738e-10
5755.4 3.57946e-10 3.57946e-10
5761.68 3.5418e-10 3.5418e-10
5767.96 3.43701e-10 3.43701e-10
5774.25 3.3998e-10 3.3998e-10
5780.53 3.29808e-10 3.29808e-10
5786.81 3.26131e-10 3.26131e-10
5793.1 3.16261e-10 3.16261e-10
5799.38 3.12629e-10 3.12629e-10
5805.66 3.03055e-10 3.03055e-10
5811.95 2.99469e-10 2.99469e-10
5818.23 2.90186e-10 2.90186e-10
5824.51 2.86645e-10 2.86645e-10
5830.8 2.77649e-10 2.77649e-10
5837.08 2.74154e-10 2.74154e-10
5843.36 2.65438e-10 2.65438e-10
5849.65 2.61991e-10 2.61991e-10
5855.93 2.5355e-10 2.5355e-10
5862.21 2.50151e-10 2.50151e-10
5868.5 2.41981e-10 2.41981e-10
5874.78 2.38629e-10 2.38629e-10
5881.06 2.30725e-10 2.30725e-10
5887.34 2.27422e-10 2.27422e-10
5893.63 2.19778e-10 2.19778e-10
5899.91 2.16526e-10 2.16526e-10
5906.19 2.09138e-10 2.09138e-10
5912.48 2.05935e-10 2.05935e-10
5918.76 1.98799e-10 1.98799e-10
5925.04 1.95648e-10 1.95648e-10
5931.33 1.88758e-10 1.88758e-10
5937.61 1.85658e-10 1.85658e-10
5943.89 1.79011e-10 1.79011e-10
5950.18 1.75964e-10 1.75964e-10
5956.46 1.69555e-10 1.69555e-10
5962.74 1.66562e-10 1.66562e-10
5969.03 1.60386e-10 1.60386e-10
5975.31 1.57447e-10 1.57447e-10
5981.59 1.515e-10 1.515e-10
5987.88 1.48617e-10 1.48617e-10
5994.16 1.42895e-10 1.42895e-10
6000.44 1.40069e-10 1.40069e-10
6006.73 1.34568e-10 1.34568e-10
6013.01 1.31799e-10 1.31799e-10
6019.29 1.26514e-10 1.26514e-10
6025.57 1.23803e-10 1.23803e-10
6031.86 1.18732e-10 1.18732e-10
6038.14 1.16081e-10 1.16081e-10
6044.42 1.11218e-10 1.11218e-10
6050.71 1.08627e-10 1.08627e-10
6056.99 1.03969e-10 1.03969e-10
6063.27 1.01441e-10 1.01441e-10
6069.56 9.69836e-11 9.69836e-11
6075.84 9.45182e-11 9.45182e-11
6082.12 9.02583e-11 9.02583e-11
6088.41 8.78572e-11 8.78572e-11
6094.69 8.37909e-11 8.37909e-11
6100.97 8.14552e-11 8.14552e-11
6107.26 7.75789e-11 7.75789e-11
6113.54 7.531e-11 7.531e-11
6119.82 7.16201e-11 7.16201e-11
6126.11 6.94192e-11 6.94192e-11
6132.39 6.59122e-11 6.59122e-11
6138.67 6.37808e-11 6.37808e-11
6144.96 6.04532e-11 6.04532e-11
6151.24 5.83925e-11 5.83925e-11
6157.52 5.5241e-11 5.5241e-11
6163.8 5.32526e-11 5.32526e-11
6170.09 5.02738e-11 5.02738e-11
6176.37 4.8359e-11 4.8359e-11
6182.65 4.55497e-11 4.55497e-11
6188.94 4.371e-11 4.371e-11
6195.22 4.10669e-11 4.10669e-11
6201.5 3.93039e-11 3.93039e-11
6207.79 3.68239e-11 3.68239e-11
6214.07 3.5139e-11 3.5139e-11
6220.35 3.28189e-11 3.28189e-11
6226.64 3.12138e-11 3.12138e-11
6232.92 2.90507e-11 2.90507e-11
6239.2 2.7527e-11 2.7527e-11
6245.49 2.55177e-11 2.55177e-11
6251.77 2.4077e-11 2.4077e-11
6258.05 2.22187e-11 2.22187e-11
6264.34 2.08628e-11 2.08628e-11
6270.62 1.91525e-11 1.91525e-11
6276.9 1.7883e-11 1.7883e-11
6283.19 1.63179e-11 1.63179e-11
6289.47 1.51366e-11 1.51366e-11
6295.75 1.37139e-11 1.37139e-11
6302.03 1.26226e-11 1.26226e-11
6308.32 1.13395e-11 1.13395e-11
6314.6 1.03401e-11 1.03401e-11
6320.88 9.19391e-12 9.19391e-12
6327.17 8.28821e-12 8.28821e-12
6333.45 7.27626e-12 7.27626e-12
6339.73 6.4662e-12 6.4662e-12
6346.02 5.58588e-12 5.58588e-12
6352.3 4.87339e-12 4.87339e-12
6358.58 4.12214e-12 4.12214e-12
6364.87 3.50922e-12 3.50922e-12
6371.15 2.88451e-12 2.88451e-12
6377.43 2.37317e-12 2.37317e-12
6383.72 1.87251e-12 1.87251e-12
6390 1.46483e-12 1.46483e-12
6396.28 1.08579e-12 1.08579e-12
6402.57 7.83866e-13 7.83866e-13
6408.85 5.24059e-13 5.24059e-13
6415.13 3.30029e-13 3.30029e-13
6421.42 1.871e-13 1.871e-13
6427.7 1.03152e-13 1.03152e-13
6433.98 7.47946e-14 7.47946e-14
