0 1.24272e-14 1.24272e-14
6.28319 0.0221956 0.0221956
12.5664 0.00551631 0.00551631
18.8496 0.00244988 0.00244988
25.1327 0.00137542 0.00137542
31.4159 0.000880959 0.000880959
37.6991 0.000610305 0.000610305
43.9823 0.000448875 0.000448875
50.2655 0.000342722 0.000342722
56.5487 0.000271065 0.000271065
62.8319 0.000218906 0.000218906
69.115 0.000181063 0.000181063
75.3982 0.000151657 0.000151657
81.6814 0.000129302 0.000129302
87.9646 0.00011111 0.00011111
94.2478 9.68294e-05 9.68294e-05
100.531 8.47955e-05 8.47955e-05
106.814 7.51286e-05 7.51286e-05
113.097 6.67557e-05 6.67557e-05
119.381 5.99137e-05 5.99137e-05
125.664 5.38531e-05 5.38531e-05
131.947 4.88363e-05 4.88363e-05
138.23 4.43078e-05 4.43078e-05
144.513 4.0522e-05 4.0522e-05
150.796 3.70488e-05 3.70488e-05
157.08 3.41231e-05 3.41231e-05
163.363 3.14007e-05 3.14007e-05
169.646 2.90939e-05 2.90939e-05
175.929 2.69202e-05 2.69202e-05
182.212 2.507e-05 2.507e-05
188.496 2.33066e-05 2.33066e-05
194.779 2.18004e-05 2.18004e-05
201.062 2.03501e-05 2.03501e-05
207.345 1.91082e-05 1.91082e-05
213.628 1.79009e-05 1.79009e-05
219.911 1.68652e-05 1.68652e-05
226.195 1.58495e-05 1.58495e-05
232.478 1.4977e-05 1.4977e-05
238.761 1.41144e-05 1.41144e-05
245.044 1.33728e-05 1.33728e-05
251.327 1.2634e-05 1.2634e-05
257.611 1.19986e-05 1.19986e-05
263.894 1.1361e-05 1.1361e-05
270.177 1.08127e-05 1.08127e-05
276.46 1.02587e-05 1.02587e-05
282.743 9.78231e-06 9.78231e-06
289.027 9.29792e-06 9.29792e-06
295.31 8.88164e-06 8.88164e-06
301.593 8.45571e-06 8.45571e-06
307.876 8.08995e-06 8.08995e-06
314.159 7.7135e-06 7.7135e-06
320.442 7.39052e-06 7.39052e-06
326.726 7.05621e-06 7.05621e-06
333.009 6.76971e-06 6.76971e-06
339.292 6.47154e-06 6.47154e-06
345.575 6.21632e-06 6.21632e-06
351.858 5.94931e-06 5.94931e-06
358.142 5.72107e-06 5.72107e-06
364.425 5.48107e-06 5.48107e-06
370.708 5.27623e-06 5.27623e-06
376.991 5.05978e-06 5.05978e-06
383.274 4.87532e-06 4.87532e-06
389.557 4.67947e-06 4.67947e-06
395.841 4.51286e-06 4.51286e-06
402.124 4.33513e-06 4.33513e-06
408.407 4.1842e-06 4.1842e-06
414.69 4.02247e-06 4.02247e-06
420.973 3.88538e-06 3.88538e-06
427.257 3.73784e-06 3.73784e-06
433.54 3.613e-06 3.613e-06
439.823 3.47807e-06 3.47807e-06
446.106 3.36412e-06 3.36412e-06
452.389 3.24046e-06 3.24046e-06
458.673 3.13623e-06 3.13623e-06
464.956 3.02264e-06 3.02264e-06
471.239 2.92711e-06 2.92711e-06
477.522 2.82258e-06 2.82258e-06
483.805 2.73484e-06 2.73484e-06
490.088 2.63846e-06 2.63846e-06
496.372 2.55774e-06 2.55774e-06
502.655 2.46873e-06 2.46873e-06
508.938 2.39434e-06 2.39434e-06
515.221 2.312e-06 2.312e-06
521.504 2.24333e-06 2.24333e-06
527.788 2.16704e-06 2.16704e-06
534.071 2.10356e-06 2.10356e-06
540.354 2.03278e-06 2.03278e-06
546.637 1.97402e-06 1.97402e-06
552.92 1.90825e-06 1.90825e-06
559.203 1.85378e-06 1.85378e-06
565.487 1.79259e-06 1.79259e-06
571.77 1.74204e-06 1.74204e-06
578.053 1.68505e-06 1.68505e-06
584.336 1.63808e-06 1.63808e-06
590.619 1.58494e-06 1.58494e-06
596.903 1.54124e-06 1.54124e-06
603.186 1.49163e-06 1.49163e-06
609.469 1.45094e-06 1.45094e-06
615.752 1.40458e-06 1.40458e-06
622.035 1.36665e-06 1.36665e-06
628.319 1.3233e-06 1.3233e-06
634.602 1.28791e-06 1.28791e-06
640.885 1.24732e-06 1.24732e-06
647.168 1.21427e-06 1.21427e-06
653.451 1.17623e-06 1.17623e-06
659.734 1.14535e-06 1.14535e-06
666.018 1.10968e-06 1.10968e-06
672.301 1.08079e-06 1.08079e-06
678.584 1.04732e-06 1.04732e-06
684.867 1.02028e-06 1.02028e-06
691.15 9.88842e-07 9.88842e-07
697.434 9.63515e-07 9.63515e-07
703.717 9.33968e-07 9.33968e-07
710 9.10229e-07 9.10229e-07
716.283 8.82441e-07 8.82441e-07
722.566 8.60178e-07 8.60178e-07
728.849 8.34027e-07 8.34027e-07
735.133 8.13135e-07 8.13135e-07
741.416 7.88511e-07 7.88511e-07
747.699 7.68894e-07 7.68894e-07
753.982 7.45695e-07 7.45695e-07
760.265 7.27266e-07 7.27266e-07
766.549 7.05398e-07 7.05398e-07
772.832 6.88076e-07 6.88076e-07
779.115 6.67451e-07 6.67451e-07
785.398 6.51163e-07 6.51163e-07
791.681 6.31702e-07 6.31702e-07
797.965 6.16379e-07 6.16379e-07
804.248 5.98006e-07 5.98006e-07
810.531 5.83585e-07 5.83585e-07
816.814 5.66233e-07 5.66233e-07
823.097 5.52655e-07 5.52655e-07
829.38 5.36261e-07 5.36261e-07
835.664 5.23472e-07 5.23472e-07
841.947 5.07975e-07 5.07975e-07
848.23 4.95926e-07 4.95926e-07
854.513 4.81273e-07 4.81273e-07
860.796 4.69916e-07 4.69916e-07
867.08 4.56055e-07 4.56055e-07
873.363 4.45348e-07 4.45348e-07
879.646 4.32232e-07 4.32232e-07
885.929 4.22135e-07 4.22135e-07
892.212 4.0972e-07 4.0972e-07
898.495 4.00195e-07 4.00195e-07
904.779 3.88439e-07 3.88439e-07
911.062 3.79451e-07 3.79451e-07
917.345 3.68317e-07 3.68317e-07
923.628 3.59835e-07 3.59835e-07
929.911 3.49286e-07 3.49286e-07
936.195 3.41278e-07 3.41278e-07
942.478 3.31281e-07 3.31281e-07
948.761 3.2372e-07 3.2372e-07
955.044 3.14244e-07 3.14244e-07
961.327 3.07103e-07 3.07103e-07
967.611 2.98118e-07 2.98118e-07
973.894 2.91373e-07 2.91373e-07
980.177 2.82852e-07 2.82852e-07
986.46 2.76479e-07 2.76479e-07
992.743 2.68395e-07 2.68395e-07
999.026 2.62374e-07 2.62374e-07
1005.31 2.54704e-07 2.54704e-07
1011.59 2.49014e-07 2.49014e-07
1017.88 2.41735e-07 2.41735e-07
1024.16 2.36356e-07 2.36356e-07
1030.44 2.29447e-07 2.29447e-07
1036.73 2.24362e-07 2.24362e-07
1043.01 2.17802e-07 2.17802e-07
1049.29 2.12995e-07 2.12995e-07
1055.58 2.06766e-07 2.06766e-07
1061.86 2.02221e-07 2.02221e-07
1068.14 1.96305e-07 1.96305e-07
1074.42 1.92007e-07 1.92007e-07
1080.71 1.86387e-07 1.86387e-07
1086.99 1.82323e-07 1.82323e-07
1093.27 1.76983e-07 1.76983e-07
1099.56 1.73139e-07 1.73139e-07
1105.84 1.68065e-07 1.68065e-07
1112.12 1.64429e-07 1.64429e-07
1118.41 1.59607e-07 1.59607e-07
1124.69 1.56167e-07 1.56167e-07
1130.97 1.51584e-07 1.51584e-07
1137.26 1.4833e-07 1.4833e-07
1143.54 1.43973e-07 1.43973e-07
1149.82 1.40895e-07 1.40895e-07
1156.11 1.36751e-07 1.36751e-07
1162.39 1.33839e-07 1.33839e-07
1168.67 1.29899e-07 1.29899e-07
1174.96 1.27144e-07 1.27144e-07
1181.24 1.23397e-07 1.23397e-07
1187.52 1.2079e-07 1.2079e-07
1193.81 1.17226e-07 1.17226e-07
1200.09 1.14759e-07 1.14759e-07
1206.37 1.11369e-07 1.11369e-07
1212.65 1.09035e-07 1.09035e-07
1218.94 1.05809e-07 1.05809e-07
1225.22 1.03601e-07 1.03601e-07
1231.5 1.00531e-07 1.00531e-07
1237.79 9.84415e-08 9.84415e-08
1244.07 9.55204e-08 9.55204e-08
1250.35 9.35432e-08 9.35432e-08
1256.64 9.0763e-08 9.0763e-08
1262.92 8.88921e-08 8.88921e-08
1269.2 8.62458e-08 8.62458e-08
1275.49 8.44755e-08 8.44755e-08
1281.77 8.19563e-08 8.19563e-08
1288.05 8.02813e-08 8.02813e-08
1294.34 7.78828e-08 7.78828e-08
1300.62 7.62979e-08 7.62979e-08
1306.9 7.40143e-08 7.40143e-08
1313.19 7.25147e-08 7.25147e-08
1319.47 7.03401e-08 7.03401e-08
1325.75 6.89212e-08 6.89212e-08
1332.04 6.68503e-08 6.68503e-08
1338.32 6.55079e-08 6.55079e-08
1344.6 6.35354e-08 6.35354e-08
1350.88 6.22655e-08 6.22655e-08
1357.17 6.03866e-08 6.03866e-08
1363.45 5.91852e-08 5.91852e-08
1369.73 5.73954e-08 5.73954e-08
1376.02 5.62589e-08 5.62589e-08
1382.3 5.45537e-08 5.45537e-08
1388.58 5.34786e-08 5.34786e-08
1394.87 5.1854e-08 5.1854e-08
1401.15 5.08371e-08 5.08371e-08
1407.43 4.9289e-08 4.9289e-08
1413.72 4.83272e-08 4.83272e-08
1420 4.6852e-08 4.6852e-08
1426.28 4.59423e-08 4.59423e-08
1432.57 4.45364e-08 4.45364e-08
1438.85 4.36761e-08 4.36761e-08
1445.13 4.23361e-08 4.23361e-08
1451.42 4.15226e-08 4.15226e-08
1457.7 4.02453e-08 4.02453e-08
1463.98 3.94761e-08 3.94761e-08
1470.27 3.82585e-08 3.82585e-08
1476.55 3.75313e-08 3.75313e-08
1482.83 3.63705e-08 3.63705e-08
1489.11 3.5683e-08 3.5683e-08
1495.4 3.45762e-08 3.45762e-08
1501.68 3.39263e-08 3.39263e-08
1507.96 3.2871e-08 3.2871e-08
1514.25 3.22567e-08 3.22567e-08
1520.53 3.12504e-08 3.12504e-08
1526.81 3.06699e-08 3.06699e-08
1533.1 2.97101e-08 2.97101e-08
1539.38 2.91616e-08 2.91616e-08
1545.66 2.82462e-08 2.82462e-08
1551.95 2.77279e-08 2.77279e-08
1558.23 2.68549e-08 2.68549e-08
1564.51 2.63652e-08 2.63652e-08
1570.8 2.55324e-08 2.55324e-08
1577.08 2.50698e-08 2.50698e-08
1583.36 2.42753e-08 2.42753e-08
1589.65 2.38384e-08 2.38384e-08
1595.93 2.30805e-08 2.30805e-08
1602.21 2.26679e-08 2.26679e-08
1608.5 2.19447e-08 2.19447e-08
1614.78 2.15551e-08 2.15551e-08
1621.06 2.08651e-08 2.08651e-08
1627.34 2.04973e-08 2.04973e-08
1633.63 1.98388e-08 1.98388e-08
1639.91 1.94916e-08 1.94916e-08
1646.19 1.88632e-08 1.88632e-08
1652.48 1.85356e-08 1.85356e-08
1658.76 1.79358e-08 1.79358e-08
1665.04 1.76266e-08 1.76266e-08
1671.33 1.70541e-08 1.70541e-08
1677.61 1.67625e-08 1.67625e-08
1683.89 1.6216e-08 1.6216e-08
1690.18 1.59409e-08 1.59409e-08
1696.46 1.54192e-08 1.54192e-08
1702.74 1.51598e-08 1.51598e-08
1709.03 1.46617e-08 1.46617e-08
1715.31 1.44171e-08 1.44171e-08
1721.59 1.39415e-08 1.39415e-08
1727.88 1.37109e-08 1.37109e-08
1734.16 1.32568e-08 1.32568e-08
1740.44 1.30395e-08 1.30395e-08
1746.73 1.26059e-08 1.26059e-08
1753.01 1.24011e-08 1.24011e-08
1759.29 1.1987e-08 1.1987e-08
1765.58 1.17941e-08 1.17941e-08
1771.86 1.13986e-08 1.13986e-08
1778.14 1.12169e-08 1.12169e-08
1784.42 1.08391e-08 1.08391e-08
1790.71 1.06681e-08 1.06681e-08
1796.99 1.03072e-08 1.03072e-08
1803.27 1.01463e-08 1.01463e-08
1809.56 9.80146e-09 9.80146e-09
1815.84 9.65002e-09 9.65002e-09
1822.12 9.3206e-09 9.3206e-09
1828.41 9.17815e-09 9.17815e-09
1834.69 8.86339e-09 8.86339e-09
1840.97 8.72943e-09 8.72943e-09
1847.26 8.42866e-09 8.42866e-09
1853.54 8.30274e-09 8.30274e-09
1859.82 8.0153e-09 8.0153e-09
1866.11 7.89697e-09 7.89697e-09
1872.39 7.62226e-09 7.62226e-09
1878.67 7.51111e-09 7.51111e-09
1884.96 7.24854e-09 7.24854e-09
1891.24 7.14417e-09 7.14417e-09
1897.52 6.89318e-09 6.89318e-09
1903.81 6.79521e-09 6.79521e-09
1910.09 6.55528e-09 6.55528e-09
1916.37 6.46336e-09 6.46336e-09
1922.65 6.23398e-09 6.23398e-09
1928.94 6.14777e-09 6.14777e-09
1935.22 5.92845e-09 5.92845e-09
1941.5 5.84764e-09 5.84764e-09
1947.79 5.63793e-09 5.63793e-09
1954.07 5.56221e-09 5.56221e-09
1960.35 5.36167e-09 5.36167e-09
1966.64 5.29076e-09 5.29076e-09
1972.92 5.09897e-09 5.09897e-09
1979.2 5.0326e-09 5.0326e-09
1985.49 4.84916e-09 4.84916e-09
1991.77 4.78708e-09 4.78708e-09
1998.05 4.61161e-09 4.61161e-09
2004.34 4.55357e-09 4.55357e-09
2010.62 4.38572e-09 4.38572e-09
2016.9 4.33149e-09 4.33149e-09
2023.19 4.17091e-09 4.17091e-09
2029.47 4.12027e-09 4.12027e-09
2035.75 3.96663e-09 3.96663e-09
2042.04 3.91939e-09 3.91939e-09
2048.32 3.77237e-09 3.77237e-09
2054.6 3.72833e-09 3.72833e-09
2060.88 3.58764e-09 3.58764e-09
2067.17 3.54661e-09 3.54661e-09
2073.45 3.41197e-09 3.41197e-09
2079.73 3.37378e-09 3.37378e-09
2086.02 3.24491e-09 3.24491e-09
2092.3 3.2094e-09 3.2094e-09
2098.58 3.08604e-09 3.08604e-09
2104.87 3.05305e-09 3.05305e-09
2111.15 2.93496e-09 2.93496e-09
2117.43 2.90433e-09 2.90433e-09
2123.72 2.79128e-09 2.79128e-09
2130 2.76289e-09 2.76289e-09
2136.28 2.65465e-09 2.65465e-09
2142.57 2.62835e-09 2.62835e-09
2148.85 2.52471e-09 2.52471e-09
2155.13 2.50039e-09 2.50039e-09
2161.42 2.40113e-09 2.40113e-09
2167.7 2.37867e-09 2.37867e-09
2173.98 2.28361e-09 2.28361e-09
2180.27 2.2629e-09 2.2629e-09
2186.55 2.17185e-09 2.17185e-09
2192.83 2.15277e-09 2.15277e-09
2199.11 2.06556e-09 2.06556e-09
2205.4 2.04803e-09 2.04803e-09
2211.68 1.96447e-09 1.96447e-09
2217.96 1.94839e-09 1.94839e-09
2224.25 1.86834e-09 1.86834e-09
2230.53 1.85362e-09 1.85362e-09
2236.81 1.77692e-09 1.77692e-09
2243.1 1.76347e-09 1.76347e-09
2249.38 1.68997e-09 1.68997e-09
2255.66 1.67771e-09 1.67771e-09
2261.95 1.60728e-09 1.60728e-09
2268.23 1.59614e-09 1.59614e-09
2274.51 1.52863e-09 1.52863e-09
2280.8 1.51855e-09 1.51855e-09
2287.08 1.45384e-09 1.45384e-09
2293.36 1.44474e-09 1.44474e-09
2299.65 1.38271e-09 1.38271e-09
2305.93 1.37453e-09 1.37453e-09
2312.21 1.31506e-09 1.31506e-09
2318.5 1.30774e-09 1.30774e-09
2324.78 1.25072e-09 1.25072e-09
2331.06 1.24421e-09 1.24421e-09
2337.34 1.18953e-09 1.18953e-09
2343.63 1.18377e-09 1.18377e-09
2349.91 1.13133e-09 1.13133e-09
2356.19 1.12627e-09 1.12627e-09
2362.48 1.07599e-09 1.07599e-09
2368.76 1.07158e-09 1.07158e-09
2375.04 1.02335e-09 1.02335e-09
2381.33 1.01955e-09 1.01955e-09
2387.61 9.73282e-10 9.73282e-10
2393.89 9.70057e-10 9.70057e-10
2400.18 9.25668e-10 9.25668e-10
2406.46 9.22971e-10 9.22971e-10
2412.74 8.80383e-10 8.80383e-10
2419.03 8.78179e-10 8.78179e-10
2425.31 8.37314e-10 8.37314e-10
2431.59 8.35567e-10 8.35567e-10
2437.88 7.96352e-10 7.96352e-10
2444.16 7.95028e-10 7.95028e-10
2450.44 7.57393e-10 7.57393e-10
2456.73 7.56463e-10 7.56463e-10
2463.01 7.20341e-10 7.20341e-10
2469.29 7.19774e-10 7.19774e-10
2475.58 6.851e-10 6.851e-10
2481.86 6.8487e-10 6.8487e-10
2488.14 6.51583e-10 6.51583e-10
2494.42 6.51664e-10 6.51664e-10
2500.71 6.19706e-10 6.19706e-10
2506.99 6.20073e-10 6.20073e-10
2513.27 5.89388e-10 5.89388e-10
2519.56 5.90019e-10 5.90019e-10
2525.84 5.60552e-10 5.60552e-10
2532.12 5.61425e-10 5.61425e-10
2538.41 5.33127e-10 5.33127e-10
2544.69 5.34222e-10 5.34222e-10
2550.97 5.07043e-10 5.07043e-10
2557.26 5.08341e-10 5.08341e-10
2563.54 4.82234e-10 4.82234e-10
2569.82 4.83718e-10 4.83718e-10
2576.11 4.58639e-10 4.58639e-10
2582.39 4.60292e-10 4.60292e-10
2588.67 4.36197e-10 4.36197e-10
2594.96 4.38004e-10 4.38004e-10
2601.24 4.14853e-10 4.14853e-10
2607.52 4.16799e-10 4.16799e-10
2613.81 3.94553e-10 3.94553e-10
2620.09 3.96623e-10 3.96623e-10
2626.37 3.75245e-10 3.75245e-10
2632.65 3.77428e-10 3.77428e-10
2638.94 3.56881e-10 3.56881e-10
2645.22 3.59165e-10 3.59165e-10
2651.5 3.39415e-10 3.39415e-10
2657.79 3.41788e-10 3.41788e-10
2664.07 3.22804e-10 3.22804e-10
2670.35 3.25256e-10 3.25256e-10
2676.64 3.07004e-10 3.07004e-10
2682.92 3.09525e-10 3.09525e-10
2689.2 2.91977e-10 2.91977e-10
2695.49 2.94558e-10 2.94558e-10
2701.77 2.77685e-10 2.77685e-10
2708.05 2.80318e-10 2.80318e-10
2714.34 2.64092e-10 2.64092e-10
2720.62 2.66768e-10 2.66768e-10
2726.9 2.51163e-10 2.51163e-10
2733.19 2.53875e-10 2.53875e-10
2739.47 2.38866e-10 2.38866e-10
2745.75 2.41608e-10 2.41608e-10
2752.04 2.27171e-10 2.27171e-10
2758.32 2.29936e-10 2.29936e-10
2764.6 2.16047e-10 2.16047e-10
2770.88 2.1883e-10 2.1883e-10
2777.17 2.05468e-10 2.05468e-10
2783.45 2.08262e-10 2.08262e-10
2789.73 1.95406e-10 1.95406e-10
2796.02 1.98207e-10 1.98207e-10
2802.3 1.85835e-10 1.85835e-10
2808.58 1.88639e-10 1.88639e-10
2814.87 1.76733e-10 1.76733e-10
2821.15 1.79534e-10 1.79534e-10
2827.43 1.68076e-10 1.68076e-10
2833.72 1.70871e-10 1.70871e-10
2840 1.59842e-10 1.59842e-10
2846.28 1.62627e-10 1.62627e-10
2852.57 1.52011e-10 1.52011e-10
2858.85 1.54783e-10 1.54783e-10
2865.13 1.44563e-10 1.44563e-10
2871.42 1.47319e-10 1.47319e-10
2877.7 1.37479e-10 1.37479e-10
2883.98 1.40216e-10 1.40216e-10
2890.27 1.30741e-10 1.30741e-10
2896.55 1.33457e-10 1.33457e-10
2902.83 1.24333e-10 1.24333e-10
2909.11 1.27025e-10 1.27025e-10
2915.4 1.18239e-10 1.18239e-10
2921.68 1.20904e-10 1.20904e-10
2927.96 1.12442e-10 1.12442e-10
2934.25 1.1508e-10 1.1508e-10
2940.53 1.0693e-10 1.0693e-10
2946.81 1.09537e-10 1.09537e-10
2953.1 1.01686e-10 1.01686e-10
2959.38 1.04263e-10 1.04263e-10
2965.66 9.66995e-11 9.66995e-11
2971.95 9.92431e-11 9.92431e-11
2978.23 9.19567e-11 9.19567e-11
2984.51 9.44665e-11 9.44665e-11
2990.8 8.7446e-11 8.7446e-11
2997.08 8.99208e-11 8.99208e-11
3003.36 8.31559e-11 8.31559e-11
3009.65 8.55948e-11 8.55948e-11
3015.93 7.90758e-11 7.90758e-11
3022.21 8.1478e-11 8.1478e-11
3028.5 7.51953e-11 7.51953e-11
3034.78 7.75601e-11 7.75601e-11
3041.06 7.15047e-11 7.15047e-11
3047.34 7.38315e-11 7.38315e-11
3053.63 6.79947e-11 6.79947e-11
3059.91 7.0283e-11 7.0283e-11
3066.19 6.46566e-11 6.46566e-11
3072.48 6.69059e-11 6.69059e-11
3078.76 6.14818e-11 6.14818e-11
3085.04 6.36919e-11 6.36919e-11
3091.33 5.84624e-11 5.84624e-11
3097.61 6.0633e-11 6.0633e-11
3103.89 5.55908e-11 5.55908e-11
3110.18 5.77219e-11 5.77219e-11
3116.46 5.28598e-11 5.28598e-11
3122.74 5.49512e-11 5.49512e-11
3129.03 5.02626e-11 5.02626e-11
3135.31 5.23142e-11 5.23142e-11
3141.59 4.77925e-11 4.77925e-11
3147.88 4.98045e-11 4.98045e-11
3154.16 4.54433e-11 4.54433e-11
3160.44 4.74158e-11 4.74158e-11
3166.73 4.32093e-11 4.32093e-11
3173.01 4.51423e-11 4.51423e-11
3179.29 4.10846e-11 4.10846e-11
3185.57 4.29785e-11 4.29785e-11
3191.86 3.90641e-11 3.90641e-11
3198.14 4.09189e-11 4.09189e-11
3204.42 3.71425e-11 3.71425e-11
3210.71 3.89586e-11 3.89586e-11
3216.99 3.53151e-11 3.53151e-11
3223.27 3.70928e-11 3.70928e-11
3229.56 3.35772e-11 3.35772e-11
3235.84 3.53169e-11 3.53169e-11
3242.12 3.19245e-11 3.19245e-11
3248.41 3.36265e-11 3.36265e-11
3254.69 3.03529e-11 3.03529e-11
3260.97 3.20176e-11 3.20176e-11
3267.26 2.88582e-11 2.88582e-11
3273.54 3.04861e-11 3.04861e-11
3279.82 2.74369e-11 2.74369e-11
3286.11 2.90283e-11 2.90283e-11
3292.39 2.60852e-11 2.60852e-11
3298.67 2.76407e-11 2.76407e-11
3304.96 2.47998e-11 2.47998e-11
3311.24 2.63198e-11 2.63198e-11
3317.52 2.35775e-11 2.35775e-11
3323.81 2.50625e-11 2.50625e-11
3330.09 2.24151e-11 2.24151e-11
3336.37 2.38657e-11 2.38657e-11
3342.65 2.13098e-11 2.13098e-11
3348.94 2.27264e-11 2.27264e-11
3355.22 2.02587e-11 2.02587e-11
3361.5 2.16419e-11 2.16419e-11
3367.79 1.92592e-11 1.92592e-11
3374.07 2.06095e-11 2.06095e-11
3380.35 1.83087e-11 1.83087e-11
3386.64 1.96267e-11 1.96267e-11
3392.92 1.7405e-11 1.7405e-11
3399.2 1.86912e-11 1.86912e-11
3405.49 1.65456e-11 1.65456e-11
3411.77 1.78005e-11 1.78005e-11
3418.05 1.57284e-11 1.57284e-11
3424.34 1.69527e-11 1.69527e-11
3430.62 1.49513e-11 1.49513e-11
3436.9 1.61455e-11 1.61455e-11
3443.19 1.42124e-11 1.42124e-11
3449.47 1.5377e-11 1.5377e-11
3455.75 1.35099e-11 1.35099e-11
3462.04 1.46455e-11 1.46455e-11
3468.32 1.28418e-11 1.28418e-11
3474.6 1.3949e-11 1.3949e-11
3480.88 1.22066e-11 1.22066e-11
3487.17 1.32859e-11 1.32859e-11
3493.45 1.16027e-11 1.16027e-11
3499.73 1.26547e-11 1.26547e-11
3506.02 1.10284e-11 1.10284e-11
3512.3 1.20536e-11 1.20536e-11
3518.58 1.04824e-11 1.04824e-11
3524.87 1.14814e-11 1.14814e-11
3531.15 9.96327e-12 9.96327e-12
3537.43 1.09366e-11 1.09366e-11
3543.72 9.46967e-12 9.46967e-12
3550 1.04179e-11 1.04179e-11
3556.28 9.00038e-12 9.00038e-12
3562.57 9.92396e-12 9.92396e-12
3568.85 8.55419e-12 8.55419e-12
3575.13 9.45371e-12 9.45371e-12
3581.42 8.12998e-12 8.12998e-12
3587.7 9.00596e-12 9.00596e-12
3593.98 7.72666e-12 7.72666e-12
3600.27 8.57962e-12 8.57962e-12
3606.55 7.34322e-12 7.34322e-12
3612.83 8.17367e-12 8.17367e-12
3619.11 6.97868e-12 6.97868e-12
3625.4 7.78713e-12 7.78713e-12
3631.68 6.63211e-12 6.63211e-12
3637.96 7.41906e-12 7.41906e-12
3644.25 6.30264e-12 6.30264e-12
3650.53 7.06857e-12 7.06857e-12
3656.81 5.98941e-12 5.98941e-12
3663.1 6.73483e-12 6.73483e-12
3669.38 5.69165e-12 5.69165e-12
3675.66 6.41701e-12 6.41701e-12
3681.95 5.40858e-12 5.40858e-12
3688.23 6.11437e-12 6.11437e-12
3694.51 5.13948e-12 5.13948e-12
3700.8 5.82617e-12 5.82617e-12
3707.08 4.88368e-12 4.88368e-12
3713.36 5.55171e-12 5.55171e-12
3719.65 4.64052e-12 4.64052e-12
3725.93 5.29033e-12 5.29033e-12
3732.21 4.40937e-12 4.40937e-12
3738.5 5.04142e-12 5.04142e-12
3744.78 4.18965e-12 4.18965e-12
3751.06 4.80437e-12 4.80437e-12
3757.34 3.9808e-12 3.9808e-12
3763.63 4.5786e-12 4.5786e-12
3769.91 3.78228e-12 3.78228e-12
3776.19 4.36359e-12 4.36359e-12
3782.48 3.59358e-12 3.59358e-12
3788.76 4.1588e-12 4.1588e-12
3795.04 3.41423e-12 3.41423e-12
3801.33 3.96377e-12 3.96377e-12
3807.61 3.24376e-12 3.24376e-12
3813.89 3.778e-12 3.778e-12
3820.18 3.08173e-12 3.08173e-12
3826.46 3.60107e-12 3.60107e-12
3832.74 2.92774e-12 2.92774e-12
3839.03 3.43255e-12 3.43255e-12
3845.31 2.78138e-12 2.78138e-12
3851.59 3.27203e-12 3.27203e-12
3857.88 2.64228e-12 2.64228e-12
3864.16 3.11913e-12 3.11913e-12
3870.44 2.51009e-12 2.51009e-12
3876.73 2.97349e-12 2.97349e-12
3883.01 2.38445e-12 2.38445e-12
3889.29 2.83476e-12 2.83476e-12
3895.57 2.26506e-12 2.26506e-12
3901.86 2.70261e-12 2.70261e-12
3908.14 2.1516e-12 2.1516e-12
3914.42 2.57672e-12 2.57672e-12
3920.71 2.04378e-12 2.04378e-12
3926.99 2.4568e-12 2.4568e-12
3933.27 1.94132e-12 1.94132e-12
3939.56 2.34256e-12 2.34256e-12
3945.84 1.84396e-12 1.84396e-12
3952.12 2.23372e-12 2.23372e-12
3958.41 1.75145e-12 1.75145e-12
3964.69 2.13004e-12 2.13004e-12
3970.97 1.66355e-12 1.66355e-12
3977.26 2.03126e-12 2.03126e-12
3983.54 1.58002e-12 1.58002e-12
3989.82 1.93715e-12 1.93715e-12
3996.11 1.50066e-12 1.50066e-12
4002.39 1.84748e-12 1.84748e-12
4008.67 1.42526e-12 1.42526e-12
4014.96 1.76205e-12 1.76205e-12
4021.24 1.35362e-12 1.35362e-12
4027.52 1.68066e-12 1.68066e-12
4033.8 1.28556e-12 1.28556e-12
4040.09 1.6031e-12 1.6031e-12
4046.37 1.2209e-12 1.2209e-12
4052.65 1.5292e-12 1.5292e-12
4058.94 1.15947e-12 1.15947e-12
4065.22 1.45879e-12 1.45879e-12
4071.5 1.10111e-12 1.10111e-12
4077.79 1.39169e-12 1.39169e-12
4084.07 1.04568e-12 1.04568e-12
4090.35 1.32775e-12 1.32775e-12
4096.64 9.93016e-13 9.93016e-13
4102.92 1.26682e-12 1.26682e-12
4109.2 9.42995e-13 9.42995e-13
4115.49 1.20876e-12 1.20876e-12
4121.77 8.95482e-13 8.95482e-13
4128.05 1.15343e-12 1.15343e-12
4134.34 8.50353e-13 8.50353e-13
4140.62 1.10069e-12 1.10069e-12
4146.9 8.0749e-13 8.0749e-13
4153.19 1.05043e-12 1.05043e-12
4159.47 7.66779e-13 7.66779e-13
4165.75 1.00253e-12 1.00253e-12
4172.04 7.28116e-13 7.28116e-13
4178.32 9.5688e-13 9.5688e-13
4184.6 6.91397e-13 6.91397e-13
4190.88 9.13367e-13 9.13367e-13
4197.17 6.56527e-13 6.56527e-13
4203.45 8.71892e-13 8.71892e-13
4209.73 6.23413e-13 6.23413e-13
4216.02 8.32359e-13 8.32359e-13
4222.3 5.91969e-13 5.91969e-13
4228.58 7.94675e-13 7.94675e-13
4234.87 5.6211e-13 5.6211e-13
4241.15 7.58753e-13 7.58753e-13
4247.43 5.3376e-13 5.3376e-13
4253.72 7.2451e-13 7.2451e-13
4260 5.06841e-13 5.06841e-13
4266.28 6.91866e-13 6.91866e-13
4272.57 4.81284e-13 4.81284e-13
4278.85 6.60745e-13 6.60745e-13
4285.13 4.5702e-13 4.5702e-13
4291.42 6.31076e-13 6.31076e-13
4297.7 4.33985e-13 4.33985e-13
4303.98 6.02789e-13 6.02789e-13
4310.27 4.12118e-13 4.12118e-13
4316.55 5.75819e-13 5.75819e-13
4322.83 3.9136e-13 3.9136e-13
4329.11 5.50105e-13 5.50105e-13
4335.4 3.71656e-13 3.71656e-13
4341.68 5.25587e-13 5.25587e-13
4347.96 3.52953e-13 3.52953e-13
4354.25 5.02208e-13 5.02208e-13
4360.53 3.35201e-13 3.35201e-13
4366.81 4.79914e-13 4.79914e-13
4373.1 3.18353e-13 3.18353e-13
4379.38 4.58655e-13 4.58655e-13
4385.66 3.02364e-13 3.02364e-13
4391.95 4.38382e-13 4.38382e-13
4398.23 2.8719e-13 2.8719e-13
4404.51 4.19048e-13 4.19048e-13
4410.8 2.72791e-13 2.72791e-13
4417.08 4.0061e-13 4.0061e-13
4423.36 2.59128e-13 2.59128e-13
4429.65 3.83024e-13 3.83024e-13
4435.93 2.46164e-13 2.46164e-13
4442.21 3.66251e-13 3.66251e-13
4448.5 2.33863e-13 2.33863e-13
4454.78 3.50253e-13 3.50253e-13
4461.06 2.22193e-13 2.22193e-13
4467.34 3.34994e-13 3.34994e-13
4473.63 2.11122e-13 2.11122e-13
4479.91 3.20437e-13 3.20437e-13
4486.19 2.0062e-13 2.0062e-13
4492.48 3.06552e-13 3.06552e-13
4498.76 1.90657e-13 1.90657e-13
4505.04 2.93306e-13 2.93306e-13
4511.33 1.81208e-13 1.81208e-13
4517.61 2.80669e-13 2.80669e-13
4523.89 1.72245e-13 1.72245e-13
4530.18 2.68613e-13 2.68613e-13
4536.46 1.63746e-13 1.63746e-13
4542.74 2.5711e-13 2.5711e-13
4549.03 1.55685e-13 1.55685e-13
4555.31 2.46135e-13 2.46135e-13
4561.59 1.48041e-13 1.48041e-13
4567.88 2.35663e-13 2.35663e-13
4574.16 1.40793e-13 1.40793e-13
4580.44 2.25671e-13 2.25671e-13
4586.73 1.3392e-13 1.3392e-13
4593.01 2.16135e-13 2.16135e-13
4599.29 1.27405e-13 1.27405e-13
4605.57 2.07036e-13 2.07036e-13
4611.86 1.21228e-13 1.21228e-13
4618.14 1.98352e-13 1.98352e-13
4624.42 1.15372e-13 1.15372e-13
4630.71 1.90064e-13 1.90064e-13
4636.99 1.09822e-13 1.09822e-13
4643.27 1.82154e-13 1.82154e-13
4649.56 1.04562e-13 1.04562e-13
4655.84 1.74603e-13 1.74603e-13
4662.12 9.95762e-14 9.95762e-14
4668.41 1.67397e-13 1.67397e-13
4674.69 9.48515e-14 9.48515e-14
4680.97 1.60517e-13 1.60517e-13
4687.26 9.03744e-14 9.03744e-14
4693.54 1.5395e-13 1.5395e-13
4699.82 8.61323e-14 8.61323e-14
4706.11 1.47681e-13 1.47681e-13
4712.39 8.21132e-14 8.21132e-14
4718.67 1.41696e-13 1.41696e-13
4724.96 7.83057e-14 7.83057e-14
4731.24 1.35981e-13 1.35981e-13
4737.52 7.46989e-14 7.46989e-14
4743.8 1.30525e-13 1.30525e-13
4750.09 7.12826e-14 7.12826e-14
4756.37 1.25315e-13 1.25315e-13
4762.65 6.8047e-14 6.8047e-14
4768.94 1.2034e-13 1.2034e-13
4775.22 6.49828e-14 6.49828e-14
4781.5 1.15589e-13 1.15589e-13
4787.79 6.20811e-14 6.20811e-14
4794.07 1.11052e-13 1.11052e-13
4800.35 5.93337e-14 5.93337e-14
4806.64 1.06719e-13 1.06719e-13
4812.92 5.67326e-14 5.67326e-14
4819.2 1.0258e-13 1.0258e-13
4825.49 5.42702e-14 5.42702e-14
4831.77 9.86268e-14 9.86268e-14
4838.05 5.19394e-14 5.19394e-14
4844.34 9.48507e-14 9.48507e-14
4850.62 4.97333e-14 4.97333e-14
4856.9 9.12435e-14 9.12435e-14
4863.19 4.76456e-14 4.76456e-14
4869.47 8.77975e-14 8.77975e-14
4875.75 4.56699e-14 4.56699e-14
4882.03 8.45052e-14 8.45052e-14
4888.32 4.38006e-14 4.38006e-14
4894.6 8.13597e-14 8.13597e-14
4900.88 4.20322e-14 4.20322e-14
4907.17 7.83542e-14 7.83542e-14
4913.45 4.03592e-14 4.03592e-14
4919.73 7.54822e-14 7.54822e-14
4926.02 3.87769e-14 3.87769e-14
4932.3 7.27378e-14 7.27378e-14
4938.58 3.72804e-14 3.72804e-14
4944.87 7.01151e-14 7.01151e-14
4951.15 3.58652e-14 3.58652e-14
4957.43 6.76086e-14 6.76086e-14
4963.72 3.45271e-14 3.45271e-14
4970 6.52129e-14 6.52129e-14
4976.28 3.32621e-14 3.32621e-14
4982.57 6.2923e-14 6.2923e-14
4988.85 3.20662e-14 3.20662e-14
4995.13 6.07341e-14 6.07341e-14
5001.42 3.0936e-14 3.0936e-14
5007.7 5.86416e-14 5.86416e-14
5013.98 2.98678e-14 2.98678e-14
5020.27 5.66412e-14 5.66412e-14
5026.55 2.88585e-14 2.88585e-14
5032.83 5.47286e-14 5.47286e-14
5039.11 2.79049e-14 2.79049e-14
5045.4 5.28999e-14 5.28999e-14
5051.68 2.7004e-14 2.7004e-14
5057.96 5.11514e-14 5.11514e-14
5064.25 2.61531e-14 2.61531e-14
5070.53 4.94793e-14 4.94793e-14
5076.81 2.53495e-14 2.53495e-14
5083.1 4.78803e-14 4.78803e-14
5089.38 2.45907e-14 2.45907e-14
5095.66 4.6351e-14 4.6351e-14
5101.95 2.38743e-14 2.38743e-14
5108.23 4.48884e-14 4.48884e-14
5114.51 2.3198e-14 2.3198e-14
5120.8 4.34894e-14 4.34894e-14
5127.08 2.25597e-14 2.25597e-14
5133.36 4.21511e-14 4.21511e-14
5139.65 2.19573e-14 2.19573e-14
5145.93 4.08708e-14 4.08708e-14
5152.21 2.1389e-14 2.1389e-14
5158.5 3.9646e-14 3.9646e-14
5164.78 2.08528e-14 2.08528e-14
5171.06 3.84742e-14 3.84742e-14
5177.34 2.0347e-14 2.0347e-14
5183.63 3.73529e-14 3.73529e-14
5189.91 1.98701e-14 1.98701e-14
5196.19 3.628e-14 3.628e-14
5202.48 1.94203e-14 1.94203e-14
5208.76 3.52533e-14 3.52533e-14
5215.04 1.89963e-14 1.89963e-14
5221.33 3.42707e-14 3.42707e-14
5227.61 1.85966e-14 1.85966e-14
5233.89 3.33303e-14 3.33303e-14
5240.18 1.822e-14 1.822e-14
5246.46 3.24301e-14 3.24301e-14
5252.74 1.78651e-14 1.78651e-14
5259.03 3.15685e-14 3.15685e-14
5265.31 1.75308e-14 1.75308e-14
5271.59 3.07437e-14 3.07437e-14
5277.88 1.72158e-14 1.72158e-14
5284.16 2.9954e-14 2.9954e-14
5290.44 1.69193e-14 1.69193e-14
5296.73 2.9198e-14 2.9198e-14
5303.01 1.66401e-14 1.66401e-14
5309.29 2.84741e-14 2.84741e-14
5315.57 1.63772e-14 1.63772e-14
5321.86 2.7781e-14 2.7781e-14
5328.14 1.61299e-14 1.61299e-14
5334.42 2.71172e-14 2.71172e-14
5340.71 1.58971e-14 1.58971e-14
5346.99 2.64816e-14 2.64816e-14
5353.27 1.56781e-14 1.56781e-14
5359.56 2.58728e-14 2.58728e-14
5365.84 1.54722e-14 1.54722e-14
5372.12 2.52897e-14 2.52897e-14
5378.41 1.52785e-14 1.52785e-14
5384.69 2.47311e-14 2.47311e-14
5390.97 1.50964e-14 1.50964e-14
5397.26 2.41961e-14 2.41961e-14
5403.54 1.49253e-14 1.49253e-14
5409.82 2.36835e-14 2.36835e-14
5416.11 1.47644e-14 1.47644e-14
5422.39 2.31924e-14 2.31924e-14
5428.67 1.46133e-14 1.46133e-14
5434.96 2.27219e-14 2.27219e-14
5441.24 1.44714e-14 1.44714e-14
5447.52 2.22711e-14 2.22711e-14
5453.8 1.43382e-14 1.43382e-14
5460.09 2.18391e-14 2.18391e-14
5466.37 1.42131e-14 1.42131e-14
5472.65 2.14251e-14 2.14251e-14
5478.94 1.40956e-14 1.40956e-14
5485.22 2.10284e-14 2.10284e-14
5491.5 1.39854e-14 1.39854e-14
5497.79 2.06481e-14 2.06481e-14
5504.07 1.38821e-14 1.38821e-14
5510.35 2.02836e-14 2.02836e-14
5516.64 1.37851e-14 1.37851e-14
5522.92 1.99343e-14 1.99343e-14
5529.2 1.36942e-14 1.36942e-14
5535.49 1.95994e-14 1.95994e-14
5541.77 1.3609e-14 1.3609e-14
5548.05 1.92784e-14 1.92784e-14
5554.34 1.35292e-14 1.35292e-14
5560.62 1.89706e-14 1.89706e-14
5566.9 1.34544e-14 1.34544e-14
5573.19 1.86756e-14 1.86756e-14
5579.47 1.33843e-14 1.33843e-14
5585.75 1.83927e-14 1.83927e-14
5592.03 1.33187e-14 1.33187e-14
5598.32 1.81215e-14 1.81215e-14
5604.6 1.32573e-14 1.32573e-14
5610.88 1.78614e-14 1.78614e-14
5617.17 1.31999e-14 1.31999e-14
5623.45 1.7612e-14 1.7612e-14
5629.73 1.31461e-14 1.31461e-14
5636.02 1.73728e-14 1.73728e-14
5642.3 1.30959e-14 1.30959e-14
5648.58 1.71435e-14 1.71435e-14
5654.87 1.30489e-14 1.30489e-14
5661.15 1.69236e-14 1.69236e-14
5667.43 1.3005e-14 1.3005e-14
5673.72 1.67127e-14 1.67127e-14
5680 1.29639e-14 1.29639e-14
5686.28 1.65104e-14 1.65104e-14
5692.57 1.29256e-14 1.29256e-14
5698.85 1.63165e-14 1.63165e-14
5705.13 1.28898e-14 1.28898e-14
5711.42 1.61304e-14 1.61304e-14
5717.7 1.28564e-14 1.28564e-14
5723.98 1.5952e-14 1.5952e-14
5730.27 1.28253e-14 1.28253e-14
5736.55 1.57809e-14 1.57809e-14
5742.83 1.27962e-14 1.27962e-14
5749.11 1.56168e-14 1.56168e-14
5755.4 1.27691e-14 1.27691e-14
5761.68 1.54595e-14 1.54595e-14
5767.96 1.27438e-14 1.27438e-14
5774.25 1.53085e-14 1.53085e-14
5780.53 1.27203e-14 1.27203e-14
5786.81 1.51638e-14 1.51638e-14
5793.1 1.26983e-14 1.26983e-14
5799.38 1.50251e-14 1.50251e-14
5805.66 1.26779e-14 1.26779e-14
5811.95 1.4892e-14 1.4892e-14
5818.23 1.26589e-14 1.26589e-14
5824.51 1.47644e-14 1.47644e-14
5830.8 1.26412e-14 1.26412e-14
5837.08 1.46421e-14 1.46421e-14
5843.36 1.26248e-14 1.26248e-14
5849.65 1.45248e-14 1.45248e-14
5855.93 1.26095e-14 1.26095e-14
5862.21 1.44124e-14 1.44124e-14
5868.5 1.25952e-14 1.25952e-14
5874.78 1.43047e-14 1.43047e-14
5881.06 1.2582e-14 1.2582e-14
5887.34 1.42015e-14 1.42015e-14
5893.63 1.25698e-14 1.25698e-14
5899.91 1.41026e-14 1.41026e-14
5906.19 1.25584e-14 1.25584e-14
5912.48 1.40078e-14 1.40078e-14
5918.76 1.25478e-14 1.25478e-14
5925.04 1.3917e-14 1.3917e-14
5931.33 1.2538e-14 1.2538e-14
5937.61 1.38301e-14 1.38301e-14
5943.89 1.25289e-14 1.25289e-14
5950.18 1.37469e-14 1.37469e-14
5956.46 1.25205e-14 1.25205e-14
5962.74 1.36673e-14 1.36673e-14
5969.03 1.25127e-14 1.25127e-14
5975.31 1.35911e-14 1.35911e-14
5981.59 1.25055e-14 1.25055e-14
5987.88 1.35182e-14 1.35182e-14
5994.16 1.24988e-14 1.24988e-14
6000.44 1.34486e-14 1.34486e-14
6006.73 1.24926e-14 1.24926e-14
6013.01 1.3382e-14 1.3382e-14
6019.29 1.24869e-14 1.24869e-14
6025.57 1.33183e-14 1.33183e-14
6031.86 1.24816e-14 1.24816e-14
6038.14 1.32576e-14 1.32576e-14
6044.42 1.24767e-14 1.24767e-14
6050.71 1.31996e-14 1.31996e-14
6056.99 1.24722e-14 1.24722e-14
6063.27 1.31443e-14 1.31443e-14
6069.56 1.2468e-14 1.2468e-14
6075.84 1.30916e-14 1.30916e-14
6082.12 1.24642e-14 1.24642e-14
6088.41 1.30415e-14 1.30415e-14
6094.69 1.24606e-14 1.24606e-14
6100.97 1.29937e-14 1.29937e-14
6107.26 1.24574e-14 1.24574e-14
6113.54 1.29483e-14 1.29483e-14
6119.82 1.24544e-14 1.24544e-14
6126.11 1.29052e-14 1.29052e-14
6132.39 1.24516e-14 1.24516e-14
6138.67 1.28643e-14 1.28643e-14
6144.96 1.24491e-14 1.24491e-14
6151.24 1.28256e-14 1.28256e-14
6157.52 1.24467e-14 1.24467e-14
6163.8 1.27889e-14 1.27889e-14
6170.09 1.24446e-14 1.24446e-14
6176.37 1.27543e-14 1.27543e-14
6182.65 1.24426e-14 1.24426e-14
6188.94 1.27217e-14 1.27217e-14
6195.22 1.24408e-14 1.24408e-14
6201.5 1.2691e-14 1.2691e-14
6207.79 1.24392e-14 1.24392e-14
6214.07 1.26622e-14 1.26622e-14
6220.35 1.24377e-14 1.24377e-14
6226.64 1.26352e-14 1.26352e-14
6232.92 1.24363e-14 1.24363e-14
6239.2 1.261e-14 1.261e-14
6245.49 1.24351e-14 1.24351e-14
6251.77 1.25866e-14 1.25866e-14
6258.05 1.24339e-14 1.24339e-14
6264.34 1.25648e-14 1.25648e-14
6270.62 1.24329e-14 1.24329e-14
6276.9 1.25448e-14 1.25448e-14
6283.19 1.2432e-14 1.2432e-14
6289.47 1.25265e-14 1.25265e-14
6295.75 1.24312e-14 1.24312e-14
6302.03 1.25097e-14 1.25097e-14
6308.32 1.24305e-14 1.24305e-14
6314.6 1.24946e-14 1.24946e-14
6320.88 1.24298e-14 1.24298e-14
6327.17 1.2481e-14 1.2481e-14
6333.45 1.24292e-14 1.24292e-14
6339.73 1.2469e-14 1.2469e-14
6346.02 1.24288e-14 1.24288e-14
6352.3 1.24586e-14 1.24586e-14
6358.58 1.24283e-14 1.24283e-14
6364.87 1.24496e-14 1.24496e-14
6371.15 1.2428e-14 1.2428e-14
6377.43 1.24422e-14 1.24422e-14
6383.72 1.24277e-14 1.24277e-14
6390 1.24363e-14 1.24363e-14
6396.28 1.24275e-14 1.24275e-14
6402.57 1.24318e-14 1.24318e-14
6408.85 1.24273e-14 1.24273e-14
6415.13 1.24289e-14 1.24289e-14
6421.42 1.24272e-14 1.24272e-14
6427.7 1.24274e-14 1.24274e-14
6433.98 1.24272e-14 1.24272e-14
