0 8.55362e-15 8.55362e-15
6.28319 0.0152894 0.0152894
12.5664 0.00380827 0.00380827
18.8496 0.00169243 0.00169243
25.1327 0.000949939 0.000949939
31.4159 0.000608508 0.000608508
37.6991 0.000421405 0.000421405
43.9823 0.000309878 0.000309878
50.2655 0.000236508 0.000236508
56.5487 0.000186988 0.000186988
62.8319 0.000150939 0.000150939
69.115 0.000124784 0.000124784
75.3982 0.000104461 0.000104461
81.6814 8.90109e-05 8.90109e-05
87.9646 7.64383e-05 7.64383e-05
94.2478 6.65681e-05 6.65681e-05
100.531 5.82521e-05 5.82521e-05
106.814 5.15708e-05 5.15708e-05
113.097 4.57852e-05 4.57852e-05
119.381 4.10566e-05 4.10566e-05
125.664 3.68692e-05 3.68692e-05
131.947 3.34023e-05 3.34023e-05
138.23 3.02739e-05 3.02739e-05
144.513 2.76579e-05 2.76579e-05
150.796 2.52591e-05 2.52591e-05
157.08 2.32377e-05 2.32377e-05
163.363 2.13579e-05 2.13579e-05
169.646 1.97644e-05 1.97644e-05
175.929 1.82638e-05 1.82638e-05
182.212 1.6986e-05 1.6986e-05
188.496 1.57692e-05 1.57692e-05
194.779 1.47293e-05 1.47293e-05
201.062 1.37289e-05 1.37289e-05
207.345 1.28718e-05 1.28718e-05
213.628 1.20395e-05 1.20395e-05
219.911 1.1325e-05 1.1325e-05
226.195 1.06251e-05 1.06251e-05
232.478 1.00235e-05 1.00235e-05
238.761 9.42957e-06 9.42957e-06
245.044 8.91854e-06 8.91854e-06
251.327 8.41022e-06 8.41022e-06
257.611 7.97266e-06 7.97266e-06
263.894 7.53436e-06 7.53436e-06
270.177 7.15703e-06 7.15703e-06
276.46 6.77655e-06 6.77655e-06
282.743 6.44906e-06 6.44906e-06
289.027 6.11676e-06 6.11676e-06
295.31 5.83086e-06 5.83086e-06
301.593 5.53902e-06 5.53902e-06
307.876 5.2881e-06 5.2881e-06
314.159 5.0305e-06 5.0305e-06
320.442 4.80921e-06 4.80921e-06
326.726 4.58078e-06 4.58078e-06
333.009 4.38475e-06 4.38475e-06
339.292 4.18135e-06 4.18135e-06
345.575 4.00699e-06 4.00699e-06
351.858 3.82516e-06 3.82516e-06
358.142 3.66949e-06 3.66949e-06
364.425 3.50636e-06 3.50636e-06
370.708 3.36691e-06 3.36691e-06
376.991 3.22008e-06 3.22008e-06
383.274 3.09474e-06 3.09474e-06
389.557 2.96219e-06 2.96219e-06
395.841 2.84922e-06 2.84922e-06
402.124 2.7292e-06 2.7292e-06
408.407 2.6271e-06 2.6271e-06
414.69 2.51816e-06 2.51816e-06
420.973 2.42565e-06 2.42565e-06
427.257 2.32653e-06 2.32653e-06
433.54 2.2425e-06 2.2425e-06
439.823 2.15211e-06 2.15211e-06
446.106 2.07563e-06 2.07563e-06
452.389 1.99303e-06 1.99303e-06
458.673 1.92328e-06 1.92328e-06
464.956 1.84764e-06 1.84764e-06
471.239 1.78391e-06 1.78391e-06
477.522 1.71453e-06 1.71453e-06
483.805 1.65619e-06 1.65619e-06
490.088 1.59245e-06 1.59245e-06
496.372 1.53896e-06 1.53896e-06
502.655 1.4803e-06 1.4803e-06
508.938 1.43119e-06 1.43119e-06
515.221 1.37713e-06 1.37713e-06
521.504 1.33197e-06 1.33197e-06
527.788 1.28208e-06 1.28208e-06
534.071 1.2405e-06 1.2405e-06
540.354 1.19439e-06 1.19439e-06
546.637 1.15606e-06 1.15606e-06
552.92 1.11341e-06 1.11341e-06
559.203 1.07803e-06 1.07803e-06
565.487 1.03852e-06 1.03852e-06
571.77 1.00584e-06 1.00584e-06
578.053 9.69205e-07 9.69205e-07
584.336 9.38977e-07 9.38977e-07
590.619 9.04978e-07 9.04978e-07
596.903 8.76996e-07 8.76996e-07
603.186 8.45411e-07 8.45411e-07
609.469 8.19486e-07 8.19486e-07
615.752 7.90118e-07 7.90118e-07
622.035 7.66078e-07 7.66078e-07
628.319 7.3875e-07 7.3875e-07
634.602 7.16442e-07 7.16442e-07
640.885 6.90992e-07 6.90992e-07
647.168 6.70275e-07 6.70275e-07
653.451 6.46557e-07 6.46557e-07
659.734 6.27306e-07 6.27306e-07
666.018 6.05187e-07 6.05187e-07
672.301 5.87287e-07 5.87287e-07
678.584 5.66646e-07 5.66646e-07
684.867 5.49992e-07 5.49992e-07
691.15 5.30718e-07 5.30718e-07
697.434 5.15216e-07 5.15216e-07
703.717 4.97209e-07 4.97209e-07
710 4.82771e-07 4.82771e-07
716.283 4.65938e-07 4.65938e-07
722.566 4.52485e-07 4.52485e-07
728.849 4.36742e-07 4.36742e-07
735.133 4.24202e-07 4.24202e-07
741.416 4.09471e-07 4.09471e-07
747.699 3.97776e-07 3.97776e-07
753.982 3.83986e-07 3.83986e-07
760.265 3.73076e-07 3.73076e-07
766.549 3.60161e-07 3.60161e-07
772.832 3.49979e-07 3.49979e-07
779.115 3.37879e-07 3.37879e-07
785.398 3.28374e-07 3.28374e-07
791.681 3.17033e-07 3.17033e-07
797.965 3.08157e-07 3.08157e-07
804.248 2.97523e-07 2.97523e-07
810.531 2.89232e-07 2.89232e-07
816.814 2.79258e-07 2.79258e-07
823.097 2.71512e-07 2.71512e-07
829.38 2.62154e-07 2.62154e-07
835.664 2.54914e-07 2.54914e-07
841.947 2.46132e-07 2.46132e-07
848.23 2.39365e-07 2.39365e-07
854.513 2.3112e-07 2.3112e-07
860.796 2.24793e-07 2.24793e-07
867.08 2.1705e-07 2.1705e-07
873.363 2.11134e-07 2.11134e-07
879.646 2.03861e-07 2.03861e-07
885.929 1.98327e-07 1.98327e-07
892.212 1.91494e-07 1.91494e-07
898.495 1.86318e-07 1.86318e-07
904.779 1.79896e-07 1.79896e-07
911.062 1.75053e-07 1.75053e-07
917.345 1.69017e-07 1.69017e-07
923.628 1.64486e-07 1.64486e-07
929.911 1.5881e-07 1.5881e-07
936.195 1.5457e-07 1.5457e-07
942.478 1.49233e-07 1.49233e-07
948.761 1.45265e-07 1.45265e-07
955.044 1.40245e-07 1.40245e-07
961.327 1.36531e-07 1.36531e-07
967.611 1.31808e-07 1.31808e-07
973.894 1.28331e-07 1.28331e-07
980.177 1.23887e-07 1.23887e-07
986.46 1.20633e-07 1.20633e-07
992.743 1.16451e-07 1.16451e-07
999.026 1.13404e-07 1.13404e-07
1005.31 1.09468e-07 1.09468e-07
1011.59 1.06616e-07 1.06616e-07
1017.88 1.02909e-07 1.02909e-07
1024.16 1.00239e-07 1.00239e-07
1030.44 9.67495e-08 9.67495e-08
1036.73 9.42498e-08 9.42498e-08
1043.01 9.09633e-08 9.09633e-08
1049.29 8.86229e-08 8.86229e-08
1055.58 8.55275e-08 8.55275e-08
1061.86 8.33363e-08 8.33363e-08
1068.14 8.04203e-08 8.04203e-08
1074.42 7.83688e-08 7.83688e-08
1080.71 7.56215e-08 7.56215e-08
1086.99 7.37008e-08 7.37008e-08
1093.27 7.11121e-08 7.11121e-08
1099.56 6.93139e-08 6.93139e-08
1105.84 6.68743e-08 6.68743e-08
1112.12 6.51908e-08 6.51908e-08
1118.41 6.28914e-08 6.28914e-08
1124.69 6.13154e-08 6.13154e-08
1130.97 5.91478e-08 5.91478e-08
1137.26 5.76724e-08 5.76724e-08
1143.54 5.56289e-08 5.56289e-08
1149.82 5.42479e-08 5.42479e-08
1156.11 5.23211e-08 5.23211e-08
1162.39 5.10284e-08 5.10284e-08
1168.67 4.92114e-08 4.92114e-08
1174.96 4.80015e-08 4.80015e-08
1181.24 4.62879e-08 4.62879e-08
1187.52 4.51555e-08 4.51555e-08
1193.81 4.35392e-08 4.35392e-08
1200.09 4.24795e-08 4.24795e-08
1206.37 4.09548e-08 4.09548e-08
1212.65 3.99631e-08 3.99631e-08
1218.94 3.85247e-08 3.85247e-08
1225.22 3.75969e-08 3.75969e-08
1231.5 3.62396e-08 3.62396e-08
1237.79 3.53716e-08 3.53716e-08
1244.07 3.40908e-08 3.40908e-08
1250.35 3.32788e-08 3.32788e-08
1256.64 3.20701e-08 3.20701e-08
1262.92 3.13105e-08 3.13105e-08
1269.2 3.01697e-08 3.01697e-08
1275.49 2.94593e-08 2.94593e-08
1281.77 2.83825e-08 2.83825e-08
1288.05 2.77182e-08 2.77182e-08
1294.34 2.67016e-08 2.67016e-08
1300.62 2.60804e-08 2.60804e-08
1306.9 2.51206e-08 2.51206e-08
1313.19 2.454e-08 2.454e-08
1319.47 2.36336e-08 2.36336e-08
1325.75 2.30909e-08 2.30909e-08
1332.04 2.2235e-08 2.2235e-08
1338.32 2.17278e-08 2.17278e-08
1344.6 2.09194e-08 2.09194e-08
1350.88 2.04454e-08 2.04454e-08
1357.17 1.96819e-08 1.96819e-08
1363.45 1.92391e-08 1.92391e-08
1369.73 1.85179e-08 1.85179e-08
1376.02 1.81043e-08 1.81043e-08
1382.3 1.74229e-08 1.74229e-08
1388.58 1.70366e-08 1.70366e-08
1394.87 1.63928e-08 1.63928e-08
1401.15 1.60322e-08 1.60322e-08
1407.43 1.54238e-08 1.54238e-08
1413.72 1.50872e-08 1.50872e-08
1420 1.45122e-08 1.45122e-08
1426.28 1.4198e-08 1.4198e-08
1432.57 1.36546e-08 1.36546e-08
1438.85 1.33615e-08 1.33615e-08
1445.13 1.28478e-08 1.28478e-08
1451.42 1.25744e-08 1.25744e-08
1457.7 1.20888e-08 1.20888e-08
1463.98 1.18338e-08 1.18338e-08
1470.27 1.13747e-08 1.13747e-08
1476.55 1.1137e-08 1.1137e-08
1482.83 1.07029e-08 1.07029e-08
1489.11 1.04814e-08 1.04814e-08
1495.4 1.00708e-08 1.00708e-08
1501.68 9.86442e-09 9.86442e-09
1507.96 9.47615e-09 9.47615e-09
1514.25 9.28389e-09 9.28389e-09
1520.53 8.91664e-09 8.91664e-09
1526.81 8.73762e-09 8.73762e-09
1533.1 8.39021e-09 8.39021e-09
1539.38 8.22359e-09 8.22359e-09
1545.66 7.89491e-09 7.89491e-09
1551.95 7.73988e-09 7.73988e-09
1558.23 7.42888e-09 7.42888e-09
1564.51 7.2847e-09 7.2847e-09
1570.8 6.9904e-09 6.9904e-09
1577.08 6.85636e-09 6.85636e-09
1583.36 6.57783e-09 6.57783e-09
1589.65 6.45327e-09 6.45327e-09
1595.93 6.18964e-09 6.18964e-09
1602.21 6.07393e-09 6.07393e-09
1608.5 5.82438e-09 5.82438e-09
1614.78 5.71696e-09 5.71696e-09
1621.06 5.48069e-09 5.48069e-09
1627.34 5.38101e-09 5.38101e-09
1633.63 5.1573e-09 5.1573e-09
1639.91 5.06486e-09 5.06486e-09
1646.19 4.85301e-09 4.85301e-09
1652.48 4.76732e-09 4.76732e-09
1658.76 4.56668e-09 4.56668e-09
1665.04 4.48731e-09 4.48731e-09
1671.33 4.29726e-09 4.29726e-09
1677.61 4.22378e-09 4.22378e-09
1683.89 4.04375e-09 4.04375e-09
1690.18 3.97576e-09 3.97576e-09
1696.46 3.8052e-09 3.8052e-09
1702.74 3.74235e-09 3.74235e-09
1709.03 3.58073e-09 3.58073e-09
1715.31 3.52267e-09 3.52267e-09
1721.59 3.3695e-09 3.3695e-09
1727.88 3.31591e-09 3.31591e-09
1734.16 3.17075e-09 3.17075e-09
1740.44 3.12132e-09 3.12132e-09
1746.73 2.98372e-09 2.98372e-09
1753.01 2.93817e-09 2.93817e-09
1759.29 2.80772e-09 2.80772e-09
1765.58 2.7658e-09 2.7658e-09
1771.86 2.64211e-09 2.64211e-09
1778.14 2.60356e-09 2.60356e-09
1784.42 2.48627e-09 2.48627e-09
1790.71 2.45086e-09 2.45086e-09
1796.99 2.33962e-09 2.33962e-09
1803.27 2.30714e-09 2.30714e-09
1809.56 2.20162e-09 2.20162e-09
1815.84 2.17186e-09 2.17186e-09
1822.12 2.07176e-09 2.07176e-09
1828.41 2.04454e-09 2.04454e-09
1834.69 1.94957e-09 1.94957e-09
1840.97 1.92469e-09 1.92469e-09
1847.26 1.83457e-09 1.83457e-09
1853.54 1.81189e-09 1.81189e-09
1859.82 1.72636e-09 1.72636e-09
1866.11 1.70572e-09 1.70572e-09
1872.39 1.62454e-09 1.62454e-09
1878.67 1.60578e-09 1.60578e-09
1884.96 1.52871e-09 1.52871e-09
1891.24 1.51171e-09 1.51171e-09
1897.52 1.43854e-09 1.43854e-09
1903.81 1.42316e-09 1.42316e-09
1910.09 1.35368e-09 1.35368e-09
1916.37 1.33982e-09 1.33982e-09
1922.65 1.27383e-09 1.27383e-09
1928.94 1.26136e-09 1.26136e-09
1935.22 1.19869e-09 1.19869e-09
1941.5 1.18752e-09 1.18752e-09
1947.79 1.12798e-09 1.12798e-09
1954.07 1.118e-09 1.118e-09
1960.35 1.06143e-09 1.06143e-09
1966.64 1.05257e-09 1.05257e-09
1972.92 9.98813e-10 9.98813e-10
1979.2 9.90972e-10 9.90972e-10
1985.49 9.39884e-10 9.39884e-10
1991.77 9.3299e-10 9.3299e-10
1998.05 8.84431e-10 8.84431e-10
2004.34 8.7841e-10 8.7841e-10
2010.62 8.32246e-10 8.32246e-10
2016.9 8.27031e-10 8.27031e-10
2023.19 7.83139e-10 7.83139e-10
2029.47 7.78665e-10 7.78665e-10
2035.75 7.36926e-10 7.36926e-10
2042.04 7.33136e-10 7.33136e-10
2048.32 6.93438e-10 6.93438e-10
2054.6 6.90275e-10 6.90275e-10
2060.88 6.52514e-10 6.52514e-10
2067.17 6.49927e-10 6.49927e-10
2073.45 6.14003e-10 6.14003e-10
2079.73 6.11944e-10 6.11944e-10
2086.02 5.77762e-10 5.77762e-10
2092.3 5.76187e-10 5.76187e-10
2098.58 5.43658e-10 5.43658e-10
2104.87 5.42526e-10 5.42526e-10
2111.15 5.11565e-10 5.11565e-10
2117.43 5.10837e-10 5.10837e-10
2123.72 4.81364e-10 4.81364e-10
2130 4.81004e-10 4.81004e-10
2136.28 4.52944e-10 4.52944e-10
2142.57 4.52918e-10 4.52918e-10
2148.85 4.26199e-10 4.26199e-10
2155.13 4.26477e-10 4.26477e-10
2161.42 4.01032e-10 4.01032e-10
2167.7 4.01585e-10 4.01585e-10
2173.98 3.77348e-10 3.77348e-10
2180.27 3.7815e-10 3.7815e-10
2186.55 3.55061e-10 3.55061e-10
2192.83 3.56087e-10 3.56087e-10
2199.11 3.34088e-10 3.34088e-10
2205.4 3.35315e-10 3.35315e-10
2211.68 3.14352e-10 3.14352e-10
2217.96 3.15759e-10 3.15759e-10
2224.25 2.9578e-10 2.9578e-10
2230.53 2.97348e-10 2.97348e-10
2236.81 2.78303e-10 2.78303e-10
2243.1 2.80013e-10 2.80013e-10
2249.38 2.61856e-10 2.61856e-10
2255.66 2.63693e-10 2.63693e-10
2261.95 2.4638e-10 2.4638e-10
2268.23 2.48327e-10 2.48327e-10
2274.51 2.31817e-10 2.31817e-10
2280.8 2.3386e-10 2.3386e-10
2287.08 2.18113e-10 2.18113e-10
2293.36 2.20238e-10 2.20238e-10
2299.65 2.05217e-10 2.05217e-10
2305.93 2.07413e-10 2.07413e-10
2312.21 1.93082e-10 1.93082e-10
2318.5 1.95338e-10 1.95338e-10
2324.78 1.81662e-10 1.81662e-10
2331.06 1.83968e-10 1.83968e-10
2337.34 1.70917e-10 1.70917e-10
2343.63 1.73262e-10 1.73262e-10
2349.91 1.60805e-10 1.60805e-10
2356.19 1.63183e-10 1.63183e-10
2362.48 1.51291e-10 1.51291e-10
2368.76 1.53691e-10 1.53691e-10
2375.04 1.42337e-10 1.42337e-10
2381.33 1.44755e-10 1.44755e-10
2387.61 1.33912e-10 1.33912e-10
2393.89 1.3634e-10 1.3634e-10
2400.18 1.25985e-10 1.25985e-10
2406.46 1.28416e-10 1.28416e-10
2412.74 1.18525e-10 1.18525e-10
2419.03 1.20955e-10 1.20955e-10
2425.31 1.11506e-10 1.11506e-10
2431.59 1.13929e-10 1.13929e-10
2437.88 1.04901e-10 1.04901e-10
2444.16 1.07313e-10 1.07313e-10
2450.44 9.86859e-11 9.86859e-11
2456.73 1.01083e-10 1.01083e-10
2463.01 9.2838e-11 9.2838e-11
2469.29 9.52168e-11 9.52168e-11
2475.58 8.73354e-11 8.73354e-11
2481.86 8.96924e-11 8.96924e-11
2488.14 8.21579e-11 8.21579e-11
2494.42 8.44901e-11 8.44901e-11
2500.71 7.72861e-11 7.72861e-11
2506.99 7.95911e-11 7.95911e-11
2513.27 7.27022e-11 7.27022e-11
2519.56 7.49776e-11 7.49776e-11
2525.84 6.83891e-11 6.83891e-11
2532.12 7.0633e-11 7.0633e-11
2538.41 6.43309e-11 6.43309e-11
2544.69 6.65414e-11 6.65414e-11
2550.97 6.05126e-11 6.05126e-11
2557.26 6.26882e-11 6.26882e-11
2563.54 5.69199e-11 5.69199e-11
2569.82 5.90593e-11 5.90593e-11
2576.11 5.35396e-11 5.35396e-11
2582.39 5.56417e-11 5.56417e-11
2588.67 5.03592e-11 5.03592e-11
2594.96 5.2423e-11 5.2423e-11
2601.24 4.73668e-11 4.73668e-11
2607.52 4.93917e-11 4.93917e-11
2613.81 4.45515e-11 4.45515e-11
2620.09 4.65366e-11 4.65366e-11
2626.37 4.19026e-11 4.19026e-11
2632.65 4.38477e-11 4.38477e-11
2638.94 3.94105e-11 3.94105e-11
2645.22 4.13151e-11 4.13151e-11
2651.5 3.70659e-11 3.70659e-11
2657.79 3.89297e-11 3.89297e-11
2664.07 3.486e-11 3.486e-11
2670.35 3.6683e-11 3.6683e-11
2676.64 3.27847e-11 3.27847e-11
2682.92 3.45668e-11 3.45668e-11
2689.2 3.08323e-11 3.08323e-11
2695.49 3.25736e-11 3.25736e-11
2701.77 2.89955e-11 2.89955e-11
2708.05 3.06961e-11 3.06961e-11
2714.34 2.72675e-11 2.72675e-11
2720.62 2.89276e-11 2.89276e-11
2726.9 2.56418e-11 2.56418e-11
2733.19 2.72617e-11 2.72617e-11
2739.47 2.41125e-11 2.41125e-11
2745.75 2.56926e-11 2.56926e-11
2752.04 2.26739e-11 2.26739e-11
2758.32 2.42144e-11 2.42144e-11
2764.6 2.13205e-11 2.13205e-11
2770.88 2.2822e-11 2.2822e-11
2777.17 2.00474e-11 2.00474e-11
2783.45 2.15103e-11 2.15103e-11
2789.73 1.88498e-11 1.88498e-11
2796.02 2.02746e-11 2.02746e-11
2802.3 1.77233e-11 1.77233e-11
2808.58 1.91105e-11 1.91105e-11
2814.87 1.66636e-11 1.66636e-11
2821.15 1.80139e-11 1.80139e-11
2827.43 1.56668e-11 1.56668e-11
2833.72 1.69807e-11 1.69807e-11
2840 1.47292e-11 1.47292e-11
2846.28 1.60073e-11 1.60073e-11
2852.57 1.38473e-11 1.38473e-11
2858.85 1.50903e-11 1.50903e-11
2865.13 1.30178e-11 1.30178e-11
2871.42 1.42263e-11 1.42263e-11
2877.7 1.22375e-11 1.22375e-11
2883.98 1.34123e-11 1.34123e-11
2890.27 1.15037e-11 1.15037e-11
2896.55 1.26453e-11 1.26453e-11
2902.83 1.08135e-11 1.08135e-11
2909.11 1.19226e-11 1.19226e-11
2915.4 1.01644e-11 1.01644e-11
2921.68 1.12417e-11 1.12417e-11
2927.96 9.55387e-12 9.55387e-12
2934.25 1.06001e-11 1.06001e-11
2940.53 8.97971e-12 8.97971e-12
2946.81 9.99548e-12 9.99548e-12
2953.1 8.43974e-12 8.43974e-12
2959.38 9.42577e-12 9.42577e-12
2965.66 7.93194e-12 7.93194e-12
2971.95 8.88892e-12 8.88892e-12
2978.23 7.4544e-12 7.4544e-12
2984.51 8.38301e-12 8.38301e-12
2990.8 7.00533e-12 7.00533e-12
2997.08 7.90625e-12 7.90625e-12
3003.36 6.58305e-12 6.58305e-12
3009.65 7.45695e-12 7.45695e-12
3015.93 6.18597e-12 6.18597e-12
3022.21 7.03352e-12 7.03352e-12
3028.5 5.81258e-12 5.81258e-12
3034.78 6.63445e-12 6.63445e-12
3041.06 5.4615e-12 5.4615e-12
3047.34 6.25833e-12 6.25833e-12
3053.63 5.1314e-12 5.1314e-12
3059.91 5.90384e-12 5.90384e-12
3066.19 4.82103e-12 4.82103e-12
3072.48 5.56971e-12 5.56971e-12
3078.76 4.52922e-12 4.52922e-12
3085.04 5.25477e-12 5.25477e-12
3091.33 4.25487e-12 4.25487e-12
3097.61 4.95792e-12 4.95792e-12
3103.89 3.99694e-12 3.99694e-12
3110.18 4.67809e-12 4.67809e-12
3116.46 3.75447e-12 3.75447e-12
3122.74 4.41431e-12 4.41431e-12
3129.03 3.52653e-12 3.52653e-12
3135.31 4.16565e-12 4.16565e-12
3141.59 3.31225e-12 3.31225e-12
3147.88 3.93123e-12 3.93123e-12
3154.16 3.11083e-12 3.11083e-12
3160.44 3.71023e-12 3.71023e-12
3166.73 2.9215e-12 2.9215e-12
3173.01 3.50188e-12 3.50188e-12
3179.29 2.74355e-12 2.74355e-12
3185.57 3.30544e-12 3.30544e-12
3191.86 2.57629e-12 2.57629e-12
3198.14 3.12023e-12 3.12023e-12
3204.42 2.41909e-12 2.41909e-12
3210.71 2.9456e-12 2.9456e-12
3216.99 2.27135e-12 2.27135e-12
3223.27 2.78093e-12 2.78093e-12
3229.56 2.13251e-12 2.13251e-12
3235.84 2.62566e-12 2.62566e-12
3242.12 2.00203e-12 2.00203e-12
3248.41 2.47923e-12 2.47923e-12
3254.69 1.87943e-12 1.87943e-12
3260.97 2.34115e-12 2.34115e-12
3267.26 1.76422e-12 1.76422e-12
3273.54 2.21093e-12 2.21093e-12
3279.82 1.65597e-12 1.65597e-12
3286.11 2.08812e-12 2.08812e-12
3292.39 1.55427e-12 1.55427e-12
3298.67 1.97229e-12 1.97229e-12
3304.96 1.45871e-12 1.45871e-12
3311.24 1.86304e-12 1.86304e-12
3317.52 1.36895e-12 1.36895e-12
3323.81 1.76e-12 1.76e-12
3330.09 1.28462e-12 1.28462e-12
3336.37 1.66279e-12 1.66279e-12
3342.65 1.2054e-12 1.2054e-12
3348.94 1.5711e-12 1.5711e-12
3355.22 1.13099e-12 1.13099e-12
3361.5 1.4846e-12 1.4846e-12
3367.79 1.06111e-12 1.06111e-12
3374.07 1.403e-12 1.403e-12
3380.35 9.95469e-13 9.95469e-13
3386.64 1.32601e-12 1.32601e-12
3392.92 9.33827e-13 9.33827e-13
3399.2 1.25337e-12 1.25337e-12
3405.49 8.7594e-13 8.7594e-13
3411.77 1.18483e-12 1.18483e-12
3418.05 8.21584e-13 8.21584e-13
3424.34 1.12015e-12 1.12015e-12
3430.62 7.70546e-13 7.70546e-13
3436.9 1.05912e-12 1.05912e-12
3443.19 7.22627e-13 7.22627e-13
3449.47 1.00153e-12 1.00153e-12
3455.75 6.7764e-13 6.7764e-13
3462.04 9.47175e-13 9.47175e-13
3468.32 6.35409e-13 6.35409e-13
3474.6 8.95874e-13 8.95874e-13
3480.88 5.95767e-13 5.95767e-13
3487.17 8.47454e-13 8.47454e-13
3493.45 5.5856e-13 5.5856e-13
3499.73 8.01749e-13 8.01749e-13
3506.02 5.23639e-13 5.23639e-13
3512.3 7.58605e-13 7.58605e-13
3518.58 4.90868e-13 4.90868e-13
3524.87 7.17876e-13 7.17876e-13
3531.15 4.60116e-13 4.60116e-13
3537.43 6.79424e-13 6.79424e-13
3543.72 4.31262e-13 4.31262e-13
3550 6.4312e-13 6.4312e-13
3556.28 4.04191e-13 4.04191e-13
3562.57 6.08841e-13 6.08841e-13
3568.85 3.78795e-13 3.78795e-13
3575.13 5.76472e-13 5.76472e-13
3581.42 3.54973e-13 3.54973e-13
3587.7 5.45905e-13 5.45905e-13
3593.98 3.32629e-13 3.32629e-13
3600.27 5.17037e-13 5.17037e-13
3606.55 3.11674e-13 3.11674e-13
3612.83 4.89773e-13 4.89773e-13
3619.11 2.92024e-13 2.92024e-13
3625.4 4.6402e-13 4.6402e-13
3631.68 2.73599e-13 2.73599e-13
3637.96 4.39695e-13 4.39695e-13
3644.25 2.56325e-13 2.56325e-13
3650.53 4.16715e-13 4.16715e-13
3656.81 2.40132e-13 2.40132e-13
3663.1 3.95005e-13 3.95005e-13
3669.38 2.24953e-13 2.24953e-13
3675.66 3.74493e-13 3.74493e-13
3681.95 2.10728e-13 2.10728e-13
3688.23 3.55111e-13 3.55111e-13
3694.51 1.97397e-13 1.97397e-13
3700.8 3.36796e-13 3.36796e-13
3707.08 1.84907e-13 1.84907e-13
3713.36 3.19488e-13 3.19488e-13
3719.65 1.73206e-13 1.73206e-13
3725.93 3.03129e-13 3.03129e-13
3732.21 1.62245e-13 1.62245e-13
3738.5 2.87667e-13 2.87667e-13
3744.78 1.51979e-13 1.51979e-13
3751.06 2.73051e-13 2.73051e-13
3757.34 1.42365e-13 1.42365e-13
3763.63 2.59233e-13 2.59233e-13
3769.91 1.33364e-13 1.33364e-13
3776.19 2.46169e-13 2.46169e-13
3782.48 1.24937e-13 1.24937e-13
3788.76 2.33817e-13 2.33817e-13
3795.04 1.1705e-13 1.1705e-13
3801.33 2.22137e-13 2.22137e-13
3807.61 1.09668e-13 1.09668e-13
3813.89 2.1109e-13 2.1109e-13
3820.18 1.02762e-13 1.02762e-13
3826.46 2.00643e-13 2.00643e-13
3832.74 9.62999e-14 9.62999e-14
3839.03 1.9076e-13 1.9076e-13
3845.31 9.02559e-14 9.02559e-14
3851.59 1.81412e-13 1.81412e-13
3857.88 8.46036e-14 8.46036e-14
3864.16 1.72567e-13 1.72567e-13
3870.44 7.93187e-14 7.93187e-14
3876.73 1.64199e-13 1.64199e-13
3883.01 7.43783e-14 7.43783e-14
3889.29 1.5628e-13 1.5628e-13
3895.57 6.97609e-14 6.97609e-14
3901.86 1.48786e-13 1.48786e-13
3908.14 6.54463e-14 6.54463e-14
3914.42 1.41693e-13 1.41693e-13
3920.71 6.14155e-14 6.14155e-14
3926.99 1.34979e-13 1.34979e-13
3933.27 5.76508e-14 5.76508e-14
3939.56 1.28622e-13 1.28622e-13
3945.84 5.41354e-14 5.41354e-14
3952.12 1.22604e-13 1.22604e-13
3958.41 5.08537e-14 5.08537e-14
3964.69 1.16906e-13 1.16906e-13
3970.97 4.77908e-14 4.77908e-14
3977.26 1.1151e-13 1.1151e-13
3983.54 4.4933e-14 4.4933e-14
3989.82 1.06399e-13 1.06399e-13
3996.11 4.22672e-14 4.22672e-14
4002.39 1.01557e-13 1.01557e-13
4008.67 3.97813e-14 3.97813e-14
4014.96 9.69707e-14 9.69707e-14
4021.24 3.74638e-14 3.74638e-14
4027.52 9.26251e-14 9.26251e-14
4033.8 3.53039e-14 3.53039e-14
4040.09 8.85073e-14 8.85073e-14
4046.37 3.32917e-14 3.32917e-14
4052.65 8.46049e-14 8.46049e-14
4058.94 3.14175e-14 3.14175e-14
4065.22 8.0906e-14 8.0906e-14
4071.5 2.96727e-14 2.96727e-14
4077.79 7.73997e-14 7.73997e-14
4084.07 2.80487e-14 2.80487e-14
4090.35 7.40754e-14 7.40754e-14
4096.64 2.65378e-14 2.65378e-14
4102.92 7.09232e-14 7.09232e-14
4109.2 2.51327e-14 2.51327e-14
4115.49 6.79339e-14 6.79339e-14
4121.77 2.38265e-14 2.38265e-14
4128.05 6.50987e-14 6.50987e-14
4134.34 2.26128e-14 2.26128e-14
4140.62 6.24092e-14 6.24092e-14
4146.9 2.14854e-14 2.14854e-14
4153.19 5.98575e-14 5.98575e-14
4159.47 2.04388e-14 2.04388e-14
4165.75 5.74363e-14 5.74363e-14
4172.04 1.94676e-14 1.94676e-14
4178.32 5.51385e-14 5.51385e-14
4184.6 1.85669e-14 1.85669e-14
4190.88 5.29575e-14 5.29575e-14
4197.17 1.77319e-14 1.77319e-14
4203.45 5.08871e-14 5.08871e-14
4209.73 1.69583e-14 1.69583e-14
4216.02 4.89214e-14 4.89214e-14
4222.3 1.62419e-14 1.62419e-14
4228.58 4.70548e-14 4.70548e-14
4234.87 1.55791e-14 1.55791e-14
4241.15 4.52819e-14 4.52819e-14
4247.43 1.49661e-14 1.49661e-14
4253.72 4.35979e-14 4.35979e-14
4260 1.43995e-14 1.43995e-14
4266.28 4.19981e-14 4.19981e-14
4272.57 1.38763e-14 1.38763e-14
4278.85 4.04779e-14 4.04779e-14
4285.13 1.33934e-14 1.33934e-14
4291.42 3.90331e-14 3.90331e-14
4297.7 1.29482e-14 1.29482e-14
4303.98 3.76599e-14 3.76599e-14
4310.27 1.25379e-14 1.25379e-14
4316.55 3.63544e-14 3.63544e-14
4322.83 1.21602e-14 1.21602e-14
4329.11 3.5113e-14 3.5113e-14
4335.4 1.18129e-14 1.18129e-14
4341.68 3.39325e-14 3.39325e-14
4347.96 1.14937e-14 1.14937e-14
4354.25 3.28097e-14 3.28097e-14
4360.53 1.12007e-14 1.12007e-14
4366.81 3.17414e-14 3.17414e-14
4373.1 1.09321e-14 1.09321e-14
4379.38 3.0725e-14 3.0725e-14
4385.66 1.0686e-14 1.0686e-14
4391.95 2.97577e-14 2.97577e-14
4398.23 1.0461e-14 1.0461e-14
4404.51 2.8837e-14 2.8837e-14
4410.8 1.02555e-14 1.02555e-14
4417.08 2.79604e-14 2.79604e-14
4423.36 1.0068e-14 1.0068e-14
4429.65 2.71258e-14 2.71258e-14
4435.93 9.89718e-15 9.89718e-15
4442.21 2.63309e-14 2.63309e-14
4448.5 9.74191e-15 9.74191e-15
4454.78 2.55736e-14 2.55736e-14
4461.06 9.60098e-15 9.60098e-15
4467.34 2.48522e-14 2.48522e-14
4473.63 9.47331e-15 9.47331e-15
4479.91 2.41648e-14 2.41648e-14
4486.19 9.35791e-15 9.35791e-15
4492.48 2.35095e-14 2.35095e-14
4498.76 9.25383e-15 9.25383e-15
4505.04 2.28849e-14 2.28849e-14
4511.33 9.1602e-15 9.1602e-15
4517.61 2.22893e-14 2.22893e-14
4523.89 9.0762e-15 9.0762e-15
4530.18 2.17213e-14 2.17213e-14
4536.46 9.00108e-15 9.00108e-15
4542.74 2.11795e-14 2.11795e-14
4549.03 8.93413e-15 8.93413e-15
4555.31 2.06626e-14 2.06626e-14
4561.59 8.87468e-15 8.87468e-15
4567.88 2.01693e-14 2.01693e-14
4574.16 8.82214e-15 8.82214e-15
4580.44 1.96985e-14 1.96985e-14
4586.73 8.77591e-15 8.77591e-15
4593.01 1.9249e-14 1.9249e-14
4599.29 8.73549e-15 8.73549e-15
4605.57 1.88199e-14 1.88199e-14
4611.86 8.70036e-15 8.70036e-15
4618.14 1.841e-14 1.841e-14
4624.42 8.67008e-15 8.67008e-15
4630.71 1.80184e-14 1.80184e-14
4636.99 8.64422e-15 8.64422e-15
4643.27 1.76443e-14 1.76443e-14
4649.56 8.62237e-15 8.62237e-15
4655.84 1.72867e-14 1.72867e-14
4662.12 8.60419e-15 8.60419e-15
4668.41 1.6945e-14 1.6945e-14
4674.69 8.58932e-15 8.58932e-15
4680.97 1.66182e-14 1.66182e-14
4687.26 8.57745e-15 8.57745e-15
4693.54 1.63057e-14 1.63057e-14
4699.82 8.56828e-15 8.56828e-15
4706.11 1.60068e-14 1.60068e-14
4712.39 8.56156e-15 8.56156e-15
4718.67 1.57208e-14 1.57208e-14
4724.96 8.55703e-15 8.55703e-15
4731.24 1.54471e-14 1.54471e-14
4737.52 8.55445e-15 8.55445e-15
4743.8 1.51852e-14 1.51852e-14
4750.09 8.55362e-15 8.55362e-15
4756.37 1.49344e-14 1.49344e-14
4762.65 8.55434e-15 8.55434e-15
4768.94 1.46943e-14 1.46943e-14
4775.22 8.55642e-15 8.55642e-15
4781.5 1.44643e-14 1.44643e-14
4787.79 8.5597e-15 8.5597e-15
4794.07 1.42439e-14 1.42439e-14
4800.35 8.56404e-15 8.56404e-15
4806.64 1.40327e-14 1.40327e-14
4812.92 8.56927e-15 8.56927e-15
4819.2 1.38303e-14 1.38303e-14
4825.49 8.57529e-15 8.57529e-15
4831.77 1.36363e-14 1.36363e-14
4838.05 8.58196e-15 8.58196e-15
4844.34 1.34502e-14 1.34502e-14
4850.62 8.58918e-15 8.58918e-15
4856.9 1.32717e-14 1.32717e-14
4863.19 8.59685e-15 8.59685e-15
4869.47 1.31005e-14 1.31005e-14
4875.75 8.60487e-15 8.60487e-15
4882.03 1.29362e-14 1.29362e-14
4888.32 8.61318e-15 8.61318e-15
4894.6 1.27785e-14 1.27785e-14
4900.88 8.62169e-15 8.62169e-15
4907.17 1.26271e-14 1.26271e-14
4913.45 8.63033e-15 8.63033e-15
4919.73 1.24817e-14 1.24817e-14
4926.02 8.63904e-15 8.63904e-15
4932.3 1.2342e-14 1.2342e-14
4938.58 8.64777e-15 8.64777e-15
4944.87 1.22078e-14 1.22078e-14
4951.15 8.65647e-15 8.65647e-15
4957.43 1.20789e-14 1.20789e-14
4963.72 8.66509e-15 8.66509e-15
4970 1.1955e-14 1.1955e-14
4976.28 8.67359e-15 8.67359e-15
4982.57 1.18358e-14 1.18358e-14
4988.85 8.68193e-15 8.68193e-15
4995.13 1.17212e-14 1.17212e-14
5001.42 8.69009e-15 8.69009e-15
5007.7 1.1611e-14 1.1611e-14
5013.98 8.69804e-15 8.69804e-15
5020.27 1.15049e-14 1.15049e-14
5026.55 8.70575e-15 8.70575e-15
5032.83 1.14029e-14 1.14029e-14
5039.11 8.7132e-15 8.7132e-15
5045.4 1.13046e-14 1.13046e-14
5051.68 8.72038e-15 8.72038e-15
5057.96 1.121e-14 1.121e-14
5064.25 8.72726e-15 8.72726e-15
5070.53 1.1119e-14 1.1119e-14
5076.81 8.73383e-15 8.73383e-15
5083.1 1.10312e-14 1.10312e-14
5089.38 8.74009e-15 8.74009e-15
5095.66 1.09467e-14 1.09467e-14
5101.95 8.74602e-15 8.74602e-15
5108.23 1.08652e-14 1.08652e-14
5114.51 8.75162e-15 8.75162e-15
5120.8 1.07867e-14 1.07867e-14
5127.08 8.75689e-15 8.75689e-15
5133.36 1.07109e-14 1.07109e-14
5139.65 8.76181e-15 8.76181e-15
5145.93 1.06379e-14 1.06379e-14
5152.21 8.76639e-15 8.76639e-15
5158.5 1.05675e-14 1.05675e-14
5164.78 8.77063e-15 8.77063e-15
5171.06 1.04995e-14 1.04995e-14
5177.34 8.77453e-15 8.77453e-15
5183.63 1.04339e-14 1.04339e-14
5189.91 8.77808e-15 8.77808e-15
5196.19 1.03706e-14 1.03706e-14
5202.48 8.7813e-15 8.7813e-15
5208.76 1.03095e-14 1.03095e-14
5215.04 8.78418e-15 8.78418e-15
5221.33 1.02505e-14 1.02505e-14
5227.61 8.78673e-15 8.78673e-15
5233.89 1.01935e-14 1.01935e-14
5240.18 8.78896e-15 8.78896e-15
5246.46 1.01384e-14 1.01384e-14
5252.74 8.79087e-15 8.79087e-15
5259.03 1.00852e-14 1.00852e-14
5265.31 8.79246e-15 8.79246e-15
5271.59 1.00337e-14 1.00337e-14
5277.88 8.79375e-15 8.79375e-15
5284.16 9.98398e-15 9.98398e-15
5290.44 8.79474e-15 8.79474e-15
5296.73 9.93589e-15 9.93589e-15
5303.01 8.79543e-15 8.79543e-15
5309.29 9.88938e-15 9.88938e-15
5315.57 8.79584e-15 8.79584e-15
5321.86 9.84439e-15 9.84439e-15
5328.14 8.79598e-15 8.79598e-15
5334.42 9.80087e-15 9.80087e-15
5340.71 8.79585e-15 8.79585e-15
5346.99 9.75874e-15 9.75874e-15
5353.27 8.79545e-15 8.79545e-15
5359.56 9.71798e-15 9.71798e-15
5365.84 8.79481e-15 8.79481e-15
5372.12 9.67851e-15 9.67851e-15
5378.41 8.79393e-15 8.79393e-15
5384.69 9.6403e-15 9.6403e-15
5390.97 8.79281e-15 8.79281e-15
5397.26 9.60329e-15 9.60329e-15
5403.54 8.79147e-15 8.79147e-15
5409.82 9.56745e-15 9.56745e-15
5416.11 8.78991e-15 8.78991e-15
5422.39 9.53273e-15 9.53273e-15
5428.67 8.78815e-15 8.78815e-15
5434.96 9.49908e-15 9.49908e-15
5441.24 8.78619e-15 8.78619e-15
5447.52 9.46648e-15 9.46648e-15
5453.8 8.78404e-15 8.78404e-15
5460.09 9.43489e-15 9.43489e-15
5466.37 8.78171e-15 8.78171e-15
5472.65 9.40426e-15 9.40426e-15
5478.94 8.77921e-15 8.77921e-15
5485.22 9.37456e-15 9.37456e-15
5491.5 8.77655e-15 8.77655e-15
5497.79 9.34577e-15 9.34577e-15
5504.07 8.77374e-15 8.77374e-15
5510.35 9.31785e-15 9.31785e-15
5516.64 8.77078e-15 8.77078e-15
5522.92 9.29077e-15 9.29077e-15
5529.2 8.76769e-15 8.76769e-15
5535.49 9.2645e-15 9.2645e-15
5541.77 8.76446e-15 8.76446e-15
5548.05 9.23902e-15 9.23902e-15
5554.34 8.76112e-15 8.76112e-15
5560.62 9.2143e-15 9.2143e-15
5566.9 8.75766e-15 8.75766e-15
5573.19 9.19032e-15 9.19032e-15
5579.47 8.75411e-15 8.75411e-15
5585.75 9.16704e-15 9.16704e-15
5592.03 8.75045e-15 8.75045e-15
5598.32 9.14445e-15 9.14445e-15
5604.6 8.74671e-15 8.74671e-15
5610.88 9.12253e-15 9.12253e-15
5617.17 8.74288e-15 8.74288e-15
5623.45 9.10126e-15 9.10126e-15
5629.73 8.73898e-15 8.73898e-15
5636.02 9.08061e-15 9.08061e-15
5642.3 8.73501e-15 8.73501e-15
5648.58 9.06056e-15 9.06056e-15
5654.87 8.73099e-15 8.73099e-15
5661.15 9.0411e-15 9.0411e-15
5667.43 8.72691e-15 8.72691e-15
5673.72 9.02222e-15 9.02222e-15
5680 8.72278e-15 8.72278e-15
5686.28 9.00388e-15 9.00388e-15
5692.57 8.71862e-15 8.71862e-15
5698.85 8.98608e-15 8.98608e-15
5705.13 8.71441e-15 8.71441e-15
5711.42 8.96881e-15 8.96881e-15
5717.7 8.71019e-15 8.71019e-15
5723.98 8.95204e-15 8.95204e-15
5730.27 8.70594e-15 8.70594e-15
5736.55 8.93576e-15 8.93576e-15
5742.83 8.70167e-15 8.70167e-15
5749.11 8.91996e-15 8.91996e-15
5755.4 8.69739e-15 8.69739e-15
5761.68 8.90462e-15 8.90462e-15
5767.96 8.69311e-15 8.69311e-15
5774.25 8.88974e-15 8.88974e-15
5780.53 8.68883e-15 8.68883e-15
5786.81 8.8753e-15 8.8753e-15
5793.1 8.68455e-15 8.68455e-15
5799.38 8.86129e-15 8.86129e-15
5805.66 8.68029e-15 8.68029e-15
5811.95 8.8477e-15 8.8477e-15
5818.23 8.67604e-15 8.67604e-15
5824.51 8.83451e-15 8.83451e-15
5830.8 8.67181e-15 8.67181e-15
5837.08 8.82172e-15 8.82172e-15
5843.36 8.6676e-15 8.6676e-15
5849.65 8.80932e-15 8.80932e-15
5855.93 8.66343e-15 8.66343e-15
5862.21 8.7973e-15 8.7973e-15
5868.5 8.65928e-15 8.65928e-15
5874.78 8.78565e-15 8.78565e-15
5881.06 8.65518e-15 8.65518e-15
5887.34 8.77435e-15 8.77435e-15
5893.63 8.65111e-15 8.65111e-15
5899.91 8.76342e-15 8.76342e-15
5906.19 8.6471e-15 8.6471e-15
5912.48 8.75282e-15 8.75282e-15
5918.76 8.64313e-15 8.64313e-15
5925.04 8.74257e-15 8.74257e-15
5931.33 8.63921e-15 8.63921e-15
5937.61 8.73264e-15 8.73264e-15
5943.89 8.63535e-15 8.63535e-15
5950.18 8.72304e-15 8.72304e-15
5956.46 8.63155e-15 8.63155e-15
5962.74 8.71376e-15 8.71376e-15
5969.03 8.62781e-15 8.62781e-15
5975.31 8.70478e-15 8.70478e-15
5981.59 8.62413e-15 8.62413e-15
5987.88 8.69611e-15 8.69611e-15
5994.16 8.62053e-15 8.62053e-15
6000.44 8.68774e-15 8.68774e-15
6006.73 8.617e-15 8.617e-15
6013.01 8.67966e-15 8.67966e-15
6019.29 8.61354e-15 8.61354e-15
6025.57 8.67188e-15 8.67188e-15
6031.86 8.61016e-15 8.61016e-15
6038.14 8.66437e-15 8.66437e-15
6044.42 8.60685e-15 8.60685e-15
6050.71 8.65714e-15 8.65714e-15
6056.99 8.60363e-15 8.60363e-15
6063.27 8.65019e-15 8.65019e-15
6069.56 8.6005e-15 8.6005e-15
6075.84 8.64351e-15 8.64351e-15
6082.12 8.59745e-15 8.59745e-15
6088.41 8.63709e-15 8.63709e-15
6094.69 8.59449e-15 8.59449e-15
6100.97 8.63093e-15 8.63093e-15
6107.26 8.59162e-15 8.59162e-15
6113.54 8.62503e-15 8.62503e-15
6119.82 8.58884e-15 8.58884e-15
6126.11 8.61939e-15 8.61939e-15
6132.39 8.58616e-15 8.58616e-15
6138.67 8.61399e-15 8.61399e-15
6144.96 8.58358e-15 8.58358e-15
6151.24 8.60884e-15 8.60884e-15
6157.52 8.58109e-15 8.58109e-15
6163.8 8.60394e-15 8.60394e-15
6170.09 8.5787e-15 8.5787e-15
6176.37 8.59928e-15 8.59928e-15
6182.65 8.57642e-15 8.57642e-15
6188.94 8.59486e-15 8.59486e-15
6195.22 8.57423e-15 8.57423e-15
6201.5 8.59067e-15 8.59067e-15
6207.79 8.57215e-15 8.57215e-15
6214.07 8.58672e-15 8.58672e-15
6220.35 8.57018e-15 8.57018e-15
6226.64 8.583e-15 8.583e-15
6232.92 8.56831e-15 8.56831e-15
6239.2 8.57951e-15 8.57951e-15
6245.49 8.56655e-15 8.56655e-15
6251.77 8.57624e-15 8.57624e-15
6258.05 8.5649e-15 8.5649e-15
6264.34 8.57321e-15 8.57321e-15
6270.62 8.56336e-15 8.56336e-15
6276.9 8.57039e-15 8.57039e-15
6283.19 8.56193e-15 8.56193e-15
6289.47 8.5678e-15 8.5678e-15
6295.75 8.56061e-15 8.56061e-15
6302.03 8.56543e-15 8.56543e-15
6308.32 8.5594e-15 8.5594e-15
6314.6 8.56328e-15 8.56328e-15
6320.88 8.55831e-15 8.55831e-15
6327.17 8.56134e-15 8.56134e-15
6333.45 8.55733e-15 8.55733e-15
6339.73 8.55963e-15 8.55963e-15
6346.02 8.55646e-15 8.55646e-15
6352.3 8.55813e-15 8.55813e-15
6358.58 8.55571e-15 8.55571e-15
6364.87 8.55685e-15 8.55685e-15
6371.15 8.55507e-15 8.55507e-15
6377.43 8.55578e-15 8.55578e-15
6383.72 8.55455e-15 8.55455e-15
6390 8.55493e-15 8.55493e-15
6396.28 8.55414e-15 8.55414e-15
6402.57 8.55429e-15 8.55429e-15
6408.85 8.55385e-15 8.55385e-15
6415.13 8.55386e-15 8.55386e-15
6421.42 8.55368e-15 8.55368e-15
6427.7 8.55365e-15 8.55365e-15
6433.98 8.55362e-15 8.55362e-15
