0 5.32582e-14 5.32582e-14
6.28319 0.0919519 0.0919519
12.5664 0.0216066 0.0216066
18.8496 0.00941781 0.00941781
25.1327 0.00524975 0.00524975
31.4159 0.00334577 0.00334577
37.6991 0.00231529 0.00231529
43.9823 0.00169933 0.00169933
50.2655 0.00129787 0.00129787
56.5487 0.00102571 0.00102571
62.8319 0.000828915 0.000828915
69.115 0.00068564 0.00068564
75.3982 0.00057476 0.00057476
81.6814 0.000490324 0.000490324
87.9646 0.00042173 0.00042173
94.2478 0.00036788 0.00036788
100.531 0.000322501 0.000322501
106.814 0.000286091 0.000286091
113.097 0.000254514 0.000254514
119.381 0.000228764 0.000228764
125.664 0.000205904 0.000205904
131.947 0.000187033 0.000187033
138.23 0.00016995 0.00016995
144.513 0.000155714 0.000155714
150.796 0.00014261 0.00014261
157.08 0.000131611 0.000131611
163.363 0.000121337 0.000121337
169.646 0.000112666 0.000112666
175.929 0.00010446 0.00010446
182.212 9.75058e-05 9.75058e-05
188.496 9.08465e-05 9.08465e-05
194.779 8.51854e-05 8.51854e-05
201.062 7.97058e-05 7.97058e-05
207.345 7.50375e-05 7.50375e-05
213.628 7.04735e-05 7.04735e-05
219.911 6.65798e-05 6.65798e-05
226.195 6.27376e-05 6.27376e-05
232.478 5.94568e-05 5.94568e-05
238.761 5.61912e-05 5.61912e-05
245.044 5.34019e-05 5.34019e-05
251.327 5.06026e-05 5.06026e-05
257.611 4.82118e-05 4.82118e-05
263.894 4.57936e-05 4.57936e-05
270.177 4.37294e-05 4.37294e-05
276.46 4.16258e-05 4.16258e-05
282.743 3.98316e-05 3.98316e-05
289.027 3.79902e-05 3.79902e-05
295.31 3.64211e-05 3.64211e-05
301.593 3.47998e-05 3.47998e-05
307.876 3.342e-05 3.342e-05
314.159 3.19848e-05 3.19848e-05
320.442 3.07653e-05 3.07653e-05
326.726 2.94888e-05 2.94888e-05
333.009 2.84058e-05 2.84058e-05
339.292 2.72652e-05 2.72652e-05
345.575 2.62994e-05 2.62994e-05
351.858 2.52759e-05 2.52759e-05
358.142 2.4411e-05 2.4411e-05
364.425 2.34892e-05 2.34892e-05
370.708 2.27118e-05 2.27118e-05
376.991 2.18784e-05 2.18784e-05
383.274 2.11772e-05 2.11772e-05
389.557 2.04213e-05 2.04213e-05
395.841 1.97867e-05 1.97867e-05
402.124 1.9099e-05 1.9099e-05
408.407 1.85229e-05 1.85229e-05
414.69 1.78953e-05 1.78953e-05
420.973 1.73709e-05 1.73709e-05
427.257 1.67966e-05 1.67966e-05
433.54 1.63179e-05 1.63179e-05
439.823 1.5791e-05 1.5791e-05
446.106 1.53529e-05 1.53529e-05
452.389 1.48683e-05 1.48683e-05
458.673 1.44665e-05 1.44665e-05
464.956 1.40197e-05 1.40197e-05
471.239 1.36502e-05 1.36502e-05
477.522 1.32375e-05 1.32375e-05
483.805 1.28971e-05 1.28971e-05
490.088 1.2515e-05 1.2515e-05
496.372 1.22007e-05 1.22007e-05
502.655 1.18462e-05 1.18462e-05
508.938 1.15555e-05 1.15555e-05
515.221 1.12261e-05 1.12261e-05
521.504 1.09567e-05 1.09567e-05
527.788 1.065e-05 1.065e-05
534.071 1.03999e-05 1.03999e-05
540.354 1.01139e-05 1.01139e-05
546.637 9.88133e-06 9.88133e-06
552.92 9.61424e-06 9.61424e-06
559.203 9.39762e-06 9.39762e-06
565.487 9.14777e-06 9.14777e-06
571.77 8.94572e-06 8.94572e-06
578.053 8.71166e-06 8.71166e-06
584.336 8.52293e-06 8.52293e-06
590.619 8.30335e-06 8.30335e-06
596.903 8.12682e-06 8.12682e-06
603.186 7.92057e-06 7.92057e-06
609.469 7.75523e-06 7.75523e-06
615.752 7.56124e-06 7.56124e-06
622.035 7.40619e-06 7.40619e-06
628.319 7.22351e-06 7.22351e-06
634.602 7.07794e-06 7.07794e-06
640.885 6.90572e-06 6.90572e-06
647.168 6.76888e-06 6.76888e-06
653.451 6.60634e-06 6.60634e-06
659.734 6.47757e-06 6.47757e-06
666.018 6.32399e-06 6.32399e-06
672.301 6.20269e-06 6.20269e-06
678.584 6.05744e-06 6.05744e-06
684.867 5.94306e-06 5.94306e-06
691.15 5.80555e-06 5.80555e-06
697.434 5.69758e-06 5.69758e-06
703.717 5.56727e-06 5.56727e-06
710 5.46526e-06 5.46526e-06
716.283 5.34168e-06 5.34168e-06
722.566 5.24521e-06 5.24521e-06
728.849 5.12789e-06 5.12789e-06
735.133 5.03659e-06 5.03659e-06
741.416 4.92512e-06 4.92512e-06
747.699 4.83863e-06 4.83863e-06
753.982 4.73264e-06 4.73264e-06
760.265 4.65065e-06 4.65065e-06
766.549 4.54979e-06 4.54979e-06
772.832 4.472e-06 4.472e-06
779.115 4.37595e-06 4.37595e-06
785.398 4.30208e-06 4.30208e-06
791.681 4.21055e-06 4.21055e-06
797.965 4.14036e-06 4.14036e-06
804.248 4.05307e-06 4.05307e-06
810.531 3.98633e-06 3.98633e-06
816.814 3.90303e-06 3.90303e-06
823.097 3.83953e-06 3.83953e-06
829.38 3.75998e-06 3.75998e-06
835.664 3.69953e-06 3.69953e-06
841.947 3.62351e-06 3.62351e-06
848.23 3.56592e-06 3.56592e-06
854.513 3.49324e-06 3.49324e-06
860.796 3.43834e-06 3.43834e-06
867.08 3.36881e-06 3.36881e-06
873.363 3.31644e-06 3.31644e-06
879.646 3.24988e-06 3.24988e-06
885.929 3.1999e-06 3.1999e-06
892.212 3.13616e-06 3.13616e-06
898.495 3.08843e-06 3.08843e-06
904.779 3.02736e-06 3.02736e-06
911.062 2.98176e-06 2.98176e-06
917.345 2.9232e-06 2.9232e-06
923.628 2.87961e-06 2.87961e-06
929.911 2.82344e-06 2.82344e-06
936.195 2.78175e-06 2.78175e-06
942.478 2.72785e-06 2.72785e-06
948.761 2.68796e-06 2.68796e-06
955.044 2.6362e-06 2.6362e-06
961.327 2.59801e-06 2.59801e-06
967.611 2.5483e-06 2.5483e-06
973.894 2.51173e-06 2.51173e-06
980.177 2.46396e-06 2.46396e-06
986.46 2.42892e-06 2.42892e-06
992.743 2.38299e-06 2.38299e-06
999.026 2.3494e-06 2.3494e-06
1005.31 2.30523e-06 2.30523e-06
1011.59 2.27302e-06 2.27302e-06
1017.88 2.23052e-06 2.23052e-06
1024.16 2.19962e-06 2.19962e-06
1030.44 2.15871e-06 2.15871e-06
1036.73 2.12905e-06 2.12905e-06
1043.01 2.08966e-06 2.08966e-06
1049.29 2.06119e-06 2.06119e-06
1055.58 2.02325e-06 2.02325e-06
1061.86 1.99591e-06 1.99591e-06
1068.14 1.95935e-06 1.95935e-06
1074.42 1.93308e-06 1.93308e-06
1080.71 1.89783e-06 1.89783e-06
1086.99 1.87259e-06 1.87259e-06
1093.27 1.83861e-06 1.83861e-06
1099.56 1.81433e-06 1.81433e-06
1105.84 1.78156e-06 1.78156e-06
1112.12 1.75821e-06 1.75821e-06
1118.41 1.72659e-06 1.72659e-06
1124.69 1.70413e-06 1.70413e-06
1130.97 1.67361e-06 1.67361e-06
1137.26 1.652e-06 1.652e-06
1143.54 1.62254e-06 1.62254e-06
1149.82 1.60173e-06 1.60173e-06
1156.11 1.57328e-06 1.57328e-06
1162.39 1.55325e-06 1.55325e-06
1168.67 1.52576e-06 1.52576e-06
1174.96 1.50647e-06 1.50647e-06
1181.24 1.47991e-06 1.47991e-06
1187.52 1.46133e-06 1.46133e-06
1193.81 1.43566e-06 1.43566e-06
1200.09 1.41775e-06 1.41775e-06
1206.37 1.39293e-06 1.39293e-06
1212.65 1.37567e-06 1.37567e-06
1218.94 1.35167e-06 1.35167e-06
1225.22 1.33503e-06 1.33503e-06
1231.5 1.31182e-06 1.31182e-06
1237.79 1.29577e-06 1.29577e-06
1244.07 1.27331e-06 1.27331e-06
1250.35 1.25783e-06 1.25783e-06
1256.64 1.2361e-06 1.2361e-06
1262.92 1.22117e-06 1.22117e-06
1269.2 1.20013e-06 1.20013e-06
1275.49 1.18572e-06 1.18572e-06
1281.77 1.16536e-06 1.16536e-06
1288.05 1.15145e-06 1.15145e-06
1294.34 1.13173e-06 1.13173e-06
1300.62 1.1183e-06 1.1183e-06
1306.9 1.0992e-06 1.0992e-06
1313.19 1.08623e-06 1.08623e-06
1319.47 1.06773e-06 1.06773e-06
1325.75 1.05521e-06 1.05521e-06
1332.04 1.03728e-06 1.03728e-06
1338.32 1.02518e-06 1.02518e-06
1344.6 1.00781e-06 1.00781e-06
1350.88 9.96122e-07 9.96122e-07
1357.17 9.79284e-07 9.79284e-07
1363.45 9.67988e-07 9.67988e-07
1369.73 9.51664e-07 9.51664e-07
1376.02 9.40746e-07 9.40746e-07
1382.3 9.24918e-07 9.24918e-07
1388.58 9.14364e-07 9.14364e-07
1394.87 8.99014e-07 8.99014e-07
1401.15 8.8881e-07 8.8881e-07
1407.43 8.7392e-07 8.7392e-07
1413.72 8.64053e-07 8.64053e-07
1420 8.49608e-07 8.49608e-07
1426.28 8.40065e-07 8.40065e-07
1432.57 8.26049e-07 8.26049e-07
1438.85 8.16819e-07 8.16819e-07
1445.13 8.03217e-07 8.03217e-07
1451.42 7.94287e-07 7.94287e-07
1457.7 7.81085e-07 7.81085e-07
1463.98 7.72444e-07 7.72444e-07
1470.27 7.59628e-07 7.59628e-07
1476.55 7.51267e-07 7.51267e-07
1482.83 7.38824e-07 7.38824e-07
1489.11 7.30732e-07 7.30732e-07
1495.4 7.18649e-07 7.18649e-07
1501.68 7.10816e-07 7.10816e-07
1507.96 6.99082e-07 6.99082e-07
1514.25 6.91499e-07 6.91499e-07
1520.53 6.80101e-07 6.80101e-07
1526.81 6.72759e-07 6.72759e-07
1533.1 6.61687e-07 6.61687e-07
1539.38 6.54577e-07 6.54577e-07
1545.66 6.4382e-07 6.4382e-07
1551.95 6.36935e-07 6.36935e-07
1558.23 6.26482e-07 6.26482e-07
1564.51 6.19813e-07 6.19813e-07
1570.8 6.09655e-07 6.09655e-07
1577.08 6.03195e-07 6.03195e-07
1583.36 5.93322e-07 5.93322e-07
1589.65 5.87064e-07 5.87064e-07
1595.93 5.77467e-07 5.77467e-07
1602.21 5.71404e-07 5.71404e-07
1608.5 5.62073e-07 5.62073e-07
1614.78 5.56199e-07 5.56199e-07
1621.06 5.47127e-07 5.47127e-07
1627.34 5.41434e-07 5.41434e-07
1633.63 5.32613e-07 5.32613e-07
1639.91 5.27095e-07 5.27095e-07
1646.19 5.18516e-07 5.18516e-07
1652.48 5.13169e-07 5.13169e-07
1658.76 5.04825e-07 5.04825e-07
1665.04 4.99641e-07 4.99641e-07
1671.33 4.91525e-07 4.91525e-07
1677.61 4.865e-07 4.865e-07
1683.89 4.78604e-07 4.78604e-07
1690.18 4.73732e-07 4.73732e-07
1696.46 4.6605e-07 4.6605e-07
1702.74 4.61327e-07 4.61327e-07
1709.03 4.53852e-07 4.53852e-07
1715.31 4.49272e-07 4.49272e-07
1721.59 4.41998e-07 4.41998e-07
1727.88 4.37557e-07 4.37557e-07
1734.16 4.30478e-07 4.30478e-07
1740.44 4.2617e-07 4.2617e-07
1746.73 4.19281e-07 4.19281e-07
1753.01 4.15103e-07 4.15103e-07
1759.29 4.08397e-07 4.08397e-07
1765.58 4.04344e-07 4.04344e-07
1771.86 3.97816e-07 3.97816e-07
1778.14 3.93885e-07 3.93885e-07
1784.42 3.87529e-07 3.87529e-07
1790.71 3.83716e-07 3.83716e-07
1796.99 3.77527e-07 3.77527e-07
1803.27 3.73828e-07 3.73828e-07
1809.56 3.67802e-07 3.67802e-07
1815.84 3.64213e-07 3.64213e-07
1822.12 3.58345e-07 3.58345e-07
1828.41 3.54862e-07 3.54862e-07
1834.69 3.49148e-07 3.49148e-07
1840.97 3.45768e-07 3.45768e-07
1847.26 3.40202e-07 3.40202e-07
1853.54 3.36923e-07 3.36923e-07
1859.82 3.31501e-07 3.31501e-07
1866.11 3.28319e-07 3.28319e-07
1872.39 3.23038e-07 3.23038e-07
1878.67 3.19949e-07 3.19949e-07
1884.96 3.14804e-07 3.14804e-07
1891.24 3.11806e-07 3.11806e-07
1897.52 3.06794e-07 3.06794e-07
1903.81 3.03884e-07 3.03884e-07
1910.09 2.99e-07 2.99e-07
1916.37 2.96176e-07 2.96176e-07
1922.65 2.91417e-07 2.91417e-07
1928.94 2.88676e-07 2.88676e-07
1935.22 2.84038e-07 2.84038e-07
1941.5 2.81377e-07 2.81377e-07
1947.79 2.76857e-07 2.76857e-07
1954.07 2.74273e-07 2.74273e-07
1960.35 2.69868e-07 2.69868e-07
1966.64 2.6736e-07 2.6736e-07
1972.92 2.63067e-07 2.63067e-07
1979.2 2.60632e-07 2.60632e-07
1985.49 2.56446e-07 2.56446e-07
1991.77 2.54082e-07 2.54082e-07
1998.05 2.50002e-07 2.50002e-07
2004.34 2.47707e-07 2.47707e-07
2010.62 2.43729e-07 2.43729e-07
2016.9 2.415e-07 2.415e-07
2023.19 2.37623e-07 2.37623e-07
2029.47 2.35458e-07 2.35458e-07
2035.75 2.31677e-07 2.31677e-07
2042.04 2.29576e-07 2.29576e-07
2048.32 2.25889e-07 2.25889e-07
2054.6 2.23848e-07 2.23848e-07
2060.88 2.20253e-07 2.20253e-07
2067.17 2.18271e-07 2.18271e-07
2073.45 2.14765e-07 2.14765e-07
2079.73 2.1284e-07 2.1284e-07
2086.02 2.09422e-07 2.09422e-07
2092.3 2.07552e-07 2.07552e-07
2098.58 2.04218e-07 2.04218e-07
2104.87 2.02402e-07 2.02402e-07
2111.15 1.9915e-07 1.9915e-07
2117.43 1.97386e-07 1.97386e-07
2123.72 1.94214e-07 1.94214e-07
2130 1.92501e-07 1.92501e-07
2136.28 1.89406e-07 1.89406e-07
2142.57 1.87743e-07 1.87743e-07
2148.85 1.84724e-07 1.84724e-07
2155.13 1.83108e-07 1.83108e-07
2161.42 1.80163e-07 1.80163e-07
2167.7 1.78593e-07 1.78593e-07
2173.98 1.7572e-07 1.7572e-07
2180.27 1.74195e-07 1.74195e-07
2186.55 1.71392e-07 1.71392e-07
2192.83 1.69911e-07 1.69911e-07
2199.11 1.67175e-07 1.67175e-07
2205.4 1.65737e-07 1.65737e-07
2211.68 1.63067e-07 1.63067e-07
2217.96 1.6167e-07 1.6167e-07
2224.25 1.59065e-07 1.59065e-07
2230.53 1.57707e-07 1.57707e-07
2236.81 1.55166e-07 1.55166e-07
2243.1 1.53847e-07 1.53847e-07
2249.38 1.51366e-07 1.51366e-07
2255.66 1.50085e-07 1.50085e-07
2261.95 1.47663e-07 1.47663e-07
2268.23 1.46419e-07 1.46419e-07
2274.51 1.44056e-07 1.44056e-07
2280.8 1.42846e-07 1.42846e-07
2287.08 1.4054e-07 1.4054e-07
2293.36 1.39365e-07 1.39365e-07
2299.65 1.37113e-07 1.37113e-07
2305.93 1.35972e-07 1.35972e-07
2312.21 1.33774e-07 1.33774e-07
2318.5 1.32665e-07 1.32665e-07
2324.78 1.3052e-07 1.3052e-07
2331.06 1.29442e-07 1.29442e-07
2337.34 1.27348e-07 1.27348e-07
2343.63 1.26301e-07 1.26301e-07
2349.91 1.24256e-07 1.24256e-07
2356.19 1.23239e-07 1.23239e-07
2362.48 1.21242e-07 1.21242e-07
2368.76 1.20254e-07 1.20254e-07
2375.04 1.18305e-07 1.18305e-07
2381.33 1.17345e-07 1.17345e-07
2387.61 1.15441e-07 1.15441e-07
2393.89 1.14508e-07 1.14508e-07
2400.18 1.1265e-07 1.1265e-07
2406.46 1.11743e-07 1.11743e-07
2412.74 1.09929e-07 1.09929e-07
2419.03 1.09048e-07 1.09048e-07
2425.31 1.07276e-07 1.07276e-07
2431.59 1.0642e-07 1.0642e-07
2437.88 1.04689e-07 1.04689e-07
2444.16 1.03858e-07 1.03858e-07
2450.44 1.02167e-07 1.02167e-07
2456.73 1.01359e-07 1.01359e-07
2463.01 9.97084e-08 9.97084e-08
2469.29 9.89235e-08 9.89235e-08
2475.58 9.7311e-08 9.7311e-08
2481.86 9.65484e-08 9.65484e-08
2488.14 9.49734e-08 9.49734e-08
2494.42 9.42324e-08 9.42324e-08
2500.71 9.26939e-08 9.26939e-08
2506.99 9.19739e-08 9.19739e-08
2513.27 9.04712e-08 9.04712e-08
2519.56 8.97716e-08 8.97716e-08
2525.84 8.83036e-08 8.83036e-08
2532.12 8.76239e-08 8.76239e-08
2538.41 8.61898e-08 8.61898e-08
2544.69 8.55294e-08 8.55294e-08
2550.97 8.41284e-08 8.41284e-08
2557.26 8.34867e-08 8.34867e-08
2563.54 8.2118e-08 8.2118e-08
2569.82 8.14945e-08 8.14945e-08
2576.11 8.01572e-08 8.01572e-08
2582.39 7.95514e-08 7.95514e-08
2588.67 7.82449e-08 7.82449e-08
2594.96 7.76563e-08 7.76563e-08
2601.24 7.63797e-08 7.63797e-08
2607.52 7.58078e-08 7.58078e-08
2613.81 7.45604e-08 7.45604e-08
2620.09 7.40048e-08 7.40048e-08
2626.37 7.27859e-08 7.27859e-08
2632.65 7.2246e-08 7.2246e-08
2638.94 7.1055e-08 7.1055e-08
2645.22 7.05305e-08 7.05305e-08
2651.5 6.93666e-08 6.93666e-08
2657.79 6.88569e-08 6.88569e-08
2664.07 6.77195e-08 6.77195e-08
2670.35 6.72244e-08 6.72244e-08
2676.64 6.61128e-08 6.61128e-08
2682.92 6.56318e-08 6.56318e-08
2689.2 6.45454e-08 6.45454e-08
2695.49 6.4078e-08 6.4078e-08
2701.77 6.30163e-08 6.30163e-08
2708.05 6.25622e-08 6.25622e-08
2714.34 6.15245e-08 6.15245e-08
2720.62 6.10834e-08 6.10834e-08
2726.9 6.00691e-08 6.00691e-08
2733.19 5.96406e-08 5.96406e-08
2739.47 5.86491e-08 5.86491e-08
2745.75 5.82328e-08 5.82328e-08
2752.04 5.72637e-08 5.72637e-08
2758.32 5.68593e-08 5.68593e-08
2764.6 5.5912e-08 5.5912e-08
2770.88 5.55191e-08 5.55191e-08
2777.17 5.45931e-08 5.45931e-08
2783.45 5.42114e-08 5.42114e-08
2789.73 5.33062e-08 5.33062e-08
2796.02 5.29354e-08 5.29354e-08
2802.3 5.20504e-08 5.20504e-08
2808.58 5.16902e-08 5.16902e-08
2814.87 5.08251e-08 5.08251e-08
2821.15 5.04752e-08 5.04752e-08
2827.43 4.96294e-08 4.96294e-08
2833.72 4.92895e-08 4.92895e-08
2840 4.84626e-08 4.84626e-08
2846.28 4.81325e-08 4.81325e-08
2852.57 4.7324e-08 4.7324e-08
2858.85 4.70033e-08 4.70033e-08
2865.13 4.62128e-08 4.62128e-08
2871.42 4.59013e-08 4.59013e-08
2877.7 4.51284e-08 4.51284e-08
2883.98 4.48258e-08 4.48258e-08
2890.27 4.40701e-08 4.40701e-08
2896.55 4.37762e-08 4.37762e-08
2902.83 4.30372e-08 4.30372e-08
2909.11 4.27518e-08 4.27518e-08
2915.4 4.20292e-08 4.20292e-08
2921.68 4.17519e-08 4.17519e-08
2927.96 4.10453e-08 4.10453e-08
2934.25 4.07761e-08 4.07761e-08
2940.53 4.0085e-08 4.0085e-08
2946.81 3.98236e-08 3.98236e-08
2953.1 3.91478e-08 3.91478e-08
2959.38 3.88939e-08 3.88939e-08
2965.66 3.8233e-08 3.8233e-08
2971.95 3.79864e-08 3.79864e-08
2978.23 3.73401e-08 3.73401e-08
2984.51 3.71006e-08 3.71006e-08
2990.8 3.64685e-08 3.64685e-08
2997.08 3.62359e-08 3.62359e-08
3003.36 3.56177e-08 3.56177e-08
3009.65 3.53919e-08 3.53919e-08
3015.93 3.47872e-08 3.47872e-08
3022.21 3.45679e-08 3.45679e-08
3028.5 3.39765e-08 3.39765e-08
3034.78 3.37636e-08 3.37636e-08
3041.06 3.31851e-08 3.31851e-08
3047.34 3.29784e-08 3.29784e-08
3053.63 3.24125e-08 3.24125e-08
3059.91 3.22118e-08 3.22118e-08
3066.19 3.16584e-08 3.16584e-08
3072.48 3.14635e-08 3.14635e-08
3078.76 3.09221e-08 3.09221e-08
3085.04 3.07329e-08 3.07329e-08
3091.33 3.02033e-08 3.02033e-08
3097.61 3.00196e-08 3.00196e-08
3103.89 2.95015e-08 2.95015e-08
3110.18 2.93232e-08 2.93232e-08
3116.46 2.88164e-08 2.88164e-08
3122.74 2.86433e-08 2.86433e-08
3129.03 2.81475e-08 2.81475e-08
3135.31 2.79795e-08 2.79795e-08
3141.59 2.74944e-08 2.74944e-08
3147.88 2.73313e-08 2.73313e-08
3154.16 2.68568e-08 2.68568e-08
3160.44 2.66985e-08 2.66985e-08
3166.73 2.62342e-08 2.62342e-08
3173.01 2.60806e-08 2.60806e-08
3179.29 2.56263e-08 2.56263e-08
3185.57 2.54772e-08 2.54772e-08
3191.86 2.50328e-08 2.50328e-08
3198.14 2.4888e-08 2.4888e-08
3204.42 2.44532e-08 2.44532e-08
3210.71 2.43128e-08 2.43128e-08
3216.99 2.38873e-08 2.38873e-08
3223.27 2.3751e-08 2.3751e-08
3229.56 2.33347e-08 2.33347e-08
3235.84 2.32025e-08 2.32025e-08
3242.12 2.27951e-08 2.27951e-08
3248.41 2.26668e-08 2.26668e-08
3254.69 2.22682e-08 2.22682e-08
3260.97 2.21437e-08 2.21437e-08
3267.26 2.17537e-08 2.17537e-08
3273.54 2.16328e-08 2.16328e-08
3279.82 2.12512e-08 2.12512e-08
3286.11 2.1134e-08 2.1134e-08
3292.39 2.07605e-08 2.07605e-08
3298.67 2.06468e-08 2.06468e-08
3304.96 2.02813e-08 2.02813e-08
3311.24 2.0171e-08 2.0171e-08
3317.52 1.98134e-08 1.98134e-08
3323.81 1.97063e-08 1.97063e-08
3330.09 1.93563e-08 1.93563e-08
3336.37 1.92525e-08 1.92525e-08
3342.65 1.891e-08 1.891e-08
3348.94 1.88093e-08 1.88093e-08
3355.22 1.84741e-08 1.84741e-08
3361.5 1.83764e-08 1.83764e-08
3367.79 1.80483e-08 1.80483e-08
3374.07 1.79536e-08 1.79536e-08
3380.35 1.76325e-08 1.76325e-08
3386.64 1.75406e-08 1.75406e-08
3392.92 1.72264e-08 1.72264e-08
3399.2 1.71373e-08 1.71373e-08
3405.49 1.68298e-08 1.68298e-08
3411.77 1.67434e-08 1.67434e-08
3418.05 1.64424e-08 1.64424e-08
3424.34 1.63586e-08 1.63586e-08
3430.62 1.6064e-08 1.6064e-08
3436.9 1.59827e-08 1.59827e-08
3443.19 1.56944e-08 1.56944e-08
3449.47 1.56156e-08 1.56156e-08
3455.75 1.53334e-08 1.53334e-08
3462.04 1.5257e-08 1.5257e-08
3468.32 1.49808e-08 1.49808e-08
3474.6 1.49067e-08 1.49067e-08
3480.88 1.46363e-08 1.46363e-08
3487.17 1.45646e-08 1.45646e-08
3493.45 1.42999e-08 1.42999e-08
3499.73 1.42303e-08 1.42303e-08
3506.02 1.39712e-08 1.39712e-08
3512.3 1.39038e-08 1.39038e-08
3518.58 1.36502e-08 1.36502e-08
3524.87 1.35848e-08 1.35848e-08
3531.15 1.33366e-08 1.33366e-08
3537.43 1.32733e-08 1.32733e-08
3543.72 1.30303e-08 1.30303e-08
3550 1.29689e-08 1.29689e-08
3556.28 1.2731e-08 1.2731e-08
3562.57 1.26715e-08 1.26715e-08
3568.85 1.24386e-08 1.24386e-08
3575.13 1.2381e-08 1.2381e-08
3581.42 1.21531e-08 1.21531e-08
3587.7 1.20972e-08 1.20972e-08
3593.98 1.1874e-08 1.1874e-08
3600.27 1.182e-08 1.182e-08
3606.55 1.16015e-08 1.16015e-08
3612.83 1.15491e-08 1.15491e-08
3619.11 1.13352e-08 1.13352e-08
3625.4 1.12845e-08 1.12845e-08
3631.68 1.10751e-08 1.10751e-08
3637.96 1.10259e-08 1.10259e-08
3644.25 1.08209e-08 1.08209e-08
3650.53 1.07733e-08 1.07733e-08
3656.81 1.05726e-08 1.05726e-08
3663.1 1.05265e-08 1.05265e-08
3669.38 1.033e-08 1.033e-08
3675.66 1.02854e-08 1.02854e-08
3681.95 1.0093e-08 1.0093e-08
3688.23 1.00498e-08 1.00498e-08
3694.51 9.86144e-09 9.86144e-09
3700.8 9.81959e-09 9.81959e-09
3707.08 9.63519e-09 9.63519e-09
3713.36 9.59468e-09 9.59468e-09
3719.65 9.41413e-09 9.41413e-09
3725.93 9.37492e-09 9.37492e-09
3732.21 9.19815e-09 9.19815e-09
3738.5 9.16019e-09 9.16019e-09
3744.78 8.98712e-09 8.98712e-09
3751.06 8.95038e-09 8.95038e-09
3757.34 8.78092e-09 8.78092e-09
3763.63 8.74537e-09 8.74537e-09
3769.91 8.57945e-09 8.57945e-09
3776.19 8.54505e-09 8.54505e-09
3782.48 8.3826e-09 8.3826e-09
3788.76 8.34931e-09 8.34931e-09
3795.04 8.19024e-09 8.19024e-09
3801.33 8.15804e-09 8.15804e-09
3807.61 8.00229e-09 8.00229e-09
3813.89 7.97113e-09 7.97113e-09
3820.18 7.81863e-09 7.81863e-09
3826.46 7.78849e-09 7.78849e-09
3832.74 7.63917e-09 7.63917e-09
3839.03 7.61002e-09 7.61002e-09
3845.31 7.46381e-09 7.46381e-09
3851.59 7.43562e-09 7.43562e-09
3857.88 7.29245e-09 7.29245e-09
3864.16 7.26519e-09 7.26519e-09
3870.44 7.125e-09 7.125e-09
3876.73 7.09864e-09 7.09864e-09
3883.01 6.96137e-09 6.96137e-09
3889.29 6.93588e-09 6.93588e-09
3895.57 6.80147e-09 6.80147e-09
3901.86 6.77683e-09 6.77683e-09
3908.14 6.64521e-09 6.64521e-09
3914.42 6.62139e-09 6.62139e-09
3920.71 6.49252e-09 6.49252e-09
3926.99 6.46949e-09 6.46949e-09
3933.27 6.3433e-09 6.3433e-09
3939.56 6.32104e-09 6.32104e-09
3945.84 6.19747e-09 6.19747e-09
3952.12 6.17597e-09 6.17597e-09
3958.41 6.05496e-09 6.05496e-09
3964.69 6.03418e-09 6.03418e-09
3970.97 5.91569e-09 5.91569e-09
3977.26 5.89562e-09 5.89562e-09
3983.54 5.77959e-09 5.77959e-09
3989.82 5.76019e-09 5.76019e-09
3996.11 5.64657e-09 5.64657e-09
4002.39 5.62784e-09 5.62784e-09
4008.67 5.51658e-09 5.51658e-09
4014.96 5.49849e-09 5.49849e-09
4021.24 5.38954e-09 5.38954e-09
4027.52 5.37207e-09 5.37207e-09
4033.8 5.26538e-09 5.26538e-09
4040.09 5.24851e-09 5.24851e-09
4046.37 5.14404e-09 5.14404e-09
4052.65 5.12775e-09 5.12775e-09
4058.94 5.02545e-09 5.02545e-09
4065.22 5.00972e-09 5.00972e-09
4071.5 4.90954e-09 4.90954e-09
4077.79 4.89436e-09 4.89436e-09
4084.07 4.79626e-09 4.79626e-09
4090.35 4.78161e-09 4.78161e-09
4096.64 4.68555e-09 4.68555e-09
4102.92 4.67141e-09 4.67141e-09
4109.2 4.57734e-09 4.57734e-09
4115.49 4.56369e-09 4.56369e-09
4121.77 4.47158e-09 4.47158e-09
4128.05 4.45841e-09 4.45841e-09
4134.34 4.36821e-09 4.36821e-09
4140.62 4.35551e-09 4.35551e-09
4146.9 4.26718e-09 4.26718e-09
4153.19 4.25493e-09 4.25493e-09
4159.47 4.16844e-09 4.16844e-09
4165.75 4.15662e-09 4.15662e-09
4172.04 4.07192e-09 4.07192e-09
4178.32 4.06052e-09 4.06052e-09
4184.6 3.97759e-09 3.97759e-09
4190.88 3.9666e-09 3.9666e-09
4197.17 3.88538e-09 3.88538e-09
4203.45 3.87479e-09 3.87479e-09
4209.73 3.79526e-09 3.79526e-09
4216.02 3.78504e-09 3.78504e-09
4222.3 3.70717e-09 3.70717e-09
4228.58 3.69732e-09 3.69732e-09
4234.87 3.62107e-09 3.62107e-09
4241.15 3.61158e-09 3.61158e-09
4247.43 3.53691e-09 3.53691e-09
4253.72 3.52776e-09 3.52776e-09
4260 3.45464e-09 3.45464e-09
4266.28 3.44583e-09 3.44583e-09
4272.57 3.37423e-09 3.37423e-09
4278.85 3.36574e-09 3.36574e-09
4285.13 3.29564e-09 3.29564e-09
4291.42 3.28746e-09 3.28746e-09
4297.7 3.21881e-09 3.21881e-09
4303.98 3.21093e-09 3.21093e-09
4310.27 3.14371e-09 3.14371e-09
4316.55 3.13612e-09 3.13612e-09
4322.83 3.07031e-09 3.07031e-09
4329.11 3.063e-09 3.063e-09
4335.4 2.99856e-09 2.99856e-09
4341.68 2.99152e-09 2.99152e-09
4347.96 2.92842e-09 2.92842e-09
4354.25 2.92164e-09 2.92164e-09
4360.53 2.85986e-09 2.85986e-09
4366.81 2.85333e-09 2.85333e-09
4373.1 2.79284e-09 2.79284e-09
4379.38 2.78655e-09 2.78655e-09
4385.66 2.72733e-09 2.72733e-09
4391.95 2.72128e-09 2.72128e-09
4398.23 2.66329e-09 2.66329e-09
4404.51 2.65746e-09 2.65746e-09
4410.8 2.60069e-09 2.60069e-09
4417.08 2.59508e-09 2.59508e-09
4423.36 2.53949e-09 2.53949e-09
4429.65 2.5341e-09 2.5341e-09
4435.93 2.47968e-09 2.47968e-09
4442.21 2.47449e-09 2.47449e-09
4448.5 2.4212e-09 2.4212e-09
4454.78 2.41621e-09 2.41621e-09
4461.06 2.36404e-09 2.36404e-09
4467.34 2.35924e-09 2.35924e-09
4473.63 2.30816e-09 2.30816e-09
4479.91 2.30354e-09 2.30354e-09
4486.19 2.25354e-09 2.25354e-09
4492.48 2.24909e-09 2.24909e-09
4498.76 2.20014e-09 2.20014e-09
4505.04 2.19586e-09 2.19586e-09
4511.33 2.14794e-09 2.14794e-09
4517.61 2.14383e-09 2.14383e-09
4523.89 2.09692e-09 2.09692e-09
4530.18 2.09296e-09 2.09296e-09
4536.46 2.04703e-09 2.04703e-09
4542.74 2.04322e-09 2.04322e-09
4549.03 1.99827e-09 1.99827e-09
4555.31 1.9946e-09 1.9946e-09
4561.59 1.9506e-09 1.9506e-09
4567.88 1.94707e-09 1.94707e-09
4574.16 1.904e-09 1.904e-09
4580.44 1.90061e-09 1.90061e-09
4586.73 1.85844e-09 1.85844e-09
4593.01 1.85518e-09 1.85518e-09
4599.29 1.81391e-09 1.81391e-09
4605.57 1.81077e-09 1.81077e-09
4611.86 1.77037e-09 1.77037e-09
4618.14 1.76735e-09 1.76735e-09
4624.42 1.72781e-09 1.72781e-09
4630.71 1.72491e-09 1.72491e-09
4636.99 1.68621e-09 1.68621e-09
4643.27 1.68341e-09 1.68341e-09
4649.56 1.64553e-09 1.64553e-09
4655.84 1.64284e-09 1.64284e-09
4662.12 1.60577e-09 1.60577e-09
4668.41 1.60318e-09 1.60318e-09
4674.69 1.5669e-09 1.5669e-09
4680.97 1.56441e-09 1.56441e-09
4687.26 1.5289e-09 1.5289e-09
4693.54 1.5265e-09 1.5265e-09
4699.82 1.49176e-09 1.49176e-09
4706.11 1.48944e-09 1.48944e-09
4712.39 1.45544e-09 1.45544e-09
4718.67 1.45321e-09 1.45321e-09
4724.96 1.41994e-09 1.41994e-09
4731.24 1.41779e-09 1.41779e-09
4737.52 1.38523e-09 1.38523e-09
4743.8 1.38316e-09 1.38316e-09
4750.09 1.35131e-09 1.35131e-09
4756.37 1.34931e-09 1.34931e-09
4762.65 1.31814e-09 1.31814e-09
4768.94 1.31621e-09 1.31621e-09
4775.22 1.28572e-09 1.28572e-09
4781.5 1.28386e-09 1.28386e-09
4787.79 1.25402e-09 1.25402e-09
4794.07 1.25223e-09 1.25223e-09
4800.35 1.22303e-09 1.22303e-09
4806.64 1.2213e-09 1.2213e-09
4812.92 1.19274e-09 1.19274e-09
4819.2 1.19107e-09 1.19107e-09
4825.49 1.16313e-09 1.16313e-09
4831.77 1.16151e-09 1.16151e-09
4838.05 1.13418e-09 1.13418e-09
4844.34 1.13262e-09 1.13262e-09
4850.62 1.10589e-09 1.10589e-09
4856.9 1.10437e-09 1.10437e-09
4863.19 1.07822e-09 1.07822e-09
4869.47 1.07676e-09 1.07676e-09
4875.75 1.05118e-09 1.05118e-09
4882.03 1.04976e-09 1.04976e-09
4888.32 1.02474e-09 1.02474e-09
4894.6 1.02337e-09 1.02337e-09
4900.88 9.98901e-10 9.98901e-10
4907.17 9.97566e-10 9.97566e-10
4913.45 9.73639e-10 9.73639e-10
4919.73 9.72343e-10 9.72343e-10
4926.02 9.48944e-10 9.48944e-10
4932.3 9.47686e-10 9.47686e-10
4938.58 9.24804e-10 9.24804e-10
4944.87 9.23581e-10 9.23581e-10
4951.15 9.01207e-10 9.01207e-10
4957.43 9.00016e-10 9.00016e-10
4963.72 8.7814e-10 8.7814e-10
4970 8.7698e-10 8.7698e-10
4976.28 8.55591e-10 8.55591e-10
4982.57 8.54462e-10 8.54462e-10
4988.85 8.3355e-10 8.3355e-10
4995.13 8.32448e-10 8.32448e-10
5001.42 8.12005e-10 8.12005e-10
5007.7 8.10929e-10 8.10929e-10
5013.98 7.90945e-10 7.90945e-10
5020.27 7.89894e-10 7.89894e-10
5026.55 7.7036e-10 7.7036e-10
5032.83 7.69331e-10 7.69331e-10
5039.11 7.50238e-10 7.50238e-10
5045.4 7.49231e-10 7.49231e-10
5051.68 7.3057e-10 7.3057e-10
5057.96 7.29583e-10 7.29583e-10
5064.25 7.11346e-10 7.11346e-10
5070.53 7.10378e-10 7.10378e-10
5076.81 6.92556e-10 6.92556e-10
5083.1 6.91605e-10 6.91605e-10
5089.38 6.7419e-10 6.7419e-10
5095.66 6.73255e-10 6.73255e-10
5101.95 6.56239e-10 6.56239e-10
5108.23 6.55319e-10 6.55319e-10
5114.51 6.38694e-10 6.38694e-10
5120.8 6.37788e-10 6.37788e-10
5127.08 6.21546e-10 6.21546e-10
5133.36 6.20653e-10 6.20653e-10
5139.65 6.04787e-10 6.04787e-10
5145.93 6.03905e-10 6.03905e-10
5152.21 5.88407e-10 5.88407e-10
5158.5 5.87536e-10 5.87536e-10
5164.78 5.72399e-10 5.72399e-10
5171.06 5.71538e-10 5.71538e-10
5177.34 5.56754e-10 5.56754e-10
5183.63 5.55902e-10 5.55902e-10
5189.91 5.41465e-10 5.41465e-10
5196.19 5.40621e-10 5.40621e-10
5202.48 5.26524e-10 5.26524e-10
5208.76 5.25687e-10 5.25687e-10
5215.04 5.11923e-10 5.11923e-10
5221.33 5.11093e-10 5.11093e-10
5227.61 4.97654e-10 4.97654e-10
5233.89 4.9683e-10 4.9683e-10
5240.18 4.83712e-10 4.83712e-10
5246.46 4.82892e-10 4.82892e-10
5252.74 4.70087e-10 4.70087e-10
5259.03 4.69273e-10 4.69273e-10
5265.31 4.56775e-10 4.56775e-10
5271.59 4.55964e-10 4.55964e-10
5277.88 4.43767e-10 4.43767e-10
5284.16 4.4296e-10 4.4296e-10
5290.44 4.31058e-10 4.31058e-10
5296.73 4.30253e-10 4.30253e-10
5303.01 4.18641e-10 4.18641e-10
5309.29 4.17838e-10 4.17838e-10
5315.57 4.06509e-10 4.06509e-10
5321.86 4.05708e-10 4.05708e-10
5328.14 3.94657e-10 3.94657e-10
5334.42 3.93857e-10 3.93857e-10
5340.71 3.83078e-10 3.83078e-10
5346.99 3.82279e-10 3.82279e-10
5353.27 3.71767e-10 3.71767e-10
5359.56 3.70968e-10 3.70968e-10
5365.84 3.60718e-10 3.60718e-10
5372.12 3.59919e-10 3.59919e-10
5378.41 3.49925e-10 3.49925e-10
5384.69 3.49126e-10 3.49126e-10
5390.97 3.39383e-10 3.39383e-10
5397.26 3.38583e-10 3.38583e-10
5403.54 3.29087e-10 3.29087e-10
5409.82 3.28286e-10 3.28286e-10
5416.11 3.19031e-10 3.19031e-10
5422.39 3.18229e-10 3.18229e-10
5428.67 3.0921e-10 3.0921e-10
5434.96 3.08407e-10 3.08407e-10
5441.24 2.99619e-10 2.99619e-10
5447.52 2.98815e-10 2.98815e-10
5453.8 2.90255e-10 2.90255e-10
5460.09 2.89449e-10 2.89449e-10
5466.37 2.8111e-10 2.8111e-10
5472.65 2.80303e-10 2.80303e-10
5478.94 2.72183e-10 2.72183e-10
5485.22 2.71373e-10 2.71373e-10
5491.5 2.63466e-10 2.63466e-10
5497.79 2.62654e-10 2.62654e-10
5504.07 2.54957e-10 2.54957e-10
5510.35 2.54143e-10 2.54143e-10
5516.64 2.46651e-10 2.46651e-10
5522.92 2.45835e-10 2.45835e-10
5529.2 2.38544e-10 2.38544e-10
5535.49 2.37725e-10 2.37725e-10
5541.77 2.30631e-10 2.30631e-10
5548.05 2.2981e-10 2.2981e-10
5554.34 2.22909e-10 2.22909e-10
5560.62 2.22086e-10 2.22086e-10
5566.9 2.15373e-10 2.15373e-10
5573.19 2.14549e-10 2.14549e-10
5579.47 2.08021e-10 2.08021e-10
5585.75 2.07194e-10 2.07194e-10
5592.03 2.00848e-10 2.00848e-10
5598.32 2.00019e-10 2.00019e-10
5604.6 1.93851e-10 1.93851e-10
5610.88 1.9302e-10 1.9302e-10
5617.17 1.87025e-10 1.87025e-10
5623.45 1.86193e-10 1.86193e-10
5629.73 1.80369e-10 1.80369e-10
5636.02 1.79534e-10 1.79534e-10
5642.3 1.73877e-10 1.73877e-10
5648.58 1.73041e-10 1.73041e-10
5654.87 1.67548e-10 1.67548e-10
5661.15 1.66711e-10 1.66711e-10
5667.43 1.61377e-10 1.61377e-10
5673.72 1.60539e-10 1.60539e-10
5680 1.55363e-10 1.55363e-10
5686.28 1.54523e-10 1.54523e-10
5692.57 1.49501e-10 1.49501e-10
5698.85 1.4866e-10 1.4866e-10
5705.13 1.43788e-10 1.43788e-10
5711.42 1.42948e-10 1.42948e-10
5717.7 1.38223e-10 1.38223e-10
5723.98 1.37382e-10 1.37382e-10
5730.27 1.32801e-10 1.32801e-10
5736.55 1.3196e-10 1.3196e-10
5742.83 1.27521e-10 1.27521e-10
5749.11 1.2668e-10 1.2668e-10
5755.4 1.2238e-10 1.2238e-10
5761.68 1.21539e-10 1.21539e-10
5767.96 1.17374e-10 1.17374e-10
5774.25 1.16535e-10 1.16535e-10
5780.53 1.12502e-10 1.12502e-10
5786.81 1.11664e-10 1.11664e-10
5793.1 1.07762e-10 1.07762e-10
5799.38 1.06925e-10 1.06925e-10
5805.66 1.03149e-10 1.03149e-10
5811.95 1.02314e-10 1.02314e-10
5818.23 9.86636e-11 9.86636e-11
5824.51 9.78309e-11 9.78309e-11
5830.8 9.43019e-11 9.43019e-11
5837.08 9.34718e-11 9.34718e-11
5843.36 9.00621e-11 9.00621e-11
5849.65 8.9235e-11 8.9235e-11
5855.93 8.5942e-11 8.5942e-11
5862.21 8.51183e-11 8.51183e-11
5868.5 8.19397e-11 8.19397e-11
5874.78 8.11198e-11 8.11198e-11
5881.06 7.8053e-11 7.8053e-11
5887.34 7.72373e-11 7.72373e-11
5893.63 7.42799e-11 7.42799e-11
5899.91 7.3469e-11 7.3469e-11
5906.19 7.06187e-11 7.06187e-11
5912.48 6.98129e-11 6.98129e-11
5918.76 6.70674e-11 6.70674e-11
5925.04 6.62672e-11 6.62672e-11
5931.33 6.36242e-11 6.36242e-11
5937.61 6.28302e-11 6.28302e-11
5943.89 6.02875e-11 6.02875e-11
5950.18 5.95001e-11 5.95001e-11
5956.46 5.70555e-11 5.70555e-11
5962.74 5.62753e-11 5.62753e-11
5969.03 5.39266e-11 5.39266e-11
5975.31 5.31541e-11 5.31541e-11
5981.59 5.08993e-11 5.08993e-11
5987.88 5.01349e-11 5.01349e-11
5994.16 4.79719e-11 4.79719e-11
6000.44 4.72163e-11 4.72163e-11
6006.73 4.5143e-11 4.5143e-11
6013.01 4.43968e-11 4.43968e-11
6019.29 4.24112e-11 4.24112e-11
6025.57 4.1675e-11 4.1675e-11
6031.86 3.97752e-11 3.97752e-11
6038.14 3.90494e-11 3.90494e-11
6044.42 3.72335e-11 3.72335e-11
6050.71 3.65189e-11 3.65189e-11
6056.99 3.47849e-11 3.47849e-11
6063.27 3.4082e-11 3.4082e-11
6069.56 3.24282e-11 3.24282e-11
6075.84 3.17377e-11 3.17377e-11
6082.12 3.01621e-11 3.01621e-11
6088.41 2.94847e-11 2.94847e-11
6094.69 2.79856e-11 2.79856e-11
6100.97 2.73219e-11 2.73219e-11
6107.26 2.58975e-11 2.58975e-11
6113.54 2.52482e-11 2.52482e-11
6119.82 2.38967e-11 2.38967e-11
6126.11 2.32625e-11 2.32625e-11
6132.39 2.19824e-11 2.19824e-11
6138.67 2.13639e-11 2.13639e-11
6144.96 2.01534e-11 2.01534e-11
6151.24 1.95515e-11 1.95515e-11
6157.52 1.84089e-11 1.84089e-11
6163.8 1.78242e-11 1.78242e-11
6170.09 1.6748e-11 1.6748e-11
6176.37 1.61813e-11 1.61813e-11
6182.65 1.51699e-11 1.51699e-11
6188.94 1.46219e-11 1.46219e-11
6195.22 1.36737e-11 1.36737e-11
6201.5 1.31452e-11 1.31452e-11
6207.79 1.22588e-11 1.22588e-11
6214.07 1.17506e-11 1.17506e-11
6220.35 1.09243e-11 1.09243e-11
6226.64 1.04372e-11 1.04372e-11
6232.92 9.66963e-12 9.66963e-12
6239.2 9.20444e-12 9.20444e-12
6245.49 8.49415e-12 8.49415e-12
6251.77 8.05171e-12 8.05171e-12
6258.05 7.39727e-12 7.39727e-12
6264.34 6.97842e-12 6.97842e-12
6270.62 6.37841e-12 6.37841e-12
6276.9 5.98403e-12 5.98403e-12
6283.19 5.43708e-12 5.43708e-12
6289.47 5.06803e-12 5.06803e-12
6295.75 4.57279e-12 4.57279e-12
6302.03 4.22997e-12 4.22997e-12
6308.32 3.78511e-12 3.78511e-12
6314.6 3.46944e-12 3.46944e-12
6320.88 3.07365e-12 3.07365e-12
6327.17 2.78604e-12 2.78604e-12
6333.45 2.43803e-12 2.43803e-12
6339.73 2.17943e-12 2.17943e-12
6346.02 1.87795e-12 1.87795e-12
6352.3 1.64932e-12 1.64932e-12
6358.58 1.39311e-12 1.39311e-12
6364.87 1.19543e-12 1.19543e-12
6371.15 9.83283e-13 9.83283e-13
6377.43 8.1753e-13 8.1753e-13
6383.72 6.48249e-13 6.48249e-13
6390 5.15441e-13 5.15441e-13
6396.28 3.87842e-13 3.87842e-13
6402.57 2.89006e-13 2.89006e-13
6408.85 2.01931e-13 2.01931e-13
6415.13 1.38113e-13 1.38113e-13
6421.42 9.04216e-14 9.04216e-14
6427.7 6.26857e-14 6.26857e-14
6433.98 5.32582e-14 5.32582e-14
