0 4.09853e-13 4.09853e-13
6.28319 0.2493 0.2493
12.5664 0.000603926 0.000603926
18.8496 3.29056e-06 3.29056e-06
25.1327 2.50617e-08 2.50617e-08
31.4159 2.44835e-10 2.44835e-10
37.6991 1.57742e-12 1.57742e-12
43.9823 9.24019e-13 9.24019e-13
50.2655 7.83992e-13 7.83992e-13
56.5487 9.13027e-13 9.13027e-13
62.8319 1.02486e-12 1.02486e-12
69.115 1.15146e-12 1.15146e-12
75.3982 1.28842e-12 1.28842e-12
81.6814 1.43596e-12 1.43596e-12
87.9646 1.59367e-12 1.59367e-12
94.2478 1.76119e-12 1.76119e-12
100.531 1.93816e-12 1.93816e-12
106.814 2.12418e-12 2.12418e-12
113.097 2.31883e-12 2.31883e-12
119.381 2.52167e-12 2.52167e-12
125.664 2.73227e-12 2.73227e-12
131.947 2.95017e-12 2.95017e-12
138.23 3.17488e-12 3.17488e-12
144.513 3.40594e-12 3.40594e-12
150.796 3.64285e-12 3.64285e-12
157.08 3.8851e-12 3.8851e-12
163.363 4.13219e-12 4.13219e-12
169.646 4.38362e-12 4.38362e-12
175.929 4.63887e-12 4.63887e-12
182.212 4.89742e-12 4.89742e-12
188.496 5.15876e-12 5.15876e-12
194.779 5.42237e-12 5.42237e-12
201.062 5.68774e-12 5.68774e-12
207.345 5.95436e-12 5.95436e-12
213.628 6.22173e-12 6.22173e-12
219.911 6.48936e-12 6.48936e-12
226.195 6.75675e-12 6.75675e-12
232.478 7.02342e-12 7.02342e-12
238.761 7.28891e-12 7.28891e-12
245.044 7.55276e-12 7.55276e-12
251.327 7.81451e-12 7.81451e-12
257.611 8.07375e-12 8.07375e-12
263.894 8.33004e-12 8.33004e-12
270.177 8.58298e-12 8.58298e-12
276.46 8.83219e-12 8.83219e-12
282.743 9.07729e-12 9.07729e-12
289.027 9.31793e-12 9.31793e-12
295.31 9.55377e-12 9.55377e-12
301.593 9.78448e-12 9.78448e-12
307.876 1.00098e-11 1.00098e-11
314.159 1.02294e-11 1.02294e-11
320.442 1.0443e-11 1.0443e-11
326.726 1.06504e-11 1.06504e-11
333.009 1.08513e-11 1.08513e-11
339.292 1.10456e-11 1.10456e-11
345.575 1.1233e-11 1.1233e-11
351.858 1.14135e-11 1.14135e-11
358.142 1.15868e-11 1.15868e-11
364.425 1.17527e-11 1.17527e-11
370.708 1.19113e-11 1.19113e-11
376.991 1.20624e-11 1.20624e-11
383.274 1.22059e-11 1.22059e-11
389.557 1.23417e-11 1.23417e-11
395.841 1.24699e-11 1.24699e-11
402.124 1.25904e-11 1.25904e-11
408.407 1.27032e-11 1.27032e-11
414.69 1.28082e-11 1.28082e-11
420.973 1.29056e-11 1.29056e-11
427.257 1.29953e-11 1.29953e-11
433.54 1.30774e-11 1.30774e-11
439.823 1.31519e-11 1.31519e-11
446.106 1.3219e-11 1.3219e-11
452.389 1.32787e-11 1.32787e-11
458.673 1.33311e-11 1.33311e-11
464.956 1.33763e-11 1.33763e-11
471.239 1.34145e-11 1.34145e-11
477.522 1.34458e-11 1.34458e-11
483.805 1.34702e-11 1.34702e-11
490.088 1.3488e-11 1.3488e-11
496.372 1.34993e-11 1.34993e-11
502.655 1.35042e-11 1.35042e-11
508.938 1.3503e-11 1.3503e-11
515.221 1.34957e-11 1.34957e-11
521.504 1.34827e-11 1.34827e-11
527.788 1.34639e-11 1.34639e-11
534.071 1.34397e-11 1.34397e-11
540.354 1.34101e-11 1.34101e-11
546.637 1.33754e-11 1.33754e-11
552.92 1.33359e-11 1.33359e-11
559.203 1.32915e-11 1.32915e-11
565.487 1.32426e-11 1.32426e-11
571.77 1.31894e-11 1.31894e-11
578.053 1.3132e-11 1.3132e-11
584.336 1.30706e-11 1.30706e-11
590.619 1.30053e-11 1.30053e-11
596.903 1.29365e-11 1.29365e-11
603.186 1.28643e-11 1.28643e-11
609.469 1.27887e-11 1.27887e-11
615.752 1.27102e-11 1.27102e-11
622.035 1.26287e-11 1.26287e-11
628.319 1.25445e-11 1.25445e-11
634.602 1.24578e-11 1.24578e-11
640.885 1.23687e-11 1.23687e-11
647.168 1.22773e-11 1.22773e-11
653.451 1.2184e-11 1.2184e-11
659.734 1.20887e-11 1.20887e-11
666.018 1.19916e-11 1.19916e-11
672.301 1.1893e-11 1.1893e-11
678.584 1.17929e-11 1.17929e-11
684.867 1.16915e-11 1.16915e-11
691.15 1.15889e-11 1.15889e-11
697.434 1.14852e-11 1.14852e-11
703.717 1.13806e-11 1.13806e-11
710 1.12753e-11 1.12753e-11
716.283 1.11692e-11 1.11692e-11
722.566 1.10625e-11 1.10625e-11
728.849 1.09554e-11 1.09554e-11
735.133 1.08479e-11 1.08479e-11
741.416 1.07402e-11 1.07402e-11
747.699 1.06322e-11 1.06322e-11
753.982 1.05242e-11 1.05242e-11
760.265 1.04162e-11 1.04162e-11
766.549 1.03083e-11 1.03083e-11
772.832 1.02006e-11 1.02006e-11
779.115 1.0093e-11 1.0093e-11
785.398 9.98582e-12 9.98582e-12
791.681 9.87898e-12 9.87898e-12
797.965 9.77258e-12 9.77258e-12
804.248 9.66666e-12 9.66666e-12
810.531 9.5613e-12 9.5613e-12
816.814 9.45653e-12 9.45653e-12
823.097 9.35241e-12 9.35241e-12
829.38 9.24898e-12 9.24898e-12
835.664 9.14629e-12 9.14629e-12
841.947 9.04437e-12 9.04437e-12
848.23 8.94325e-12 8.94325e-12
854.513 8.84298e-12 8.84298e-12
860.796 8.74357e-12 8.74357e-12
867.08 8.64507e-12 8.64507e-12
873.363 8.54748e-12 8.54748e-12
879.646 8.45085e-12 8.45085e-12
885.929 8.35518e-12 8.35518e-12
892.212 8.26049e-12 8.26049e-12
898.495 8.16681e-12 8.16681e-12
904.779 8.07414e-12 8.07414e-12
911.062 7.9825e-12 7.9825e-12
917.345 7.8919e-12 7.8919e-12
923.628 7.80235e-12 7.80235e-12
929.911 7.71385e-12 7.71385e-12
936.195 7.62641e-12 7.62641e-12
942.478 7.54003e-12 7.54003e-12
948.761 7.45473e-12 7.45473e-12
955.044 7.37049e-12 7.37049e-12
961.327 7.28732e-12 7.28732e-12
967.611 7.20522e-12 7.20522e-12
973.894 7.12419e-12 7.12419e-12
980.177 7.04422e-12 7.04422e-12
986.46 6.96532e-12 6.96532e-12
992.743 6.88747e-12 6.88747e-12
999.026 6.81067e-12 6.81067e-12
1005.31 6.73492e-12 6.73492e-12
1011.59 6.66021e-12 6.66021e-12
1017.88 6.58652e-12 6.58652e-12
1024.16 6.51387e-12 6.51387e-12
1030.44 6.44222e-12 6.44222e-12
1036.73 6.37159e-12 6.37159e-12
1043.01 6.30195e-12 6.30195e-12
1049.29 6.23329e-12 6.23329e-12
1055.58 6.16562e-12 6.16562e-12
1061.86 6.09891e-12 6.09891e-12
1068.14 6.03316e-12 6.03316e-12
1074.42 5.96835e-12 5.96835e-12
1080.71 5.90447e-12 5.90447e-12
1086.99 5.84152e-12 5.84152e-12
1093.27 5.77948e-12 5.77948e-12
1099.56 5.71834e-12 5.71834e-12
1105.84 5.65808e-12 5.65808e-12
1112.12 5.5987e-12 5.5987e-12
1118.41 5.54018e-12 5.54018e-12
1124.69 5.48252e-12 5.48252e-12
1130.97 5.42569e-12 5.42569e-12
1137.26 5.36969e-12 5.36969e-12
1143.54 5.3145e-12 5.3145e-12
1149.82 5.26012e-12 5.26012e-12
1156.11 5.20653e-12 5.20653e-12
1162.39 5.15371e-12 5.15371e-12
1168.67 5.10167e-12 5.10167e-12
1174.96 5.05038e-12 5.05038e-12
1181.24 4.99983e-12 4.99983e-12
1187.52 4.95001e-12 4.95001e-12
1193.81 4.90091e-12 4.90091e-12
1200.09 4.85252e-12 4.85252e-12
1206.37 4.80483e-12 4.80483e-12
1212.65 4.75782e-12 4.75782e-12
1218.94 4.71149e-12 4.71149e-12
1225.22 4.66582e-12 4.66582e-12
1231.5 4.6208e-12 4.6208e-12
1237.79 4.57642e-12 4.57642e-12
1244.07 4.53268e-12 4.53268e-12
1250.35 4.48955e-12 4.48955e-12
1256.64 4.44704e-12 4.44704e-12
1262.92 4.40512e-12 4.40512e-12
1269.2 4.36379e-12 4.36379e-12
1275.49 4.32305e-12 4.32305e-12
1281.77 4.28287e-12 4.28287e-12
1288.05 4.24325e-12 4.24325e-12
1294.34 4.20418e-12 4.20418e-12
1300.62 4.16566e-12 4.16566e-12
1306.9 4.12767e-12 4.12767e-12
1313.19 4.0902e-12 4.0902e-12
1319.47 4.05324e-12 4.05324e-12
1325.75 4.01679e-12 4.01679e-12
1332.04 3.98084e-12 3.98084e-12
1338.32 3.94538e-12 3.94538e-12
1344.6 3.91039e-12 3.91039e-12
1350.88 3.87588e-12 3.87588e-12
1357.17 3.84183e-12 3.84183e-12
1363.45 3.80824e-12 3.80824e-12
1369.73 3.7751e-12 3.7751e-12
1376.02 3.7424e-12 3.7424e-12
1382.3 3.71013e-12 3.71013e-12
1388.58 3.67829e-12 3.67829e-12
1394.87 3.64686e-12 3.64686e-12
1401.15 3.61585e-12 3.61585e-12
1407.43 3.58525e-12 3.58525e-12
1413.72 3.55504e-12 3.55504e-12
1420 3.52523e-12 3.52523e-12
1426.28 3.4958e-12 3.4958e-12
1432.57 3.46674e-12 3.46674e-12
1438.85 3.43807e-12 3.43807e-12
1445.13 3.40975e-12 3.40975e-12
1451.42 3.3818e-12 3.3818e-12
1457.7 3.35421e-12 3.35421e-12
1463.98 3.32696e-12 3.32696e-12
1470.27 3.30005e-12 3.30005e-12
1476.55 3.27348e-12 3.27348e-12
1482.83 3.24725e-12 3.24725e-12
1489.11 3.22134e-12 3.22134e-12
1495.4 3.19575e-12 3.19575e-12
1501.68 3.17048e-12 3.17048e-12
1507.96 3.14552e-12 3.14552e-12
1514.25 3.12086e-12 3.12086e-12
1520.53 3.09651e-12 3.09651e-12
1526.81 3.07245e-12 3.07245e-12
1533.1 3.04868e-12 3.04868e-12
1539.38 3.0252e-12 3.0252e-12
1545.66 3.00201e-12 3.00201e-12
1551.95 2.97909e-12 2.97909e-12
1558.23 2.95644e-12 2.95644e-12
1564.51 2.93407e-12 2.93407e-12
1570.8 2.91195e-12 2.91195e-12
1577.08 2.89011e-12 2.89011e-12
1583.36 2.86851e-12 2.86851e-12
1589.65 2.84717e-12 2.84717e-12
1595.93 2.82608e-12 2.82608e-12
1602.21 2.80524e-12 2.80524e-12
1608.5 2.78464e-12 2.78464e-12
1614.78 2.76427e-12 2.76427e-12
1621.06 2.74414e-12 2.74414e-12
1627.34 2.72424e-12 2.72424e-12
1633.63 2.70457e-12 2.70457e-12
1639.91 2.68512e-12 2.68512e-12
1646.19 2.66589e-12 2.66589e-12
1652.48 2.64688e-12 2.64688e-12
1658.76 2.62808e-12 2.62808e-12
1665.04 2.6095e-12 2.6095e-12
1671.33 2.59112e-12 2.59112e-12
1677.61 2.57294e-12 2.57294e-12
1683.89 2.55497e-12 2.55497e-12
1690.18 2.5372e-12 2.5372e-12
1696.46 2.51962e-12 2.51962e-12
1702.74 2.50224e-12 2.50224e-12
1709.03 2.48504e-12 2.48504e-12
1715.31 2.46804e-12 2.46804e-12
1721.59 2.45122e-12 2.45122e-12
1727.88 2.43458e-12 2.43458e-12
1734.16 2.41812e-12 2.41812e-12
1740.44 2.40183e-12 2.40183e-12
1746.73 2.38573e-12 2.38573e-12
1753.01 2.36979e-12 2.36979e-12
1759.29 2.35402e-12 2.35402e-12
1765.58 2.33843e-12 2.33843e-12
1771.86 2.32299e-12 2.32299e-12
1778.14 2.30772e-12 2.30772e-12
1784.42 2.29261e-12 2.29261e-12
1790.71 2.27765e-12 2.27765e-12
1796.99 2.26286e-12 2.26286e-12
1803.27 2.24821e-12 2.24821e-12
1809.56 2.23372e-12 2.23372e-12
1815.84 2.21938e-12 2.21938e-12
1822.12 2.20519e-12 2.20519e-12
1828.41 2.19114e-12 2.19114e-12
1834.69 2.17723e-12 2.17723e-12
1840.97 2.16347e-12 2.16347e-12
1847.26 2.14985e-12 2.14985e-12
1853.54 2.13636e-12 2.13636e-12
1859.82 2.12301e-12 2.12301e-12
1866.11 2.1098e-12 2.1098e-12
1872.39 2.09671e-12 2.09671e-12
1878.67 2.08376e-12 2.08376e-12
1884.96 2.07094e-12 2.07094e-12
1891.24 2.05824e-12 2.05824e-12
1897.52 2.04567e-12 2.04567e-12
1903.81 2.03323e-12 2.03323e-12
1910.09 2.0209e-12 2.0209e-12
1916.37 2.0087e-12 2.0087e-12
1922.65 1.99662e-12 1.99662e-12
1928.94 1.98465e-12 1.98465e-12
1935.22 1.9728e-12 1.9728e-12
1941.5 1.96107e-12 1.96107e-12
1947.79 1.94945e-12 1.94945e-12
1954.07 1.93794e-12 1.93794e-12
1960.35 1.92654e-12 1.92654e-12
1966.64 1.91525e-12 1.91525e-12
1972.92 1.90406e-12 1.90406e-12
1979.2 1.89299e-12 1.89299e-12
1985.49 1.88202e-12 1.88202e-12
1991.77 1.87115e-12 1.87115e-12
1998.05 1.86038e-12 1.86038e-12
2004.34 1.84972e-12 1.84972e-12
2010.62 1.83916e-12 1.83916e-12
2016.9 1.82869e-12 1.82869e-12
2023.19 1.81832e-12 1.81832e-12
2029.47 1.80805e-12 1.80805e-12
2035.75 1.79787e-12 1.79787e-12
2042.04 1.78779e-12 1.78779e-12
2048.32 1.7778e-12 1.7778e-12
2054.6 1.7679e-12 1.7679e-12
2060.88 1.75809e-12 1.75809e-12
2067.17 1.74837e-12 1.74837e-12
2073.45 1.73874e-12 1.73874e-12
2079.73 1.7292e-12 1.7292e-12
2086.02 1.71974e-12 1.71974e-12
2092.3 1.71037e-12 1.71037e-12
2098.58 1.70109e-12 1.70109e-12
2104.87 1.69188e-12 1.69188e-12
2111.15 1.68276e-12 1.68276e-12
2117.43 1.67372e-12 1.67372e-12
2123.72 1.66476e-12 1.66476e-12
2130 1.65588e-12 1.65588e-12
2136.28 1.64708e-12 1.64708e-12
2142.57 1.63835e-12 1.63835e-12
2148.85 1.6297e-12 1.6297e-12
2155.13 1.62113e-12 1.62113e-12
2161.42 1.61263e-12 1.61263e-12
2167.7 1.60421e-12 1.60421e-12
2173.98 1.59586e-12 1.59586e-12
2180.27 1.58758e-12 1.58758e-12
2186.55 1.57937e-12 1.57937e-12
2192.83 1.57124e-12 1.57124e-12
2199.11 1.56317e-12 1.56317e-12
2205.4 1.55518e-12 1.55518e-12
2211.68 1.54725e-12 1.54725e-12
2217.96 1.53939e-12 1.53939e-12
2224.25 1.53159e-12 1.53159e-12
2230.53 1.52387e-12 1.52387e-12
2236.81 1.5162e-12 1.5162e-12
2243.1 1.50861e-12 1.50861e-12
2249.38 1.50107e-12 1.50107e-12
2255.66 1.4936e-12 1.4936e-12
2261.95 1.48619e-12 1.48619e-12
2268.23 1.47885e-12 1.47885e-12
2274.51 1.47156e-12 1.47156e-12
2280.8 1.46434e-12 1.46434e-12
2287.08 1.45717e-12 1.45717e-12
2293.36 1.45007e-12 1.45007e-12
2299.65 1.44302e-12 1.44302e-12
2305.93 1.43603e-12 1.43603e-12
2312.21 1.4291e-12 1.4291e-12
2318.5 1.42222e-12 1.42222e-12
2324.78 1.4154e-12 1.4154e-12
2331.06 1.40864e-12 1.40864e-12
2337.34 1.40193e-12 1.40193e-12
2343.63 1.39528e-12 1.39528e-12
2349.91 1.38868e-12 1.38868e-12
2356.19 1.38213e-12 1.38213e-12
2362.48 1.37563e-12 1.37563e-12
2368.76 1.36919e-12 1.36919e-12
2375.04 1.3628e-12 1.3628e-12
2381.33 1.35646e-12 1.35646e-12
2387.61 1.35017e-12 1.35017e-12
2393.89 1.34393e-12 1.34393e-12
2400.18 1.33774e-12 1.33774e-12
2406.46 1.33159e-12 1.33159e-12
2412.74 1.3255e-12 1.3255e-12
2419.03 1.31945e-12 1.31945e-12
2425.31 1.31346e-12 1.31346e-12
2431.59 1.3075e-12 1.3075e-12
2437.88 1.3016e-12 1.3016e-12
2444.16 1.29574e-12 1.29574e-12
2450.44 1.28993e-12 1.28993e-12
2456.73 1.28416e-12 1.28416e-12
2463.01 1.27843e-12 1.27843e-12
2469.29 1.27275e-12 1.27275e-12
2475.58 1.26712e-12 1.26712e-12
2481.86 1.26152e-12 1.26152e-12
2488.14 1.25597e-12 1.25597e-12
2494.42 1.25046e-12 1.25046e-12
2500.71 1.245e-12 1.245e-12
2506.99 1.23957e-12 1.23957e-12
2513.27 1.23419e-12 1.23419e-12
2519.56 1.22885e-12 1.22885e-12
2525.84 1.22355e-12 1.22355e-12
2532.12 1.21828e-12 1.21828e-12
2538.41 1.21306e-12 1.21306e-12
2544.69 1.20788e-12 1.20788e-12
2550.97 1.20273e-12 1.20273e-12
2557.26 1.19762e-12 1.19762e-12
2563.54 1.19256e-12 1.19256e-12
2569.82 1.18752e-12 1.18752e-12
2576.11 1.18253e-12 1.18253e-12
2582.39 1.17757e-12 1.17757e-12
2588.67 1.17265e-12 1.17265e-12
2594.96 1.16777e-12 1.16777e-12
2601.24 1.16292e-12 1.16292e-12
2607.52 1.15811e-12 1.15811e-12
2613.81 1.15333e-12 1.15333e-12
2620.09 1.14859e-12 1.14859e-12
2626.37 1.14388e-12 1.14388e-12
2632.65 1.13921e-12 1.13921e-12
2638.94 1.13457e-12 1.13457e-12
2645.22 1.12996e-12 1.12996e-12
2651.5 1.12539e-12 1.12539e-12
2657.79 1.12085e-12 1.12085e-12
2664.07 1.11634e-12 1.11634e-12
2670.35 1.11186e-12 1.11186e-12
2676.64 1.10742e-12 1.10742e-12
2682.92 1.10301e-12 1.10301e-12
2689.2 1.09863e-12 1.09863e-12
2695.49 1.09428e-12 1.09428e-12
2701.77 1.08996e-12 1.08996e-12
2708.05 1.08567e-12 1.08567e-12
2714.34 1.08142e-12 1.08142e-12
2720.62 1.07719e-12 1.07719e-12
2726.9 1.07299e-12 1.07299e-12
2733.19 1.06882e-12 1.06882e-12
2739.47 1.06469e-12 1.06469e-12
2745.75 1.06058e-12 1.06058e-12
2752.04 1.05649e-12 1.05649e-12
2758.32 1.05244e-12 1.05244e-12
2764.6 1.04842e-12 1.04842e-12
2770.88 1.04442e-12 1.04442e-12
2777.17 1.04045e-12 1.04045e-12
2783.45 1.03651e-12 1.03651e-12
2789.73 1.03259e-12 1.03259e-12
2796.02 1.02871e-12 1.02871e-12
2802.3 1.02485e-12 1.02485e-12
2808.58 1.02101e-12 1.02101e-12
2814.87 1.0172e-12 1.0172e-12
2821.15 1.01342e-12 1.01342e-12
2827.43 1.00967e-12 1.00967e-12
2833.72 1.00594e-12 1.00594e-12
2840 1.00223e-12 1.00223e-12
2846.28 9.98549e-13 9.98549e-13
2852.57 9.94894e-13 9.94894e-13
2858.85 9.91263e-13 9.91263e-13
2865.13 9.87657e-13 9.87657e-13
2871.42 9.84075e-13 9.84075e-13
2877.7 9.80516e-13 9.80516e-13
2883.98 9.76982e-13 9.76982e-13
2890.27 9.73472e-13 9.73472e-13
2896.55 9.69984e-13 9.69984e-13
2902.83 9.6652e-13 9.6652e-13
2909.11 9.6308e-13 9.6308e-13
2915.4 9.59661e-13 9.59661e-13
2921.68 9.56266e-13 9.56266e-13
2927.96 9.52893e-13 9.52893e-13
2934.25 9.49542e-13 9.49542e-13
2940.53 9.46213e-13 9.46213e-13
2946.81 9.42907e-13 9.42907e-13
2953.1 9.39621e-13 9.39621e-13
2959.38 9.36358e-13 9.36358e-13
2965.66 9.33116e-13 9.33116e-13
2971.95 9.29894e-13 9.29894e-13
2978.23 9.26694e-13 9.26694e-13
2984.51 9.23515e-13 9.23515e-13
2990.8 9.20356e-13 9.20356e-13
2997.08 9.17218e-13 9.17218e-13
3003.36 9.141e-13 9.141e-13
3009.65 9.11002e-13 9.11002e-13
3015.93 9.07925e-13 9.07925e-13
3022.21 9.04867e-13 9.04867e-13
3028.5 9.01828e-13 9.01828e-13
3034.78 8.98809e-13 8.98809e-13
3041.06 8.9581e-13 8.9581e-13
3047.34 8.92829e-13 8.92829e-13
3053.63 8.89868e-13 8.89868e-13
3059.91 8.86925e-13 8.86925e-13
3066.19 8.84002e-13 8.84002e-13
3072.48 8.81096e-13 8.81096e-13
3078.76 8.7821e-13 8.7821e-13
3085.04 8.75341e-13 8.75341e-13
3091.33 8.7249e-13 8.7249e-13
3097.61 8.69658e-13 8.69658e-13
3103.89 8.66843e-13 8.66843e-13
3110.18 8.64046e-13 8.64046e-13
3116.46 8.61267e-13 8.61267e-13
3122.74 8.58505e-13 8.58505e-13
3129.03 8.5576e-13 8.5576e-13
3135.31 8.53032e-13 8.53032e-13
3141.59 8.50322e-13 8.50322e-13
3147.88 8.47628e-13 8.47628e-13
3154.16 8.44951e-13 8.44951e-13
3160.44 8.42291e-13 8.42291e-13
3166.73 8.39647e-13 8.39647e-13
3173.01 8.37019e-13 8.37019e-13
3179.29 8.34408e-13 8.34408e-13
3185.57 8.31812e-13 8.31812e-13
3191.86 8.29233e-13 8.29233e-13
3198.14 8.2667e-13 8.2667e-13
3204.42 8.24122e-13 8.24122e-13
3210.71 8.2159e-13 8.2159e-13
3216.99 8.19073e-13 8.19073e-13
3223.27 8.16572e-13 8.16572e-13
3229.56 8.14086e-13 8.14086e-13
3235.84 8.11615e-13 8.11615e-13
3242.12 8.09159e-13 8.09159e-13
3248.41 8.06718e-13 8.06718e-13
3254.69 8.04292e-13 8.04292e-13
3260.97 8.01881e-13 8.01881e-13
3267.26 7.99484e-13 7.99484e-13
3273.54 7.97101e-13 7.97101e-13
3279.82 7.94733e-13 7.94733e-13
3286.11 7.9238e-13 7.9238e-13
3292.39 7.9004e-13 7.9004e-13
3298.67 7.87714e-13 7.87714e-13
3304.96 7.85402e-13 7.85402e-13
3311.24 7.83105e-13 7.83105e-13
3317.52 7.8082e-13 7.8082e-13
3323.81 7.7855e-13 7.7855e-13
3330.09 7.76293e-13 7.76293e-13
3336.37 7.74049e-13 7.74049e-13
3342.65 7.71819e-13 7.71819e-13
3348.94 7.69602e-13 7.69602e-13
3355.22 7.67398e-13 7.67398e-13
3361.5 7.65207e-13 7.65207e-13
3367.79 7.6303e-13 7.6303e-13
3374.07 7.60864e-13 7.60864e-13
3380.35 7.58712e-13 7.58712e-13
3386.64 7.56573e-13 7.56573e-13
3392.92 7.54446e-13 7.54446e-13
3399.2 7.52331e-13 7.52331e-13
3405.49 7.50229e-13 7.50229e-13
3411.77 7.48139e-13 7.48139e-13
3418.05 7.46061e-13 7.46061e-13
3424.34 7.43996e-13 7.43996e-13
3430.62 7.41942e-13 7.41942e-13
3436.9 7.39901e-13 7.39901e-13
3443.19 7.37871e-13 7.37871e-13
3449.47 7.35853e-13 7.35853e-13
3455.75 7.33847e-13 7.33847e-13
3462.04 7.31853e-13 7.31853e-13
3468.32 7.2987e-13 7.2987e-13
3474.6 7.27898e-13 7.27898e-13
3480.88 7.25938e-13 7.25938e-13
3487.17 7.23989e-13 7.23989e-13
3493.45 7.22051e-13 7.22051e-13
3499.73 7.20125e-13 7.20125e-13
3506.02 7.1821e-13 7.1821e-13
3512.3 7.16305e-13 7.16305e-13
3518.58 7.14412e-13 7.14412e-13
3524.87 7.12529e-13 7.12529e-13
3531.15 7.10657e-13 7.10657e-13
3537.43 7.08796e-13 7.08796e-13
3543.72 7.06945e-13 7.06945e-13
3550 7.05105e-13 7.05105e-13
3556.28 7.03276e-13 7.03276e-13
3562.57 7.01456e-13 7.01456e-13
3568.85 6.99648e-13 6.99648e-13
3575.13 6.97849e-13 6.97849e-13
3581.42 6.96061e-13 6.96061e-13
3587.7 6.94282e-13 6.94282e-13
3593.98 6.92514e-13 6.92514e-13
3600.27 6.90756e-13 6.90756e-13
3606.55 6.89008e-13 6.89008e-13
3612.83 6.87269e-13 6.87269e-13
3619.11 6.8554e-13 6.8554e-13
3625.4 6.83821e-13 6.83821e-13
3631.68 6.82112e-13 6.82112e-13
3637.96 6.80412e-13 6.80412e-13
3644.25 6.78722e-13 6.78722e-13
3650.53 6.77041e-13 6.77041e-13
3656.81 6.7537e-13 6.7537e-13
3663.1 6.73708e-13 6.73708e-13
3669.38 6.72055e-13 6.72055e-13
3675.66 6.70412e-13 6.70412e-13
3681.95 6.68778e-13 6.68778e-13
3688.23 6.67152e-13 6.67152e-13
3694.51 6.65536e-13 6.65536e-13
3700.8 6.63929e-13 6.63929e-13
3707.08 6.62331e-13 6.62331e-13
3713.36 6.60741e-13 6.60741e-13
3719.65 6.59161e-13 6.59161e-13
3725.93 6.57589e-13 6.57589e-13
3732.21 6.56026e-13 6.56026e-13
3738.5 6.54471e-13 6.54471e-13
3744.78 6.52925e-13 6.52925e-13
3751.06 6.51388e-13 6.51388e-13
3757.34 6.49859e-13 6.49859e-13
3763.63 6.48338e-13 6.48338e-13
3769.91 6.46826e-13 6.46826e-13
3776.19 6.45322e-13 6.45322e-13
3782.48 6.43827e-13 6.43827e-13
3788.76 6.42339e-13 6.42339e-13
3795.04 6.4086e-13 6.4086e-13
3801.33 6.39389e-13 6.39389e-13
3807.61 6.37926e-13 6.37926e-13
3813.89 6.36471e-13 6.36471e-13
3820.18 6.35024e-13 6.35024e-13
3826.46 6.33584e-13 6.33584e-13
3832.74 6.32153e-13 6.32153e-13
3839.03 6.30729e-13 6.30729e-13
3845.31 6.29314e-13 6.29314e-13
3851.59 6.27905e-13 6.27905e-13
3857.88 6.26505e-13 6.26505e-13
3864.16 6.25112e-13 6.25112e-13
3870.44 6.23727e-13 6.23727e-13
3876.73 6.22349e-13 6.22349e-13
3883.01 6.20979e-13 6.20979e-13
3889.29 6.19616e-13 6.19616e-13
3895.57 6.18261e-13 6.18261e-13
3901.86 6.16912e-13 6.16912e-13
3908.14 6.15572e-13 6.15572e-13
3914.42 6.14238e-13 6.14238e-13
3920.71 6.12912e-13 6.12912e-13
3926.99 6.11592e-13 6.11592e-13
3933.27 6.1028e-13 6.1028e-13
3939.56 6.08975e-13 6.08975e-13
3945.84 6.07677e-13 6.07677e-13
3952.12 6.06386e-13 6.06386e-13
3958.41 6.05102e-13 6.05102e-13
3964.69 6.03825e-13 6.03825e-13
3970.97 6.02555e-13 6.02555e-13
3977.26 6.01291e-13 6.01291e-13
3983.54 6.00035e-13 6.00035e-13
3989.82 5.98785e-13 5.98785e-13
3996.11 5.97542e-13 5.97542e-13
4002.39 5.96305e-13 5.96305e-13
4008.67 5.95075e-13 5.95075e-13
4014.96 5.93852e-13 5.93852e-13
4021.24 5.92635e-13 5.92635e-13
4027.52 5.91425e-13 5.91425e-13
4033.8 5.90221e-13 5.90221e-13
4040.09 5.89024e-13 5.89024e-13
4046.37 5.87833e-13 5.87833e-13
4052.65 5.86648e-13 5.86648e-13
4058.94 5.8547e-13 5.8547e-13
4065.22 5.84298e-13 5.84298e-13
4071.5 5.83132e-13 5.83132e-13
4077.79 5.81973e-13 5.81973e-13
4084.07 5.80819e-13 5.80819e-13
4090.35 5.79672e-13 5.79672e-13
4096.64 5.78531e-13 5.78531e-13
4102.92 5.77396e-13 5.77396e-13
4109.2 5.76267e-13 5.76267e-13
4115.49 5.75144e-13 5.75144e-13
4121.77 5.74027e-13 5.74027e-13
4128.05 5.72916e-13 5.72916e-13
4134.34 5.71811e-13 5.71811e-13
4140.62 5.70712e-13 5.70712e-13
4146.9 5.69618e-13 5.69618e-13
4153.19 5.68531e-13 5.68531e-13
4159.47 5.67449e-13 5.67449e-13
4165.75 5.66373e-13 5.66373e-13
4172.04 5.65303e-13 5.65303e-13
4178.32 5.64238e-13 5.64238e-13
4184.6 5.63179e-13 5.63179e-13
4190.88 5.62125e-13 5.62125e-13
4197.17 5.61078e-13 5.61078e-13
4203.45 5.60035e-13 5.60035e-13
4209.73 5.58998e-13 5.58998e-13
4216.02 5.57967e-13 5.57967e-13
4222.3 5.56941e-13 5.56941e-13
4228.58 5.55921e-13 5.55921e-13
4234.87 5.54906e-13 5.54906e-13
4241.15 5.53897e-13 5.53897e-13
4247.43 5.52892e-13 5.52892e-13
4253.72 5.51893e-13 5.51893e-13
4260 5.509e-13 5.509e-13
4266.28 5.49911e-13 5.49911e-13
4272.57 5.48928e-13 5.48928e-13
4278.85 5.4795e-13 5.4795e-13
4285.13 5.46978e-13 5.46978e-13
4291.42 5.4601e-13 5.4601e-13
4297.7 5.45048e-13 5.45048e-13
4303.98 5.4409e-13 5.4409e-13
4310.27 5.43138e-13 5.43138e-13
4316.55 5.42191e-13 5.42191e-13
4322.83 5.41249e-13 5.41249e-13
4329.11 5.40311e-13 5.40311e-13
4335.4 5.39379e-13 5.39379e-13
4341.68 5.38452e-13 5.38452e-13
4347.96 5.37529e-13 5.37529e-13
4354.25 5.36612e-13 5.36612e-13
4360.53 5.35699e-13 5.35699e-13
4366.81 5.34791e-13 5.34791e-13
4373.1 5.33888e-13 5.33888e-13
4379.38 5.3299e-13 5.3299e-13
4385.66 5.32097e-13 5.32097e-13
4391.95 5.31208e-13 5.31208e-13
4398.23 5.30324e-13 5.30324e-13
4404.51 5.29445e-13 5.29445e-13
4410.8 5.2857e-13 5.2857e-13
4417.08 5.277e-13 5.277e-13
4423.36 5.26835e-13 5.26835e-13
4429.65 5.25974e-13 5.25974e-13
4435.93 5.25118e-13 5.25118e-13
4442.21 5.24266e-13 5.24266e-13
4448.5 5.23419e-13 5.23419e-13
4454.78 5.22576e-13 5.22576e-13
4461.06 5.21738e-13 5.21738e-13
4467.34 5.20904e-13 5.20904e-13
4473.63 5.20075e-13 5.20075e-13
4479.91 5.1925e-13 5.1925e-13
4486.19 5.1843e-13 5.1843e-13
4492.48 5.17614e-13 5.17614e-13
4498.76 5.16802e-13 5.16802e-13
4505.04 5.15995e-13 5.15995e-13
4511.33 5.15192e-13 5.15192e-13
4517.61 5.14393e-13 5.14393e-13
4523.89 5.13598e-13 5.13598e-13
4530.18 5.12808e-13 5.12808e-13
4536.46 5.12022e-13 5.12022e-13
4542.74 5.1124e-13 5.1124e-13
4549.03 5.10463e-13 5.10463e-13
4555.31 5.09689e-13 5.09689e-13
4561.59 5.0892e-13 5.0892e-13
4567.88 5.08155e-13 5.08155e-13
4574.16 5.07393e-13 5.07393e-13
4580.44 5.06636e-13 5.06636e-13
4586.73 5.05884e-13 5.05884e-13
4593.01 5.05135e-13 5.05135e-13
4599.29 5.0439e-13 5.0439e-13
4605.57 5.03649e-13 5.03649e-13
4611.86 5.02912e-13 5.02912e-13
4618.14 5.02179e-13 5.02179e-13
4624.42 5.0145e-13 5.0145e-13
4630.71 5.00725e-13 5.00725e-13
4636.99 5.00004e-13 5.00004e-13
4643.27 4.99287e-13 4.99287e-13
4649.56 4.98574e-13 4.98574e-13
4655.84 4.97864e-13 4.97864e-13
4662.12 4.97159e-13 4.97159e-13
4668.41 4.96457e-13 4.96457e-13
4674.69 4.95759e-13 4.95759e-13
4680.97 4.95065e-13 4.95065e-13
4687.26 4.94375e-13 4.94375e-13
4693.54 4.93688e-13 4.93688e-13
4699.82 4.93005e-13 4.93005e-13
4706.11 4.92326e-13 4.92326e-13
4712.39 4.91651e-13 4.91651e-13
4718.67 4.90979e-13 4.90979e-13
4724.96 4.90311e-13 4.90311e-13
4731.24 4.89647e-13 4.89647e-13
4737.52 4.88986e-13 4.88986e-13
4743.8 4.88329e-13 4.88329e-13
4750.09 4.87676e-13 4.87676e-13
4756.37 4.87026e-13 4.87026e-13
4762.65 4.86379e-13 4.86379e-13
4768.94 4.85737e-13 4.85737e-13
4775.22 4.85098e-13 4.85098e-13
4781.5 4.84462e-13 4.84462e-13
4787.79 4.8383e-13 4.8383e-13
4794.07 4.83201e-13 4.83201e-13
4800.35 4.82576e-13 4.82576e-13
4806.64 4.81955e-13 4.81955e-13
4812.92 4.81336e-13 4.81336e-13
4819.2 4.80722e-13 4.80722e-13
4825.49 4.8011e-13 4.8011e-13
4831.77 4.79502e-13 4.79502e-13
4838.05 4.78898e-13 4.78898e-13
4844.34 4.78297e-13 4.78297e-13
4850.62 4.77699e-13 4.77699e-13
4856.9 4.77105e-13 4.77105e-13
4863.19 4.76514e-13 4.76514e-13
4869.47 4.75926e-13 4.75926e-13
4875.75 4.75342e-13 4.75342e-13
4882.03 4.74761e-13 4.74761e-13
4888.32 4.74183e-13 4.74183e-13
4894.6 4.73609e-13 4.73609e-13
4900.88 4.73038e-13 4.73038e-13
4907.17 4.7247e-13 4.7247e-13
4913.45 4.71905e-13 4.71905e-13
4919.73 4.71343e-13 4.71343e-13
4926.02 4.70785e-13 4.70785e-13
4932.3 4.7023e-13 4.7023e-13
4938.58 4.69678e-13 4.69678e-13
4944.87 4.69129e-13 4.69129e-13
4951.15 4.68584e-13 4.68584e-13
4957.43 4.68042e-13 4.68042e-13
4963.72 4.67502e-13 4.67502e-13
4970 4.66966e-13 4.66966e-13
4976.28 4.66433e-13 4.66433e-13
4982.57 4.65903e-13 4.65903e-13
4988.85 4.65376e-13 4.65376e-13
4995.13 4.64853e-13 4.64853e-13
5001.42 4.64332e-13 4.64332e-13
5007.7 4.63814e-13 4.63814e-13
5013.98 4.633e-13 4.633e-13
5020.27 4.62788e-13 4.62788e-13
5026.55 4.6228e-13 4.6228e-13
5032.83 4.61774e-13 4.61774e-13
5039.11 4.61272e-13 4.61272e-13
5045.4 4.60772e-13 4.60772e-13
5051.68 4.60276e-13 4.60276e-13
5057.96 4.59782e-13 4.59782e-13
5064.25 4.59291e-13 4.59291e-13
5070.53 4.58804e-13 4.58804e-13
5076.81 4.58319e-13 4.58319e-13
5083.1 4.57837e-13 4.57837e-13
5089.38 4.57358e-13 4.57358e-13
5095.66 4.56882e-13 4.56882e-13
5101.95 4.56409e-13 4.56409e-13
5108.23 4.55939e-13 4.55939e-13
5114.51 4.55471e-13 4.55471e-13
5120.8 4.55007e-13 4.55007e-13
5127.08 4.54545e-13 4.54545e-13
5133.36 4.54086e-13 4.54086e-13
5139.65 4.5363e-13 4.5363e-13
5145.93 4.53177e-13 4.53177e-13
5152.21 4.52726e-13 4.52726e-13
5158.5 4.52279e-13 4.52279e-13
5164.78 4.51834e-13 4.51834e-13
5171.06 4.51392e-13 4.51392e-13
5177.34 4.50952e-13 4.50952e-13
5183.63 4.50516e-13 4.50516e-13
5189.91 4.50082e-13 4.50082e-13
5196.19 4.49651e-13 4.49651e-13
5202.48 4.49223e-13 4.49223e-13
5208.76 4.48797e-13 4.48797e-13
5215.04 4.48374e-13 4.48374e-13
5221.33 4.47954e-13 4.47954e-13
5227.61 4.47536e-13 4.47536e-13
5233.89 4.47122e-13 4.47122e-13
5240.18 4.46709e-13 4.46709e-13
5246.46 4.463e-13 4.463e-13
5252.74 4.45893e-13 4.45893e-13
5259.03 4.45489e-13 4.45489e-13
5265.31 4.45088e-13 4.45088e-13
5271.59 4.44689e-13 4.44689e-13
5277.88 4.44292e-13 4.44292e-13
5284.16 4.43899e-13 4.43899e-13
5290.44 4.43508e-13 4.43508e-13
5296.73 4.43119e-13 4.43119e-13
5303.01 4.42733e-13 4.42733e-13
5309.29 4.4235e-13 4.4235e-13
5315.57 4.41969e-13 4.41969e-13
5321.86 4.41591e-13 4.41591e-13
5328.14 4.41216e-13 4.41216e-13
5334.42 4.40843e-13 4.40843e-13
5340.71 4.40472e-13 4.40472e-13
5346.99 4.40104e-13 4.40104e-13
5353.27 4.39739e-13 4.39739e-13
5359.56 4.39376e-13 4.39376e-13
5365.84 4.39016e-13 4.39016e-13
5372.12 4.38658e-13 4.38658e-13
5378.41 4.38302e-13 4.38302e-13
5384.69 4.37949e-13 4.37949e-13
5390.97 4.37599e-13 4.37599e-13
5397.26 4.37251e-13 4.37251e-13
5403.54 4.36906e-13 4.36906e-13
5409.82 4.36563e-13 4.36563e-13
5416.11 4.36222e-13 4.36222e-13
5422.39 4.35884e-13 4.35884e-13
5428.67 4.35548e-13 4.35548e-13
5434.96 4.35215e-13 4.35215e-13
5441.24 4.34884e-13 4.34884e-13
5447.52 4.34556e-13 4.34556e-13
5453.8 4.3423e-13 4.3423e-13
5460.09 4.33906e-13 4.33906e-13
5466.37 4.33585e-13 4.33585e-13
5472.65 4.33266e-13 4.33266e-13
5478.94 4.3295e-13 4.3295e-13
5485.22 4.32636e-13 4.32636e-13
5491.5 4.32324e-13 4.32324e-13
5497.79 4.32015e-13 4.32015e-13
5504.07 4.31708e-13 4.31708e-13
5510.35 4.31404e-13 4.31404e-13
5516.64 4.31102e-13 4.31102e-13
5522.92 4.30802e-13 4.30802e-13
5529.2 4.30504e-13 4.30504e-13
5535.49 4.30209e-13 4.30209e-13
5541.77 4.29916e-13 4.29916e-13
5548.05 4.29626e-13 4.29626e-13
5554.34 4.29337e-13 4.29337e-13
5560.62 4.29051e-13 4.29051e-13
5566.9 4.28768e-13 4.28768e-13
5573.19 4.28486e-13 4.28486e-13
5579.47 4.28207e-13 4.28207e-13
5585.75 4.27931e-13 4.27931e-13
5592.03 4.27656e-13 4.27656e-13
5598.32 4.27384e-13 4.27384e-13
5604.6 4.27114e-13 4.27114e-13
5610.88 4.26846e-13 4.26846e-13
5617.17 4.26581e-13 4.26581e-13
5623.45 4.26318e-13 4.26318e-13
5629.73 4.26057e-13 4.26057e-13
5636.02 4.25798e-13 4.25798e-13
5642.3 4.25542e-13 4.25542e-13
5648.58 4.25288e-13 4.25288e-13
5654.87 4.25036e-13 4.25036e-13
5661.15 4.24786e-13 4.24786e-13
5667.43 4.24538e-13 4.24538e-13
5673.72 4.24293e-13 4.24293e-13
5680 4.2405e-13 4.2405e-13
5686.28 4.23809e-13 4.23809e-13
5692.57 4.2357e-13 4.2357e-13
5698.85 4.23334e-13 4.23334e-13
5705.13 4.23099e-13 4.23099e-13
5711.42 4.22867e-13 4.22867e-13
5717.7 4.22637e-13 4.22637e-13
5723.98 4.22409e-13 4.22409e-13
5730.27 4.22184e-13 4.22184e-13
5736.55 4.2196e-13 4.2196e-13
5742.83 4.21739e-13 4.21739e-13
5749.11 4.2152e-13 4.2152e-13
5755.4 4.21303e-13 4.21303e-13
5761.68 4.21088e-13 4.21088e-13
5767.96 4.20875e-13 4.20875e-13
5774.25 4.20664e-13 4.20664e-13
5780.53 4.20456e-13 4.20456e-13
5786.81 4.2025e-13 4.2025e-13
5793.1 4.20045e-13 4.20045e-13
5799.38 4.19843e-13 4.19843e-13
5805.66 4.19643e-13 4.19643e-13
5811.95 4.19445e-13 4.19445e-13
5818.23 4.1925e-13 4.1925e-13
5824.51 4.19056e-13 4.19056e-13
5830.8 4.18865e-13 4.18865e-13
5837.08 4.18675e-13 4.18675e-13
5843.36 4.18488e-13 4.18488e-13
5849.65 4.18303e-13 4.18303e-13
5855.93 4.18119e-13 4.18119e-13
5862.21 4.17938e-13 4.17938e-13
5868.5 4.17759e-13 4.17759e-13
5874.78 4.17583e-13 4.17583e-13
5881.06 4.17408e-13 4.17408e-13
5887.34 4.17235e-13 4.17235e-13
5893.63 4.17064e-13 4.17064e-13
5899.91 4.16896e-13 4.16896e-13
5906.19 4.16729e-13 4.16729e-13
5912.48 4.16565e-13 4.16565e-13
5918.76 4.16402e-13 4.16402e-13
5925.04 4.16242e-13 4.16242e-13
5931.33 4.16083e-13 4.16083e-13
5937.61 4.15927e-13 4.15927e-13
5943.89 4.15773e-13 4.15773e-13
5950.18 4.15621e-13 4.15621e-13
5956.46 4.1547e-13 4.1547e-13
5962.74 4.15322e-13 4.15322e-13
5969.03 4.15176e-13 4.15176e-13
5975.31 4.15032e-13 4.15032e-13
5981.59 4.1489e-13 4.1489e-13
5987.88 4.1475e-13 4.1475e-13
5994.16 4.14612e-13 4.14612e-13
6000.44 4.14476e-13 4.14476e-13
6006.73 4.14342e-13 4.14342e-13
6013.01 4.1421e-13 4.1421e-13
6019.29 4.1408e-13 4.1408e-13
6025.57 4.13952e-13 4.13952e-13
6031.86 4.13826e-13 4.13826e-13
6038.14 4.13702e-13 4.13702e-13
6044.42 4.1358e-13 4.1358e-13
6050.71 4.1346e-13 4.1346e-13
6056.99 4.13342e-13 4.13342e-13
6063.27 4.13226e-13 4.13226e-13
6069.56 4.13112e-13 4.13112e-13
6075.84 4.13e-13 4.13e-13
6082.12 4.1289e-13 4.1289e-13
6088.41 4.12782e-13 4.12782e-13
6094.69 4.12676e-13 4.12676e-13
6100.97 4.12572e-13 4.12572e-13
6107.26 4.1247e-13 4.1247e-13
6113.54 4.1237e-13 4.1237e-13
6119.82 4.12272e-13 4.12272e-13
6126.11 4.12176e-13 4.12176e-13
6132.39 4.12082e-13 4.12082e-13
6138.67 4.1199e-13 4.1199e-13
6144.96 4.11899e-13 4.11899e-13
6151.24 4.11811e-13 4.11811e-13
6157.52 4.11725e-13 4.11725e-13
6163.8 4.1164e-13 4.1164e-13
6170.09 4.11558e-13 4.11558e-13
6176.37 4.11478e-13 4.11478e-13
6182.65 4.11399e-13 4.11399e-13
6188.94 4.11323e-13 4.11323e-13
6195.22 4.11248e-13 4.11248e-13
6201.5 4.11175e-13 4.11175e-13
6207.79 4.11105e-13 4.11105e-13
6214.07 4.11036e-13 4.11036e-13
6220.35 4.10969e-13 4.10969e-13
6226.64 4.10905e-13 4.10905e-13
6232.92 4.10842e-13 4.10842e-13
6239.2 4.10781e-13 4.10781e-13
6245.49 4.10722e-13 4.10722e-13
6251.77 4.10665e-13 4.10665e-13
6258.05 4.1061e-13 4.1061e-13
6264.34 4.10557e-13 4.10557e-13
6270.62 4.10505e-13 4.10505e-13
6276.9 4.10456e-13 4.10456e-13
6283.19 4.10409e-13 4.10409e-13
6289.47 4.10364e-13 4.10364e-13
6295.75 4.1032e-13 4.1032e-13
6302.03 4.10279e-13 4.10279e-13
6308.32 4.10239e-13 4.10239e-13
6314.6 4.10201e-13 4.10201e-13
6320.88 4.10166e-13 4.10166e-13
6327.17 4.10132e-13 4.10132e-13
6333.45 4.101e-13 4.101e-13
6339.73 4.1007e-13 4.1007e-13
6346.02 4.10042e-13 4.10042e-13
6352.3 4.10016e-13 4.10016e-13
6358.58 4.09992e-13 4.09992e-13
6364.87 4.0997e-13 4.0997e-13
6371.15 4.0995e-13 4.0995e-13
6377.43 4.09931e-13 4.09931e-13
6383.72 4.09915e-13 4.09915e-13
6390 4.09901e-13 4.09901e-13
6396.28 4.09888e-13 4.09888e-13
6402.57 4.09877e-13 4.09877e-13
6408.85 4.09869e-13 4.09869e-13
6415.13 4.09862e-13 4.09862e-13
6421.42 4.09857e-13 4.09857e-13
6427.7 4.09854e-13 4.09854e-13
6433.98 4.09853e-13 4.09853e-13
