0 4.45177e-14 4.45177e-14
6.28319 0.0776842 0.0776842
12.5664 0.0185684 0.0185684
18.8496 0.0081459 0.0081459
25.1327 0.00455447 0.00455447
31.4159 0.00290785 0.00290785
37.6991 0.00201407 0.00201407
43.9823 0.0014794 0.0014794
50.2655 0.00113024 0.00113024
56.5487 0.000893617 0.000893617
62.8319 0.000722222 0.000722222
69.115 0.000597539 0.000597539
75.3982 0.000500909 0.000500909
81.6814 0.000427377 0.000427377
87.9646 0.000367585 0.000367585
94.2478 0.000320661 0.000320661
100.531 0.000281104 0.000281104
106.814 0.000249361 0.000249361
113.097 0.000221835 0.000221835
119.381 0.000199377 0.000199377
125.664 0.000179451 0.000179451
131.947 0.000162988 0.000162988
138.23 0.000148097 0.000148097
144.513 0.000135676 0.000135676
150.796 0.000124254 0.000124254
157.08 0.000114655 0.000114655
163.363 0.0001057 0.0001057
169.646 9.8132e-05 9.8132e-05
175.929 9.0979e-05 9.0979e-05
182.212 8.49091e-05 8.49091e-05
188.496 7.91042e-05 7.91042e-05
194.779 7.41628e-05 7.41628e-05
201.062 6.93864e-05 6.93864e-05
207.345 6.53112e-05 6.53112e-05
213.628 6.13331e-05 6.13331e-05
219.911 5.79338e-05 5.79338e-05
226.195 5.45849e-05 5.45849e-05
232.478 5.17206e-05 5.17206e-05
238.761 4.88744e-05 4.88744e-05
245.044 4.64391e-05 4.64391e-05
251.327 4.39994e-05 4.39994e-05
257.611 4.19118e-05 4.19118e-05
263.894 3.98044e-05 3.98044e-05
270.177 3.80019e-05 3.80019e-05
276.46 3.61688e-05 3.61688e-05
282.743 3.4602e-05 3.4602e-05
289.027 3.29974e-05 3.29974e-05
295.31 3.16272e-05 3.16272e-05
301.593 3.02145e-05 3.02145e-05
307.876 2.90095e-05 2.90095e-05
314.159 2.77592e-05 2.77592e-05
320.442 2.66941e-05 2.66941e-05
326.726 2.5582e-05 2.5582e-05
333.009 2.46362e-05 2.46362e-05
339.292 2.36426e-05 2.36426e-05
345.575 2.2799e-05 2.2799e-05
351.858 2.19076e-05 2.19076e-05
358.142 2.11521e-05 2.11521e-05
364.425 2.03493e-05 2.03493e-05
370.708 1.96702e-05 1.96702e-05
376.991 1.89445e-05 1.89445e-05
383.274 1.8332e-05 1.8332e-05
389.557 1.76739e-05 1.76739e-05
395.841 1.71196e-05 1.71196e-05
402.124 1.65208e-05 1.65208e-05
408.407 1.60176e-05 1.60176e-05
414.69 1.54713e-05 1.54713e-05
420.973 1.50132e-05 1.50132e-05
427.257 1.45133e-05 1.45133e-05
433.54 1.40952e-05 1.40952e-05
439.823 1.36366e-05 1.36366e-05
446.106 1.3254e-05 1.3254e-05
452.389 1.28323e-05 1.28323e-05
458.673 1.24813e-05 1.24813e-05
464.956 1.20926e-05 1.20926e-05
471.239 1.17699e-05 1.17699e-05
477.522 1.14109e-05 1.14109e-05
483.805 1.11135e-05 1.11135e-05
490.088 1.07812e-05 1.07812e-05
496.372 1.05067e-05 1.05067e-05
502.655 1.01985e-05 1.01985e-05
508.938 9.94458e-06 9.94458e-06
515.221 9.65819e-06 9.65819e-06
521.504 9.42291e-06 9.42291e-06
527.788 9.15634e-06 9.15634e-06
534.071 8.93794e-06 8.93794e-06
540.354 8.6894e-06 8.6894e-06
546.637 8.48633e-06 8.48633e-06
552.92 8.25424e-06 8.25424e-06
559.203 8.06513e-06 8.06513e-06
565.487 7.84806e-06 7.84806e-06
571.77 7.67169e-06 7.67169e-06
578.053 7.46839e-06 7.46839e-06
584.336 7.30366e-06 7.30366e-06
590.619 7.11299e-06 7.11299e-06
596.903 6.95892e-06 6.95892e-06
603.186 6.77987e-06 6.77987e-06
609.469 6.63558e-06 6.63558e-06
615.752 6.46722e-06 6.46722e-06
622.035 6.33193e-06 6.33193e-06
628.319 6.17343e-06 6.17343e-06
634.602 6.04643e-06 6.04643e-06
640.885 5.89704e-06 5.89704e-06
647.168 5.77768e-06 5.77768e-06
653.451 5.63673e-06 5.63673e-06
659.734 5.52442e-06 5.52442e-06
666.018 5.39129e-06 5.39129e-06
672.301 5.28551e-06 5.28551e-06
678.584 5.15964e-06 5.15964e-06
684.867 5.05991e-06 5.05991e-06
691.15 4.94078e-06 4.94078e-06
697.434 4.84667e-06 4.84667e-06
703.717 4.73382e-06 4.73382e-06
710 4.64492e-06 4.64492e-06
716.283 4.53793e-06 4.53793e-06
722.566 4.45388e-06 4.45388e-06
728.849 4.35235e-06 4.35235e-06
735.133 4.27281e-06 4.27281e-06
741.416 4.17638e-06 4.17638e-06
747.699 4.10106e-06 4.10106e-06
753.982 4.00941e-06 4.00941e-06
760.265 3.93802e-06 3.93802e-06
766.549 3.85084e-06 3.85084e-06
772.832 3.78312e-06 3.78312e-06
779.115 3.70013e-06 3.70013e-06
785.398 3.63586e-06 3.63586e-06
791.681 3.5568e-06 3.5568e-06
797.965 3.49575e-06 3.49575e-06
804.248 3.42038e-06 3.42038e-06
810.531 3.36235e-06 3.36235e-06
816.814 3.29046e-06 3.29046e-06
823.097 3.23526e-06 3.23526e-06
829.38 3.16665e-06 3.16665e-06
835.664 3.11411e-06 3.11411e-06
841.947 3.04858e-06 3.04858e-06
848.23 2.99854e-06 2.99854e-06
854.513 2.93592e-06 2.93592e-06
860.796 2.88824e-06 2.88824e-06
867.08 2.82836e-06 2.82836e-06
873.363 2.78289e-06 2.78289e-06
879.646 2.7256e-06 2.7256e-06
885.929 2.68223e-06 2.68223e-06
892.212 2.62739e-06 2.62739e-06
898.495 2.586e-06 2.586e-06
904.779 2.53347e-06 2.53347e-06
911.062 2.49394e-06 2.49394e-06
917.345 2.44361e-06 2.44361e-06
923.628 2.40584e-06 2.40584e-06
929.911 2.35759e-06 2.35759e-06
936.195 2.32148e-06 2.32148e-06
942.478 2.2752e-06 2.2752e-06
948.761 2.24067e-06 2.24067e-06
955.044 2.19626e-06 2.19626e-06
961.327 2.16322e-06 2.16322e-06
967.611 2.12059e-06 2.12059e-06
973.894 2.08896e-06 2.08896e-06
980.177 2.04802e-06 2.04802e-06
986.46 2.01773e-06 2.01773e-06
992.743 1.9784e-06 1.9784e-06
999.026 1.94938e-06 1.94938e-06
1005.31 1.91158e-06 1.91158e-06
1011.59 1.88376e-06 1.88376e-06
1017.88 1.84741e-06 1.84741e-06
1024.16 1.82075e-06 1.82075e-06
1030.44 1.78578e-06 1.78578e-06
1036.73 1.7602e-06 1.7602e-06
1043.01 1.72656e-06 1.72656e-06
1049.29 1.70202e-06 1.70202e-06
1055.58 1.66964e-06 1.66964e-06
1061.86 1.64608e-06 1.64608e-06
1068.14 1.6149e-06 1.6149e-06
1074.42 1.59228e-06 1.59228e-06
1080.71 1.56225e-06 1.56225e-06
1086.99 1.54052e-06 1.54052e-06
1093.27 1.51158e-06 1.51158e-06
1099.56 1.49071e-06 1.49071e-06
1105.84 1.46282e-06 1.46282e-06
1112.12 1.44276e-06 1.44276e-06
1118.41 1.41587e-06 1.41587e-06
1124.69 1.39659e-06 1.39659e-06
1130.97 1.37065e-06 1.37065e-06
1137.26 1.35211e-06 1.35211e-06
1143.54 1.32709e-06 1.32709e-06
1149.82 1.30926e-06 1.30926e-06
1156.11 1.28512e-06 1.28512e-06
1162.39 1.26796e-06 1.26796e-06
1168.67 1.24466e-06 1.24466e-06
1174.96 1.22814e-06 1.22814e-06
1181.24 1.20565e-06 1.20565e-06
1187.52 1.18975e-06 1.18975e-06
1193.81 1.16803e-06 1.16803e-06
1200.09 1.15272e-06 1.15272e-06
1206.37 1.13173e-06 1.13173e-06
1212.65 1.11699e-06 1.11699e-06
1218.94 1.09672e-06 1.09672e-06
1225.22 1.08252e-06 1.08252e-06
1231.5 1.06292e-06 1.06292e-06
1237.79 1.04924e-06 1.04924e-06
1244.07 1.0303e-06 1.0303e-06
1250.35 1.01711e-06 1.01711e-06
1256.64 9.98801e-07 9.98801e-07
1262.92 9.86089e-07 9.86089e-07
1269.2 9.68382e-07 9.68382e-07
1275.49 9.56125e-07 9.56125e-07
1281.77 9.38999e-07 9.38999e-07
1288.05 9.27179e-07 9.27179e-07
1294.34 9.1061e-07 9.1061e-07
1300.62 8.9921e-07 8.9921e-07
1306.9 8.83177e-07 8.83177e-07
1313.19 8.7218e-07 8.7218e-07
1319.47 8.56663e-07 8.56663e-07
1325.75 8.46052e-07 8.46052e-07
1332.04 8.31032e-07 8.31032e-07
1338.32 8.20792e-07 8.20792e-07
1344.6 8.0625e-07 8.0625e-07
1350.88 7.96366e-07 7.96366e-07
1357.17 7.82284e-07 7.82284e-07
1363.45 7.72742e-07 7.72742e-07
1369.73 7.59105e-07 7.59105e-07
1376.02 7.49892e-07 7.49892e-07
1382.3 7.36681e-07 7.36681e-07
1388.58 7.27784e-07 7.27784e-07
1394.87 7.14985e-07 7.14985e-07
1401.15 7.06393e-07 7.06393e-07
1407.43 6.93991e-07 6.93991e-07
1413.72 6.85691e-07 6.85691e-07
1420 6.73672e-07 6.73672e-07
1426.28 6.65653e-07 6.65653e-07
1432.57 6.54003e-07 6.54003e-07
1438.85 6.46255e-07 6.46255e-07
1445.13 6.34961e-07 6.34961e-07
1451.42 6.27474e-07 6.27474e-07
1457.7 6.16524e-07 6.16524e-07
1463.98 6.09288e-07 6.09288e-07
1470.27 5.98669e-07 5.98669e-07
1476.55 5.91675e-07 5.91675e-07
1482.83 5.81376e-07 5.81376e-07
1489.11 5.74615e-07 5.74615e-07
1495.4 5.64625e-07 5.64625e-07
1501.68 5.58088e-07 5.58088e-07
1507.96 5.48398e-07 5.48398e-07
1514.25 5.42076e-07 5.42076e-07
1520.53 5.32674e-07 5.32674e-07
1526.81 5.26561e-07 5.26561e-07
1533.1 5.17438e-07 5.17438e-07
1539.38 5.11526e-07 5.11526e-07
1545.66 5.02672e-07 5.02672e-07
1551.95 4.96953e-07 4.96953e-07
1558.23 4.8836e-07 4.8836e-07
1564.51 4.82828e-07 4.82828e-07
1570.8 4.74487e-07 4.74487e-07
1577.08 4.69135e-07 4.69135e-07
1583.36 4.61037e-07 4.61037e-07
1589.65 4.55859e-07 4.55859e-07
1595.93 4.47996e-07 4.47996e-07
1602.21 4.42986e-07 4.42986e-07
1608.5 4.35351e-07 4.35351e-07
1614.78 4.30502e-07 4.30502e-07
1621.06 4.23088e-07 4.23088e-07
1627.34 4.18396e-07 4.18396e-07
1633.63 4.11194e-07 4.11194e-07
1639.91 4.06653e-07 4.06653e-07
1646.19 3.99658e-07 3.99658e-07
1652.48 3.95262e-07 3.95262e-07
1658.76 3.88467e-07 3.88467e-07
1665.04 3.84212e-07 3.84212e-07
1671.33 3.7761e-07 3.7761e-07
1677.61 3.73491e-07 3.73491e-07
1683.89 3.67076e-07 3.67076e-07
1690.18 3.63088e-07 3.63088e-07
1696.46 3.56855e-07 3.56855e-07
1702.74 3.52994e-07 3.52994e-07
1709.03 3.46936e-07 3.46936e-07
1715.31 3.43197e-07 3.43197e-07
1721.59 3.3731e-07 3.3731e-07
1727.88 3.3369e-07 3.3369e-07
1734.16 3.27968e-07 3.27968e-07
1740.44 3.24461e-07 3.24461e-07
1746.73 3.18899e-07 3.18899e-07
1753.01 3.15503e-07 3.15503e-07
1759.29 3.10096e-07 3.10096e-07
1765.58 3.06807e-07 3.06807e-07
1771.86 3.0155e-07 3.0155e-07
1778.14 2.98364e-07 2.98364e-07
1784.42 2.93252e-07 2.93252e-07
1790.71 2.90167e-07 2.90167e-07
1796.99 2.85196e-07 2.85196e-07
1803.27 2.82207e-07 2.82207e-07
1809.56 2.77374e-07 2.77374e-07
1815.84 2.74478e-07 2.74478e-07
1822.12 2.69777e-07 2.69777e-07
1828.41 2.66972e-07 2.66972e-07
1834.69 2.62399e-07 2.62399e-07
1840.97 2.59682e-07 2.59682e-07
1847.26 2.55234e-07 2.55234e-07
1853.54 2.52601e-07 2.52601e-07
1859.82 2.48275e-07 2.48275e-07
1866.11 2.45723e-07 2.45723e-07
1872.39 2.41515e-07 2.41515e-07
1878.67 2.39043e-07 2.39043e-07
1884.96 2.34948e-07 2.34948e-07
1891.24 2.32552e-07 2.32552e-07
1897.52 2.28569e-07 2.28569e-07
1903.81 2.26247e-07 2.26247e-07
1910.09 2.22371e-07 2.22371e-07
1916.37 2.20121e-07 2.20121e-07
1922.65 2.16349e-07 2.16349e-07
1928.94 2.14169e-07 2.14169e-07
1935.22 2.10498e-07 2.10498e-07
1941.5 2.08385e-07 2.08385e-07
1947.79 2.04813e-07 2.04813e-07
1954.07 2.02765e-07 2.02765e-07
1960.35 1.99288e-07 1.99288e-07
1966.64 1.97303e-07 1.97303e-07
1972.92 1.93918e-07 1.93918e-07
1979.2 1.91995e-07 1.91995e-07
1985.49 1.887e-07 1.887e-07
1991.77 1.86836e-07 1.86836e-07
1998.05 1.83629e-07 1.83629e-07
2004.34 1.81822e-07 1.81822e-07
2010.62 1.78699e-07 1.78699e-07
2016.9 1.76948e-07 1.76948e-07
2023.19 1.73908e-07 1.73908e-07
2029.47 1.7221e-07 1.7221e-07
2035.75 1.6925e-07 1.6925e-07
2042.04 1.67605e-07 1.67605e-07
2048.32 1.64723e-07 1.64723e-07
2054.6 1.63127e-07 1.63127e-07
2060.88 1.60321e-07 1.60321e-07
2067.17 1.58775e-07 1.58775e-07
2073.45 1.56042e-07 1.56042e-07
2079.73 1.54543e-07 1.54543e-07
2086.02 1.51881e-07 1.51881e-07
2092.3 1.50428e-07 1.50428e-07
2098.58 1.47836e-07 1.47836e-07
2104.87 1.46427e-07 1.46427e-07
2111.15 1.43903e-07 1.43903e-07
2117.43 1.42537e-07 1.42537e-07
2123.72 1.40078e-07 1.40078e-07
2130 1.38754e-07 1.38754e-07
2136.28 1.36359e-07 1.36359e-07
2142.57 1.35075e-07 1.35075e-07
2148.85 1.32742e-07 1.32742e-07
2155.13 1.31497e-07 1.31497e-07
2161.42 1.29224e-07 1.29224e-07
2167.7 1.28018e-07 1.28018e-07
2173.98 1.25804e-07 1.25804e-07
2180.27 1.24634e-07 1.24634e-07
2186.55 1.22477e-07 1.22477e-07
2192.83 1.21343e-07 1.21343e-07
2199.11 1.19241e-07 1.19241e-07
2205.4 1.18141e-07 1.18141e-07
2211.68 1.16093e-07 1.16093e-07
2217.96 1.15027e-07 1.15027e-07
2224.25 1.13032e-07 1.13032e-07
2230.53 1.11998e-07 1.11998e-07
2236.81 1.10053e-07 1.10053e-07
2243.1 1.09052e-07 1.09052e-07
2249.38 1.07156e-07 1.07156e-07
2255.66 1.06185e-07 1.06185e-07
2261.95 1.04338e-07 1.04338e-07
2268.23 1.03396e-07 1.03396e-07
2274.51 1.01597e-07 1.01597e-07
2280.8 1.00683e-07 1.00683e-07
2287.08 9.89293e-08 9.89293e-08
2293.36 9.8044e-08 9.8044e-08
2299.65 9.63343e-08 9.63343e-08
2305.93 9.5476e-08 9.5476e-08
2312.21 9.38094e-08 9.38094e-08
2318.5 9.29773e-08 9.29773e-08
2324.78 9.13528e-08 9.13528e-08
2331.06 9.05461e-08 9.05461e-08
2337.34 8.89626e-08 8.89626e-08
2343.63 8.81804e-08 8.81804e-08
2349.91 8.66367e-08 8.66367e-08
2356.19 8.58784e-08 8.58784e-08
2362.48 8.43735e-08 8.43735e-08
2368.76 8.36383e-08 8.36383e-08
2375.04 8.21712e-08 8.21712e-08
2381.33 8.14584e-08 8.14584e-08
2387.61 8.0028e-08 8.0028e-08
2393.89 7.9337e-08 7.9337e-08
2400.18 7.79424e-08 7.79424e-08
2406.46 7.72725e-08 7.72725e-08
2412.74 7.59126e-08 7.59126e-08
2419.03 7.52632e-08 7.52632e-08
2425.31 7.39373e-08 7.39373e-08
2431.59 7.33077e-08 7.33077e-08
2437.88 7.20147e-08 7.20147e-08
2444.16 7.14044e-08 7.14044e-08
2450.44 7.01436e-08 7.01436e-08
2456.73 6.95519e-08 6.95519e-08
2463.01 6.83224e-08 6.83224e-08
2469.29 6.77488e-08 6.77488e-08
2475.58 6.65497e-08 6.65497e-08
2481.86 6.59937e-08 6.59937e-08
2488.14 6.48243e-08 6.48243e-08
2494.42 6.42854e-08 6.42854e-08
2500.71 6.31448e-08 6.31448e-08
2506.99 6.26224e-08 6.26224e-08
2513.27 6.151e-08 6.151e-08
2519.56 6.10036e-08 6.10036e-08
2525.84 5.99185e-08 5.99185e-08
2532.12 5.94277e-08 5.94277e-08
2538.41 5.83693e-08 5.83693e-08
2544.69 5.78935e-08 5.78935e-08
2550.97 5.68612e-08 5.68612e-08
2557.26 5.64e-08 5.64e-08
2563.54 5.5393e-08 5.5393e-08
2569.82 5.4946e-08 5.4946e-08
2576.11 5.39636e-08 5.39636e-08
2582.39 5.35304e-08 5.35304e-08
2588.67 5.25721e-08 5.25721e-08
2594.96 5.21522e-08 5.21522e-08
2601.24 5.12173e-08 5.12173e-08
2607.52 5.08103e-08 5.08103e-08
2613.81 4.98982e-08 4.98982e-08
2620.09 4.95038e-08 4.95038e-08
2626.37 4.86139e-08 4.86139e-08
2632.65 4.82317e-08 4.82317e-08
2638.94 4.73634e-08 4.73634e-08
2645.22 4.69931e-08 4.69931e-08
2651.5 4.61459e-08 4.61459e-08
2657.79 4.5787e-08 4.5787e-08
2664.07 4.49603e-08 4.49603e-08
2670.35 4.46125e-08 4.46125e-08
2676.64 4.38059e-08 4.38059e-08
2682.92 4.34689e-08 4.34689e-08
2689.2 4.26818e-08 4.26818e-08
2695.49 4.23553e-08 4.23553e-08
2701.77 4.15872e-08 4.15872e-08
2708.05 4.12708e-08 4.12708e-08
2714.34 4.05213e-08 4.05213e-08
2720.62 4.02147e-08 4.02147e-08
2726.9 3.94833e-08 3.94833e-08
2733.19 3.91862e-08 3.91862e-08
2739.47 3.84724e-08 3.84724e-08
2745.75 3.81846e-08 3.81846e-08
2752.04 3.74879e-08 3.74879e-08
2758.32 3.72092e-08 3.72092e-08
2764.6 3.65292e-08 3.65292e-08
2770.88 3.62592e-08 3.62592e-08
2777.17 3.55955e-08 3.55955e-08
2783.45 3.53339e-08 3.53339e-08
2789.73 3.46862e-08 3.46862e-08
2796.02 3.44328e-08 3.44328e-08
2802.3 3.38005e-08 3.38005e-08
2808.58 3.35551e-08 3.35551e-08
2814.87 3.29379e-08 3.29379e-08
2821.15 3.27002e-08 3.27002e-08
2827.43 3.20977e-08 3.20977e-08
2833.72 3.18675e-08 3.18675e-08
2840 3.12794e-08 3.12794e-08
2846.28 3.10564e-08 3.10564e-08
2852.57 3.04824e-08 3.04824e-08
2858.85 3.02664e-08 3.02664e-08
2865.13 2.9706e-08 2.9706e-08
2871.42 2.94969e-08 2.94969e-08
2877.7 2.89498e-08 2.89498e-08
2883.98 2.87473e-08 2.87473e-08
2890.27 2.82132e-08 2.82132e-08
2896.55 2.80171e-08 2.80171e-08
2902.83 2.74957e-08 2.74957e-08
2909.11 2.73058e-08 2.73058e-08
2915.4 2.67967e-08 2.67967e-08
2921.68 2.66129e-08 2.66129e-08
2927.96 2.61158e-08 2.61158e-08
2934.25 2.59379e-08 2.59379e-08
2940.53 2.54526e-08 2.54526e-08
2946.81 2.52803e-08 2.52803e-08
2953.1 2.48064e-08 2.48064e-08
2959.38 2.46397e-08 2.46397e-08
2965.66 2.4177e-08 2.4177e-08
2971.95 2.40156e-08 2.40156e-08
2978.23 2.35637e-08 2.35637e-08
2984.51 2.34075e-08 2.34075e-08
2990.8 2.29663e-08 2.29663e-08
2997.08 2.28152e-08 2.28152e-08
3003.36 2.23843e-08 2.23843e-08
3009.65 2.2238e-08 2.2238e-08
3015.93 2.18173e-08 2.18173e-08
3022.21 2.16757e-08 2.16757e-08
3028.5 2.12649e-08 2.12649e-08
3034.78 2.11279e-08 2.11279e-08
3041.06 2.07266e-08 2.07266e-08
3047.34 2.05941e-08 2.05941e-08
3053.63 2.02022e-08 2.02022e-08
3059.91 2.0074e-08 2.0074e-08
3066.19 1.96913e-08 1.96913e-08
3072.48 1.95672e-08 1.95672e-08
3078.76 1.91935e-08 1.91935e-08
3085.04 1.90735e-08 1.90735e-08
3091.33 1.87084e-08 1.87084e-08
3097.61 1.85924e-08 1.85924e-08
3103.89 1.82358e-08 1.82358e-08
3110.18 1.81235e-08 1.81235e-08
3116.46 1.77753e-08 1.77753e-08
3122.74 1.76667e-08 1.76667e-08
3129.03 1.73266e-08 1.73266e-08
3135.31 1.72216e-08 1.72216e-08
3141.59 1.68893e-08 1.68893e-08
3147.88 1.67878e-08 1.67878e-08
3154.16 1.64633e-08 1.64633e-08
3160.44 1.63651e-08 1.63651e-08
3166.73 1.60481e-08 1.60481e-08
3173.01 1.59532e-08 1.59532e-08
3179.29 1.56435e-08 1.56435e-08
3185.57 1.55518e-08 1.55518e-08
3191.86 1.52493e-08 1.52493e-08
3198.14 1.51607e-08 1.51607e-08
3204.42 1.48651e-08 1.48651e-08
3210.71 1.47795e-08 1.47795e-08
3216.99 1.44908e-08 1.44908e-08
3223.27 1.4408e-08 1.4408e-08
3229.56 1.41259e-08 1.41259e-08
3235.84 1.40459e-08 1.40459e-08
3242.12 1.37704e-08 1.37704e-08
3248.41 1.36931e-08 1.36931e-08
3254.69 1.34239e-08 1.34239e-08
3260.97 1.33492e-08 1.33492e-08
3267.26 1.30862e-08 1.30862e-08
3273.54 1.30141e-08 1.30141e-08
3279.82 1.27571e-08 1.27571e-08
3286.11 1.26875e-08 1.26875e-08
3292.39 1.24364e-08 1.24364e-08
3298.67 1.23691e-08 1.23691e-08
3304.96 1.21238e-08 1.21238e-08
3311.24 1.20589e-08 1.20589e-08
3317.52 1.18192e-08 1.18192e-08
3323.81 1.17565e-08 1.17565e-08
3330.09 1.15223e-08 1.15223e-08
3336.37 1.14617e-08 1.14617e-08
3342.65 1.12329e-08 1.12329e-08
3348.94 1.11744e-08 1.11744e-08
3355.22 1.09508e-08 1.09508e-08
3361.5 1.08944e-08 1.08944e-08
3367.79 1.06759e-08 1.06759e-08
3374.07 1.06215e-08 1.06215e-08
3380.35 1.0408e-08 1.0408e-08
3386.64 1.03555e-08 1.03555e-08
3392.92 1.01468e-08 1.01468e-08
3399.2 1.00962e-08 1.00962e-08
3405.49 9.8923e-09 9.8923e-09
3411.77 9.84343e-09 9.84343e-09
3418.05 9.64419e-09 9.64419e-09
3424.34 9.59705e-09 9.59705e-09
3430.62 9.40235e-09 9.40235e-09
3436.9 9.3569e-09 9.3569e-09
3443.19 9.16662e-09 9.16662e-09
3449.47 9.1228e-09 9.1228e-09
3455.75 8.93684e-09 8.93684e-09
3462.04 8.8946e-09 8.8946e-09
3468.32 8.71287e-09 8.71287e-09
3474.6 8.67215e-09 8.67215e-09
3480.88 8.49454e-09 8.49454e-09
3487.17 8.4553e-09 8.4553e-09
3493.45 8.28172e-09 8.28172e-09
3499.73 8.24391e-09 8.24391e-09
3506.02 8.07426e-09 8.07426e-09
3512.3 8.03784e-09 8.03784e-09
3518.58 7.87204e-09 7.87204e-09
3524.87 7.83696e-09 7.83696e-09
3531.15 7.6749e-09 7.6749e-09
3537.43 7.64112e-09 7.64112e-09
3543.72 7.48272e-09 7.48272e-09
3550 7.4502e-09 7.4502e-09
3556.28 7.29539e-09 7.29539e-09
3562.57 7.26408e-09 7.26408e-09
3568.85 7.11276e-09 7.11276e-09
3575.13 7.08263e-09 7.08263e-09
3581.42 6.93472e-09 6.93472e-09
3587.7 6.90573e-09 6.90573e-09
3593.98 6.76116e-09 6.76116e-09
3600.27 6.73327e-09 6.73327e-09
3606.55 6.59196e-09 6.59196e-09
3612.83 6.56513e-09 6.56513e-09
3619.11 6.427e-09 6.427e-09
3625.4 6.40121e-09 6.40121e-09
3631.68 6.26619e-09 6.26619e-09
3637.96 6.24139e-09 6.24139e-09
3644.25 6.10941e-09 6.10941e-09
3650.53 6.08558e-09 6.08558e-09
3656.81 5.95656e-09 5.95656e-09
3663.1 5.93366e-09 5.93366e-09
3669.38 5.80755e-09 5.80755e-09
3675.66 5.78555e-09 5.78555e-09
3681.95 5.66226e-09 5.66226e-09
3688.23 5.64114e-09 5.64114e-09
3694.51 5.52062e-09 5.52062e-09
3700.8 5.50034e-09 5.50034e-09
3707.08 5.38252e-09 5.38252e-09
3713.36 5.36305e-09 5.36305e-09
3719.65 5.24788e-09 5.24788e-09
3725.93 5.2292e-09 5.2292e-09
3732.21 5.11661e-09 5.11661e-09
3738.5 5.09869e-09 5.09869e-09
3744.78 4.98862e-09 4.98862e-09
3751.06 4.97144e-09 4.97144e-09
3757.34 4.86384e-09 4.86384e-09
3763.63 4.84736e-09 4.84736e-09
3769.91 4.74217e-09 4.74217e-09
3776.19 4.72638e-09 4.72638e-09
3782.48 4.62354e-09 4.62354e-09
3788.76 4.60841e-09 4.60841e-09
3795.04 4.50787e-09 4.50787e-09
3801.33 4.49339e-09 4.49339e-09
3807.61 4.39509e-09 4.39509e-09
3813.89 4.38122e-09 4.38122e-09
3820.18 4.28512e-09 4.28512e-09
3826.46 4.27186e-09 4.27186e-09
3832.74 4.1779e-09 4.1779e-09
3839.03 4.16521e-09 4.16521e-09
3845.31 4.07336e-09 4.07336e-09
3851.59 4.06122e-09 4.06122e-09
3857.88 3.97142e-09 3.97142e-09
3864.16 3.95982e-09 3.95982e-09
3870.44 3.87202e-09 3.87202e-09
3876.73 3.86094e-09 3.86094e-09
3883.01 3.77509e-09 3.77509e-09
3889.29 3.76452e-09 3.76452e-09
3895.57 3.68058e-09 3.68058e-09
3901.86 3.67049e-09 3.67049e-09
3908.14 3.58843e-09 3.58843e-09
3914.42 3.5788e-09 3.5788e-09
3920.71 3.49857e-09 3.49857e-09
3926.99 3.48939e-09 3.48939e-09
3933.27 3.41094e-09 3.41094e-09
3939.56 3.4022e-09 3.4022e-09
3945.84 3.3255e-09 3.3255e-09
3952.12 3.31717e-09 3.31717e-09
3958.41 3.24218e-09 3.24218e-09
3964.69 3.23425e-09 3.23425e-09
3970.97 3.16093e-09 3.16093e-09
3977.26 3.15339e-09 3.15339e-09
3983.54 3.0817e-09 3.0817e-09
3989.82 3.07453e-09 3.07453e-09
3996.11 3.00444e-09 3.00444e-09
4002.39 2.99763e-09 2.99763e-09
4008.67 2.9291e-09 2.9291e-09
4014.96 2.92264e-09 2.92264e-09
4021.24 2.85563e-09 2.85563e-09
4027.52 2.8495e-09 2.8495e-09
4033.8 2.78398e-09 2.78398e-09
4040.09 2.77818e-09 2.77818e-09
4046.37 2.71411e-09 2.71411e-09
4052.65 2.70862e-09 2.70862e-09
4058.94 2.64598e-09 2.64598e-09
4065.22 2.64078e-09 2.64078e-09
4071.5 2.57954e-09 2.57954e-09
4077.79 2.57463e-09 2.57463e-09
4084.07 2.51474e-09 2.51474e-09
4090.35 2.51011e-09 2.51011e-09
4096.64 2.45155e-09 2.45155e-09
4102.92 2.44718e-09 2.44718e-09
4109.2 2.38993e-09 2.38993e-09
4115.49 2.38581e-09 2.38581e-09
4121.77 2.32983e-09 2.32983e-09
4128.05 2.32596e-09 2.32596e-09
4134.34 2.27123e-09 2.27123e-09
4140.62 2.26759e-09 2.26759e-09
4146.9 2.21407e-09 2.21407e-09
4153.19 2.21066e-09 2.21066e-09
4159.47 2.15833e-09 2.15833e-09
4165.75 2.15514e-09 2.15514e-09
4172.04 2.10397e-09 2.10397e-09
4178.32 2.10099e-09 2.10099e-09
4184.6 2.05096e-09 2.05096e-09
4190.88 2.04818e-09 2.04818e-09
4197.17 1.99926e-09 1.99926e-09
4203.45 1.99667e-09 1.99667e-09
4209.73 1.94884e-09 1.94884e-09
4216.02 1.94643e-09 1.94643e-09
4222.3 1.89966e-09 1.89966e-09
4228.58 1.89743e-09 1.89743e-09
4234.87 1.85171e-09 1.85171e-09
4241.15 1.84964e-09 1.84964e-09
4247.43 1.80493e-09 1.80493e-09
4253.72 1.80303e-09 1.80303e-09
4260 1.75932e-09 1.75932e-09
4266.28 1.75757e-09 1.75757e-09
4272.57 1.71483e-09 1.71483e-09
4278.85 1.71323e-09 1.71323e-09
4285.13 1.67144e-09 1.67144e-09
4291.42 1.66998e-09 1.66998e-09
4297.7 1.62913e-09 1.62913e-09
4303.98 1.6278e-09 1.6278e-09
4310.27 1.58786e-09 1.58786e-09
4316.55 1.58666e-09 1.58666e-09
4322.83 1.5476e-09 1.5476e-09
4329.11 1.54653e-09 1.54653e-09
4335.4 1.50835e-09 1.50835e-09
4341.68 1.50739e-09 1.50739e-09
4347.96 1.47006e-09 1.47006e-09
4354.25 1.46922e-09 1.46922e-09
4360.53 1.43272e-09 1.43272e-09
4366.81 1.43198e-09 1.43198e-09
4373.1 1.3963e-09 1.3963e-09
4379.38 1.39566e-09 1.39566e-09
4385.66 1.36078e-09 1.36078e-09
4391.95 1.36024e-09 1.36024e-09
4398.23 1.32613e-09 1.32613e-09
4404.51 1.32569e-09 1.32569e-09
4410.8 1.29234e-09 1.29234e-09
4417.08 1.29198e-09 1.29198e-09
4423.36 1.25939e-09 1.25939e-09
4429.65 1.25911e-09 1.25911e-09
4435.93 1.22724e-09 1.22724e-09
4442.21 1.22705e-09 1.22705e-09
4448.5 1.19589e-09 1.19589e-09
4454.78 1.19577e-09 1.19577e-09
4461.06 1.16532e-09 1.16532e-09
4467.34 1.16527e-09 1.16527e-09
4473.63 1.13549e-09 1.13549e-09
4479.91 1.13551e-09 1.13551e-09
4486.19 1.1064e-09 1.1064e-09
4492.48 1.10649e-09 1.10649e-09
4498.76 1.07803e-09 1.07803e-09
4505.04 1.07818e-09 1.07818e-09
4511.33 1.05036e-09 1.05036e-09
4517.61 1.05056e-09 1.05056e-09
4523.89 1.02337e-09 1.02337e-09
4530.18 1.02363e-09 1.02363e-09
4536.46 9.97052e-10 9.97052e-10
4542.74 9.97352e-10 9.97352e-10
4549.03 9.71377e-10 9.71377e-10
4555.31 9.71725e-10 9.71725e-10
4561.59 9.46335e-10 9.46335e-10
4567.88 9.46727e-10 9.46727e-10
4574.16 9.2191e-10 9.2191e-10
4580.44 9.22344e-10 9.22344e-10
4586.73 8.98088e-10 8.98088e-10
4593.01 8.98559e-10 8.98559e-10
4599.29 8.74852e-10 8.74852e-10
4605.57 8.7536e-10 8.7536e-10
4611.86 8.52189e-10 8.52189e-10
4618.14 8.5273e-10 8.5273e-10
4624.42 8.30084e-10 8.30084e-10
4630.71 8.30656e-10 8.30656e-10
4636.99 8.08524e-10 8.08524e-10
4643.27 8.09124e-10 8.09124e-10
4649.56 7.87495e-10 7.87495e-10
4655.84 7.88122e-10 7.88122e-10
4662.12 7.66984e-10 7.66984e-10
4668.41 7.67635e-10 7.67635e-10
4674.69 7.46979e-10 7.46979e-10
4680.97 7.47652e-10 7.47652e-10
4687.26 7.27466e-10 7.27466e-10
4693.54 7.28159e-10 7.28159e-10
4699.82 7.08435e-10 7.08435e-10
4706.11 7.09145e-10 7.09145e-10
4712.39 6.89872e-10 6.89872e-10
4718.67 6.90599e-10 6.90599e-10
4724.96 6.71766e-10 6.71766e-10
4731.24 6.72508e-10 6.72508e-10
4737.52 6.54107e-10 6.54107e-10
4743.8 6.54861e-10 6.54861e-10
4750.09 6.36882e-10 6.36882e-10
4756.37 6.37648e-10 6.37648e-10
4762.65 6.20083e-10 6.20083e-10
4768.94 6.20858e-10 6.20858e-10
4775.22 6.03697e-10 6.03697e-10
4781.5 6.0448e-10 6.0448e-10
4787.79 5.87715e-10 5.87715e-10
4794.07 5.88505e-10 5.88505e-10
4800.35 5.72126e-10 5.72126e-10
4806.64 5.72922e-10 5.72922e-10
4812.92 5.56922e-10 5.56922e-10
4819.2 5.57722e-10 5.57722e-10
4825.49 5.42093e-10 5.42093e-10
4831.77 5.42896e-10 5.42896e-10
4838.05 5.2763e-10 5.2763e-10
4844.34 5.28434e-10 5.28434e-10
4850.62 5.13523e-10 5.13523e-10
4856.9 5.14327e-10 5.14327e-10
4863.19 4.99764e-10 4.99764e-10
4869.47 5.00568e-10 5.00568e-10
4875.75 4.86344e-10 4.86344e-10
4882.03 4.87146e-10 4.87146e-10
4888.32 4.73255e-10 4.73255e-10
4894.6 4.74055e-10 4.74055e-10
4900.88 4.60489e-10 4.60489e-10
4907.17 4.61286e-10 4.61286e-10
4913.45 4.48039e-10 4.48039e-10
4919.73 4.4883e-10 4.4883e-10
4926.02 4.35895e-10 4.35895e-10
4932.3 4.36681e-10 4.36681e-10
4938.58 4.24051e-10 4.24051e-10
4944.87 4.24832e-10 4.24832e-10
4951.15 4.125e-10 4.125e-10
4957.43 4.13273e-10 4.13273e-10
4963.72 4.01234e-10 4.01234e-10
4970 4.02e-10 4.02e-10
4976.28 3.90246e-10 3.90246e-10
4982.57 3.91004e-10 3.91004e-10
4988.85 3.79529e-10 3.79529e-10
4995.13 3.80278e-10 3.80278e-10
5001.42 3.69078e-10 3.69078e-10
5007.7 3.69817e-10 3.69817e-10
5013.98 3.58885e-10 3.58885e-10
5020.27 3.59614e-10 3.59614e-10
5026.55 3.48944e-10 3.48944e-10
5032.83 3.49663e-10 3.49663e-10
5039.11 3.39249e-10 3.39249e-10
5045.4 3.39956e-10 3.39956e-10
5051.68 3.29794e-10 3.29794e-10
5057.96 3.3049e-10 3.3049e-10
5064.25 3.20573e-10 3.20573e-10
5070.53 3.21257e-10 3.21257e-10
5076.81 3.1158e-10 3.1158e-10
5083.1 3.12252e-10 3.12252e-10
5089.38 3.0281e-10 3.0281e-10
5095.66 3.03469e-10 3.03469e-10
5101.95 2.94258e-10 2.94258e-10
5108.23 2.94903e-10 2.94903e-10
5114.51 2.85918e-10 2.85918e-10
5120.8 2.8655e-10 2.8655e-10
5127.08 2.77785e-10 2.77785e-10
5133.36 2.78402e-10 2.78402e-10
5139.65 2.69853e-10 2.69853e-10
5145.93 2.70457e-10 2.70457e-10
5152.21 2.62119e-10 2.62119e-10
5158.5 2.62708e-10 2.62708e-10
5164.78 2.54577e-10 2.54577e-10
5171.06 2.55152e-10 2.55152e-10
5177.34 2.47222e-10 2.47222e-10
5183.63 2.47782e-10 2.47782e-10
5189.91 2.40051e-10 2.40051e-10
5196.19 2.40596e-10 2.40596e-10
5202.48 2.33058e-10 2.33058e-10
5208.76 2.33588e-10 2.33588e-10
5215.04 2.2624e-10 2.2624e-10
5221.33 2.26754e-10 2.26754e-10
5227.61 2.19591e-10 2.19591e-10
5233.89 2.2009e-10 2.2009e-10
5240.18 2.13109e-10 2.13109e-10
5246.46 2.13592e-10 2.13592e-10
5252.74 2.06789e-10 2.06789e-10
5259.03 2.07256e-10 2.07256e-10
5265.31 2.00626e-10 2.00626e-10
5271.59 2.01078e-10 2.01078e-10
5277.88 1.94618e-10 1.94618e-10
5284.16 1.95054e-10 1.95054e-10
5290.44 1.88761e-10 1.88761e-10
5296.73 1.89181e-10 1.89181e-10
5303.01 1.8305e-10 1.8305e-10
5309.29 1.83454e-10 1.83454e-10
5315.57 1.77483e-10 1.77483e-10
5321.86 1.77871e-10 1.77871e-10
5328.14 1.72056e-10 1.72056e-10
5334.42 1.72428e-10 1.72428e-10
5340.71 1.66765e-10 1.66765e-10
5346.99 1.67122e-10 1.67122e-10
5353.27 1.61608e-10 1.61608e-10
5359.56 1.61949e-10 1.61949e-10
5365.84 1.56581e-10 1.56581e-10
5372.12 1.56906e-10 1.56906e-10
5378.41 1.51681e-10 1.51681e-10
5384.69 1.5199e-10 1.5199e-10
5390.97 1.46905e-10 1.46905e-10
5397.26 1.47199e-10 1.47199e-10
5403.54 1.4225e-10 1.4225e-10
5409.82 1.42528e-10 1.42528e-10
5416.11 1.37713e-10 1.37713e-10
5422.39 1.37976e-10 1.37976e-10
5428.67 1.33292e-10 1.33292e-10
5434.96 1.33539e-10 1.33539e-10
5441.24 1.28983e-10 1.28983e-10
5447.52 1.29215e-10 1.29215e-10
5453.8 1.24785e-10 1.24785e-10
5460.09 1.25002e-10 1.25002e-10
5466.37 1.20693e-10 1.20693e-10
5472.65 1.20896e-10 1.20896e-10
5478.94 1.16707e-10 1.16707e-10
5485.22 1.16894e-10 1.16894e-10
5491.5 1.12823e-10 1.12823e-10
5497.79 1.12996e-10 1.12996e-10
5504.07 1.09039e-10 1.09039e-10
5510.35 1.09198e-10 1.09198e-10
5516.64 1.05353e-10 1.05353e-10
5522.92 1.05497e-10 1.05497e-10
5529.2 1.01762e-10 1.01762e-10
5535.49 1.01892e-10 1.01892e-10
5541.77 9.82649e-11 9.82649e-11
5548.05 9.83808e-11 9.83808e-11
5554.34 9.48584e-11 9.48584e-11
5560.62 9.49605e-11 9.49605e-11
5566.9 9.15408e-11 9.15408e-11
5573.19 9.16294e-11 9.16294e-11
5579.47 8.83101e-11 8.83101e-11
5585.75 8.83854e-11 8.83854e-11
5592.03 8.51642e-11 8.51642e-11
5598.32 8.52265e-11 8.52265e-11
5604.6 8.21013e-11 8.21013e-11
5610.88 8.21508e-11 8.21508e-11
5617.17 7.91194e-11 7.91194e-11
5623.45 7.91563e-11 7.91563e-11
5629.73 7.62168e-11 7.62168e-11
5636.02 7.62413e-11 7.62413e-11
5642.3 7.33915e-11 7.33915e-11
5648.58 7.34039e-11 7.34039e-11
5654.87 7.06419e-11 7.06419e-11
5661.15 7.06425e-11 7.06425e-11
5667.43 6.79662e-11 6.79662e-11
5673.72 6.79553e-11 6.79553e-11
5680 6.53629e-11 6.53629e-11
5686.28 6.53406e-11 6.53406e-11
5692.57 6.28302e-11 6.28302e-11
5698.85 6.2797e-11 6.2797e-11
5705.13 6.03667e-11 6.03667e-11
5711.42 6.03227e-11 6.03227e-11
5717.7 5.79707e-11 5.79707e-11
5723.98 5.79164e-11 5.79164e-11
5730.27 5.56409e-11 5.56409e-11
5736.55 5.55764e-11 5.55764e-11
5742.83 5.33758e-11 5.33758e-11
5749.11 5.33015e-11 5.33015e-11
5755.4 5.11739e-11 5.11739e-11
5761.68 5.10901e-11 5.10901e-11
5767.96 4.90339e-11 4.90339e-11
5774.25 4.89409e-11 4.89409e-11
5780.53 4.69546e-11 4.69546e-11
5786.81 4.68527e-11 4.68527e-11
5793.1 4.49345e-11 4.49345e-11
5799.38 4.48241e-11 4.48241e-11
5805.66 4.29725e-11 4.29725e-11
5811.95 4.28538e-11 4.28538e-11
5818.23 4.10673e-11 4.10673e-11
5824.51 4.09408e-11 4.09408e-11
5830.8 3.92178e-11 3.92178e-11
5837.08 3.90837e-11 3.90837e-11
5843.36 3.74228e-11 3.74228e-11
5849.65 3.72815e-11 3.72815e-11
5855.93 3.56812e-11 3.56812e-11
5862.21 3.5533e-11 3.5533e-11
5868.5 3.3992e-11 3.3992e-11
5874.78 3.38372e-11 3.38372e-11
5881.06 3.2354e-11 3.2354e-11
5887.34 3.21931e-11 3.21931e-11
5893.63 3.07662e-11 3.07662e-11
5899.91 3.05996e-11 3.05996e-11
5906.19 2.92278e-11 2.92278e-11
5912.48 2.90557e-11 2.90557e-11
5918.76 2.77376e-11 2.77376e-11
5925.04 2.75606e-11 2.75606e-11
5931.33 2.62949e-11 2.62949e-11
5937.61 2.61132e-11 2.61132e-11
5943.89 2.48987e-11 2.48987e-11
5950.18 2.47127e-11 2.47127e-11
5956.46 2.35481e-11 2.35481e-11
5962.74 2.33582e-11 2.33582e-11
5969.03 2.22424e-11 2.22424e-11
5975.31 2.2049e-11 2.2049e-11
5981.59 2.09806e-11 2.09806e-11
5987.88 2.07841e-11 2.07841e-11
5994.16 1.97621e-11 1.97621e-11
6000.44 1.95629e-11 1.95629e-11
6006.73 1.8586e-11 1.8586e-11
6013.01 1.83845e-11 1.83845e-11
6019.29 1.74516e-11 1.74516e-11
6025.57 1.72483e-11 1.72483e-11
6031.86 1.63583e-11 1.63583e-11
6038.14 1.61535e-11 1.61535e-11
6044.42 1.53053e-11 1.53053e-11
6050.71 1.50995e-11 1.50995e-11
6056.99 1.42921e-11 1.42921e-11
6063.27 1.40856e-11 1.40856e-11
6069.56 1.33179e-11 1.33179e-11
6075.84 1.31113e-11 1.31113e-11
6082.12 1.23821e-11 1.23821e-11
6088.41 1.21758e-11 1.21758e-11
6094.69 1.14843e-11 1.14843e-11
6100.97 1.12787e-11 1.12787e-11
6107.26 1.06237e-11 1.06237e-11
6113.54 1.04193e-11 1.04193e-11
6119.82 9.80001e-12 9.80001e-12
6126.11 9.5972e-12 9.5972e-12
6132.39 9.01256e-12 9.01256e-12
6138.67 8.81184e-12 8.81184e-12
6144.96 8.26091e-12 8.26091e-12
6151.24 8.06273e-12 8.06273e-12
6157.52 7.54458e-12 7.54458e-12
6163.8 7.34943e-12 7.34943e-12
6170.09 6.86314e-12 6.86314e-12
6176.37 6.67149e-12 6.67149e-12
6182.65 6.21617e-12 6.21617e-12
6188.94 6.02849e-12 6.02849e-12
6195.22 5.60325e-12 5.60325e-12
6201.5 5.42005e-12 5.42005e-12
6207.79 5.02401e-12 5.02401e-12
6214.07 4.84578e-12 4.84578e-12
6220.35 4.47809e-12 4.47809e-12
6226.64 4.30533e-12 4.30533e-12
6232.92 3.96516e-12 3.96516e-12
6239.2 3.79837e-12 3.79837e-12
6245.49 3.48488e-12 3.48488e-12
6251.77 3.32459e-12 3.32459e-12
6258.05 3.03698e-12 3.03698e-12
6264.34 2.8837e-12 2.8837e-12
6270.62 2.62115e-12 2.62115e-12
6276.9 2.47542e-12 2.47542e-12
6283.19 2.23716e-12 2.23716e-12
6289.47 2.09951e-12 2.09951e-12
6295.75 1.88476e-12 1.88476e-12
6302.03 1.75573e-12 1.75573e-12
6308.32 1.56373e-12 1.56373e-12
6314.6 1.44387e-12 1.44387e-12
6320.88 1.27387e-12 1.27387e-12
6327.17 1.16374e-12 1.16374e-12
6333.45 1.01501e-12 1.01501e-12
6339.73 9.15172e-13 9.15172e-13
6346.02 7.86971e-13 7.86971e-13
6352.3 6.98007e-13 6.98007e-13
6358.58 5.89627e-13 5.89627e-13
6364.87 5.12113e-13 5.12113e-13
6371.15 4.22851e-13 4.22851e-13
6377.43 3.57376e-13 3.57376e-13
6383.72 2.86538e-13 2.86538e-13
6390 2.337e-13 2.337e-13
6396.28 1.80605e-13 1.80605e-13
6402.57 1.4101e-13 1.4101e-13
6408.85 1.04985e-13 1.04985e-13
6415.13 7.92476e-14 7.92476e-14
6421.42 5.96322e-14 5.96322e-14
6427.7 4.83762e-14 4.83762e-14
6433.98 4.45177e-14 4.45177e-14
