0 7.76751e-15 7.76751e-15
6.28319 0.0138854 0.0138854
12.5664 0.0034598 0.0034598
18.8496 0.00153775 0.00153775
25.1327 0.000863043 0.000863043
31.4159 0.000552841 0.000552841
37.6991 0.000382816 0.000382816
43.9823 0.000281477 0.000281477
50.2655 0.000214807 0.000214807
56.5487 0.000169808 0.000169808
62.8319 0.000137052 0.000137052
69.115 0.000113285 0.000113285
75.3982 9.48177e-05 9.48177e-05
81.6814 8.07781e-05 8.07781e-05
87.9646 6.93539e-05 6.93539e-05
94.2478 6.0385e-05 6.0385e-05
100.531 5.28286e-05 5.28286e-05
106.814 4.67576e-05 4.67576e-05
113.097 4.15007e-05 4.15007e-05
119.381 3.7204e-05 3.7204e-05
125.664 3.33995e-05 3.33995e-05
131.947 3.02493e-05 3.02493e-05
138.23 2.74071e-05 2.74071e-05
144.513 2.50303e-05 2.50303e-05
150.796 2.2851e-05 2.2851e-05
157.08 2.10146e-05 2.10146e-05
163.363 1.9307e-05 1.9307e-05
169.646 1.78594e-05 1.78594e-05
175.929 1.64965e-05 1.64965e-05
182.212 1.53358e-05 1.53358e-05
188.496 1.42307e-05 1.42307e-05
194.779 1.32862e-05 1.32862e-05
201.062 1.23779e-05 1.23779e-05
207.345 1.15995e-05 1.15995e-05
213.628 1.08439e-05 1.08439e-05
219.911 1.01951e-05 1.01951e-05
226.195 9.55993e-06 9.55993e-06
232.478 9.01381e-06 9.01381e-06
238.761 8.47485e-06 8.47485e-06
245.044 8.01106e-06 8.01106e-06
251.327 7.54993e-06 7.54993e-06
257.611 7.15293e-06 7.15293e-06
263.894 6.75546e-06 6.75546e-06
270.177 6.41322e-06 6.41322e-06
276.46 6.06831e-06 6.06831e-06
282.743 5.77137e-06 5.77137e-06
289.027 5.47025e-06 5.47025e-06
295.31 5.21112e-06 5.21112e-06
301.593 4.9468e-06 4.9468e-06
307.876 4.71947e-06 4.71947e-06
314.159 4.48628e-06 4.48628e-06
320.442 4.28589e-06 4.28589e-06
326.726 4.07922e-06 4.07922e-06
333.009 3.9018e-06 3.9018e-06
339.292 3.71787e-06 3.71787e-06
345.575 3.56016e-06 3.56016e-06
351.858 3.39585e-06 3.39585e-06
358.142 3.25513e-06 3.25513e-06
364.425 3.10782e-06 3.10782e-06
370.708 2.98185e-06 2.98185e-06
376.991 2.84935e-06 2.84935e-06
383.274 2.73622e-06 2.73622e-06
389.557 2.6167e-06 2.6167e-06
395.841 2.51481e-06 2.51481e-06
402.124 2.40669e-06 2.40669e-06
408.407 2.31467e-06 2.31467e-06
414.69 2.21662e-06 2.21662e-06
420.973 2.13332e-06 2.13332e-06
427.257 2.04419e-06 2.04419e-06
433.54 1.96861e-06 1.96861e-06
439.823 1.88741e-06 1.88741e-06
446.106 1.81869e-06 1.81869e-06
452.389 1.74456e-06 1.74456e-06
458.673 1.68195e-06 1.68195e-06
464.956 1.61416e-06 1.61416e-06
471.239 1.55701e-06 1.55701e-06
477.522 1.4949e-06 1.4949e-06
483.805 1.44266e-06 1.44266e-06
490.088 1.38565e-06 1.38565e-06
496.372 1.33781e-06 1.33781e-06
502.655 1.28542e-06 1.28542e-06
508.938 1.24155e-06 1.24155e-06
515.221 1.19333e-06 1.19333e-06
521.504 1.15305e-06 1.15305e-06
527.788 1.10861e-06 1.10861e-06
534.071 1.07157e-06 1.07157e-06
540.354 1.03056e-06 1.03056e-06
546.637 9.96468e-07 9.96468e-07
552.92 9.58582e-07 9.58582e-07
559.203 9.27165e-07 9.27165e-07
565.487 8.92128e-07 8.92128e-07
571.77 8.63147e-07 8.63147e-07
578.053 8.3071e-07 8.3071e-07
584.336 8.03952e-07 8.03952e-07
590.619 7.73895e-07 7.73895e-07
596.903 7.49166e-07 7.49166e-07
603.186 7.2129e-07 7.2129e-07
609.469 6.98418e-07 6.98418e-07
615.752 6.72542e-07 6.72542e-07
622.035 6.51372e-07 6.51372e-07
628.319 6.27335e-07 6.27335e-07
634.602 6.07726e-07 6.07726e-07
640.885 5.8538e-07 5.8538e-07
647.168 5.67205e-07 5.67205e-07
653.451 5.46417e-07 5.46417e-07
659.734 5.29561e-07 5.29561e-07
666.018 5.1021e-07 5.1021e-07
672.301 4.94568e-07 4.94568e-07
678.584 4.76544e-07 4.76544e-07
684.867 4.62021e-07 4.62021e-07
691.15 4.45223e-07 4.45223e-07
697.434 4.31732e-07 4.31732e-07
703.717 4.16069e-07 4.16069e-07
710 4.03531e-07 4.03531e-07
716.283 3.88919e-07 3.88919e-07
722.566 3.77261e-07 3.77261e-07
728.849 3.63623e-07 3.63623e-07
735.133 3.5278e-07 3.5278e-07
741.416 3.40044e-07 3.40044e-07
747.699 3.29955e-07 3.29955e-07
753.982 3.18058e-07 3.18058e-07
760.265 3.08667e-07 3.08667e-07
766.549 2.97548e-07 2.97548e-07
772.832 2.88806e-07 2.88806e-07
779.115 2.7841e-07 2.7841e-07
785.398 2.70268e-07 2.70268e-07
791.681 2.60546e-07 2.60546e-07
797.965 2.5296e-07 2.5296e-07
804.248 2.43865e-07 2.43865e-07
810.531 2.36797e-07 2.36797e-07
816.814 2.28284e-07 2.28284e-07
823.097 2.21697e-07 2.21697e-07
829.38 2.13728e-07 2.13728e-07
835.664 2.07588e-07 2.07588e-07
841.947 2.00126e-07 2.00126e-07
848.23 1.944e-07 1.944e-07
854.513 1.87411e-07 1.87411e-07
860.796 1.82072e-07 1.82072e-07
867.08 1.75523e-07 1.75523e-07
873.363 1.70544e-07 1.70544e-07
879.646 1.64407e-07 1.64407e-07
885.929 1.59762e-07 1.59762e-07
892.212 1.54009e-07 1.54009e-07
898.495 1.49676e-07 1.49676e-07
904.779 1.44283e-07 1.44283e-07
911.062 1.4024e-07 1.4024e-07
917.345 1.35182e-07 1.35182e-07
923.628 1.3141e-07 1.3141e-07
929.911 1.26666e-07 1.26666e-07
936.195 1.23146e-07 1.23146e-07
942.478 1.18695e-07 1.18695e-07
948.761 1.1541e-07 1.1541e-07
955.044 1.11233e-07 1.11233e-07
961.327 1.08168e-07 1.08168e-07
967.611 1.04248e-07 1.04248e-07
973.894 1.01387e-07 1.01387e-07
980.177 9.77074e-08 9.77074e-08
986.46 9.50367e-08 9.50367e-08
992.743 9.15825e-08 9.15825e-08
999.026 8.90898e-08 8.90898e-08
1005.31 8.58464e-08 8.58464e-08
1011.59 8.35197e-08 8.35197e-08
1017.88 8.04737e-08 8.04737e-08
1024.16 7.8302e-08 7.8302e-08
1030.44 7.54409e-08 7.54409e-08
1036.73 7.34139e-08 7.34139e-08
1043.01 7.07262e-08 7.07262e-08
1049.29 6.88342e-08 6.88342e-08
1055.58 6.63089e-08 6.63089e-08
1061.86 6.45431e-08 6.45431e-08
1068.14 6.21701e-08 6.21701e-08
1074.42 6.0522e-08 6.0522e-08
1080.71 5.82918e-08 5.82918e-08
1086.99 5.67537e-08 5.67537e-08
1093.27 5.46575e-08 5.46575e-08
1099.56 5.32221e-08 5.32221e-08
1105.84 5.12514e-08 5.12514e-08
1112.12 4.99119e-08 4.99119e-08
1118.41 4.80591e-08 4.80591e-08
1124.69 4.68093e-08 4.68093e-08
1130.97 4.50671e-08 4.50671e-08
1137.26 4.39009e-08 4.39009e-08
1143.54 4.22625e-08 4.22625e-08
1149.82 4.11744e-08 4.11744e-08
1156.11 3.96334e-08 3.96334e-08
1162.39 3.86184e-08 3.86184e-08
1168.67 3.71689e-08 3.71689e-08
1174.96 3.62221e-08 3.62221e-08
1181.24 3.48584e-08 3.48584e-08
1187.52 3.39754e-08 3.39754e-08
1193.81 3.26923e-08 3.26923e-08
1200.09 3.18688e-08 3.18688e-08
1206.37 3.06614e-08 3.06614e-08
1212.65 2.98935e-08 2.98935e-08
1218.94 2.87572e-08 2.87572e-08
1225.22 2.80413e-08 2.80413e-08
1231.5 2.69718e-08 2.69718e-08
1237.79 2.63044e-08 2.63044e-08
1244.07 2.52977e-08 2.52977e-08
1250.35 2.46756e-08 2.46756e-08
1256.64 2.37279e-08 2.37279e-08
1262.92 2.31481e-08 2.31481e-08
1269.2 2.22558e-08 2.22558e-08
1275.49 2.17156e-08 2.17156e-08
1281.77 2.08754e-08 2.08754e-08
1288.05 2.03721e-08 2.03721e-08
1294.34 1.95808e-08 1.95808e-08
1300.62 1.91121e-08 1.91121e-08
1306.9 1.83668e-08 1.83668e-08
1313.19 1.79303e-08 1.79303e-08
1319.47 1.72283e-08 1.72283e-08
1325.75 1.68218e-08 1.68218e-08
1332.04 1.61605e-08 1.61605e-08
1338.32 1.57821e-08 1.57821e-08
1344.6 1.5159e-08 1.5159e-08
1350.88 1.48069e-08 1.48069e-08
1357.17 1.42198e-08 1.42198e-08
1363.45 1.38922e-08 1.38922e-08
1369.73 1.33388e-08 1.33388e-08
1376.02 1.30341e-08 1.30341e-08
1382.3 1.25126e-08 1.25126e-08
1388.58 1.22292e-08 1.22292e-08
1394.87 1.17376e-08 1.17376e-08
1401.15 1.14742e-08 1.14742e-08
1407.43 1.10108e-08 1.10108e-08
1413.72 1.07659e-08 1.07659e-08
1420 1.0329e-08 1.0329e-08
1426.28 1.01015e-08 1.01015e-08
1432.57 9.68945e-09 9.68945e-09
1438.85 9.47815e-09 9.47815e-09
1445.13 9.0896e-09 9.0896e-09
1451.42 8.8934e-09 8.8934e-09
1457.7 8.52693e-09 8.52693e-09
1463.98 8.34482e-09 8.34482e-09
1470.27 7.99913e-09 7.99913e-09
1476.55 7.83017e-09 7.83017e-09
1482.83 7.50404e-09 7.50404e-09
1489.11 7.34734e-09 7.34734e-09
1495.4 7.03963e-09 7.03963e-09
1501.68 6.89435e-09 6.89435e-09
1507.96 6.60399e-09 6.60399e-09
1514.25 6.46936e-09 6.46936e-09
1520.53 6.19534e-09 6.19534e-09
1526.81 6.07064e-09 6.07064e-09
1533.1 5.81199e-09 5.81199e-09
1539.38 5.69654e-09 5.69654e-09
1545.66 5.45238e-09 5.45238e-09
1551.95 5.34556e-09 5.34556e-09
1558.23 5.11504e-09 5.11504e-09
1564.51 5.01625e-09 5.01625e-09
1570.8 4.79858e-09 4.79858e-09
1577.08 4.70727e-09 4.70727e-09
1583.36 4.50171e-09 4.50171e-09
1589.65 4.41737e-09 4.41737e-09
1595.93 4.22322e-09 4.22322e-09
1602.21 4.14536e-09 4.14536e-09
1608.5 3.96196e-09 3.96196e-09
1614.78 3.89014e-09 3.89014e-09
1621.06 3.71688e-09 3.71688e-09
1627.34 3.65066e-09 3.65066e-09
1633.63 3.48695e-09 3.48695e-09
1639.91 3.42597e-09 3.42597e-09
1646.19 3.27126e-09 3.27126e-09
1652.48 3.21513e-09 3.21513e-09
1658.76 3.06891e-09 3.06891e-09
1665.04 3.01729e-09 3.01729e-09
1671.33 2.87908e-09 2.87908e-09
1677.61 2.83166e-09 2.83166e-09
1683.89 2.70099e-09 2.70099e-09
1690.18 2.65747e-09 2.65747e-09
1696.46 2.53392e-09 2.53392e-09
1702.74 2.49402e-09 2.49402e-09
1709.03 2.37718e-09 2.37718e-09
1715.31 2.34065e-09 2.34065e-09
1721.59 2.23014e-09 2.23014e-09
1727.88 2.19673e-09 2.19673e-09
1734.16 2.09219e-09 2.09219e-09
1740.44 2.06167e-09 2.06167e-09
1746.73 1.96277e-09 1.96277e-09
1753.01 1.93494e-09 1.93494e-09
1759.29 1.84136e-09 1.84136e-09
1765.58 1.81602e-09 1.81602e-09
1771.86 1.72745e-09 1.72745e-09
1778.14 1.70442e-09 1.70442e-09
1784.42 1.62059e-09 1.62059e-09
1790.71 1.5997e-09 1.5997e-09
1796.99 1.52034e-09 1.52034e-09
1803.27 1.50142e-09 1.50142e-09
1809.56 1.42629e-09 1.42629e-09
1815.84 1.4092e-09 1.4092e-09
1822.12 1.33805e-09 1.33805e-09
1828.41 1.32265e-09 1.32265e-09
1834.69 1.25527e-09 1.25527e-09
1840.97 1.24143e-09 1.24143e-09
1847.26 1.1776e-09 1.1776e-09
1853.54 1.16521e-09 1.16521e-09
1859.82 1.10474e-09 1.10474e-09
1866.11 1.09368e-09 1.09368e-09
1872.39 1.03639e-09 1.03639e-09
1878.67 1.02656e-09 1.02656e-09
1884.96 9.72256e-10 9.72256e-10
1891.24 9.6356e-10 9.6356e-10
1897.52 9.12091e-10 9.12091e-10
1903.81 9.04438e-10 9.04438e-10
1910.09 8.55647e-10 8.55647e-10
1916.37 8.48954e-10 8.48954e-10
1922.65 8.02692e-10 8.02692e-10
1928.94 7.96881e-10 7.96881e-10
1935.22 7.53011e-10 7.53011e-10
1941.5 7.48011e-10 7.48011e-10
1947.79 7.06402e-10 7.06402e-10
1954.07 7.02146e-10 7.02146e-10
1960.35 6.62675e-10 6.62675e-10
1966.64 6.591e-10 6.591e-10
1972.92 6.21652e-10 6.21652e-10
1979.2 6.18701e-10 6.18701e-10
1985.49 5.83165e-10 5.83165e-10
1991.77 5.80784e-10 5.80784e-10
1998.05 5.47058e-10 5.47058e-10
2004.34 5.45198e-10 5.45198e-10
2010.62 5.13184e-10 5.13184e-10
2016.9 5.11798e-10 5.11798e-10
2023.19 4.81404e-10 4.81404e-10
2029.47 4.8045e-10 4.8045e-10
2035.75 4.51589e-10 4.51589e-10
2042.04 4.51028e-10 4.51028e-10
2048.32 4.23619e-10 4.23619e-10
2054.6 4.23413e-10 4.23413e-10
2060.88 3.97378e-10 3.97378e-10
2067.17 3.97494e-10 3.97494e-10
2073.45 3.7276e-10 3.7276e-10
2079.73 3.73166e-10 3.73166e-10
2086.02 3.49664e-10 3.49664e-10
2092.3 3.50332e-10 3.50332e-10
2098.58 3.27997e-10 3.27997e-10
2104.87 3.289e-10 3.289e-10
2111.15 3.0767e-10 3.0767e-10
2117.43 3.08783e-10 3.08783e-10
2123.72 2.886e-10 2.886e-10
2130 2.89901e-10 2.89901e-10
2136.28 2.7071e-10 2.7071e-10
2142.57 2.72177e-10 2.72177e-10
2148.85 2.53927e-10 2.53927e-10
2155.13 2.5554e-10 2.5554e-10
2161.42 2.38182e-10 2.38182e-10
2167.7 2.39924e-10 2.39924e-10
2173.98 2.23411e-10 2.23411e-10
2180.27 2.25265e-10 2.25265e-10
2186.55 2.09554e-10 2.09554e-10
2192.83 2.11506e-10 2.11506e-10
2199.11 1.96555e-10 1.96555e-10
2205.4 1.9859e-10 1.9859e-10
2211.68 1.84359e-10 1.84359e-10
2217.96 1.86466e-10 1.86466e-10
2224.25 1.72919e-10 1.72919e-10
2230.53 1.75084e-10 1.75084e-10
2236.81 1.62187e-10 1.62187e-10
2243.1 1.644e-10 1.644e-10
2249.38 1.52119e-10 1.52119e-10
2255.66 1.54371e-10 1.54371e-10
2261.95 1.42674e-10 1.42674e-10
2268.23 1.44956e-10 1.44956e-10
2274.51 1.33814e-10 1.33814e-10
2280.8 1.36118e-10 1.36118e-10
2287.08 1.25502e-10 1.25502e-10
2293.36 1.27821e-10 1.27821e-10
2299.65 1.17705e-10 1.17705e-10
2305.93 1.20032e-10 1.20032e-10
2312.21 1.10391e-10 1.10391e-10
2318.5 1.1272e-10 1.1272e-10
2324.78 1.0353e-10 1.0353e-10
2331.06 1.05855e-10 1.05855e-10
2337.34 9.70944e-11 9.70944e-11
2343.63 9.94099e-11 9.94099e-11
2349.91 9.1057e-11 9.1057e-11
2356.19 9.33594e-11 9.33594e-11
2362.48 8.53937e-11 8.53937e-11
2368.76 8.76789e-11 8.76789e-11
2375.04 8.00813e-11 8.00813e-11
2381.33 8.23458e-11 8.23458e-11
2387.61 7.50981e-11 7.50981e-11
2393.89 7.73387e-11 7.73387e-11
2400.18 7.04238e-11 7.04238e-11
2406.46 7.26377e-11 7.26377e-11
2412.74 6.60392e-11 6.60392e-11
2419.03 6.8224e-11 6.8224e-11
2425.31 6.19265e-11 6.19265e-11
2431.59 6.40799e-11 6.40799e-11
2437.88 5.80688e-11 5.80688e-11
2444.16 6.0189e-11 6.0189e-11
2450.44 5.44503e-11 5.44503e-11
2456.73 5.65357e-11 5.65357e-11
2463.01 5.10563e-11 5.10563e-11
2469.29 5.31054e-11 5.31054e-11
2475.58 4.78728e-11 4.78728e-11
2481.86 4.98846e-11 4.98846e-11
2488.14 4.48869e-11 4.48869e-11
2494.42 4.68602e-11 4.68602e-11
2500.71 4.20862e-11 4.20862e-11
2506.99 4.40204e-11 4.40204e-11
2513.27 3.94595e-11 3.94595e-11
2519.56 4.13538e-11 4.13538e-11
2525.84 3.69958e-11 3.69958e-11
2532.12 3.88498e-11 3.88498e-11
2538.41 3.4685e-11 3.4685e-11
2544.69 3.64985e-11 3.64985e-11
2550.97 3.25179e-11 3.25179e-11
2557.26 3.42904e-11 3.42904e-11
2563.54 3.04853e-11 3.04853e-11
2569.82 3.22169e-11 3.22169e-11
2576.11 2.8579e-11 2.8579e-11
2582.39 3.02697e-11 3.02697e-11
2588.67 2.67912e-11 2.67912e-11
2594.96 2.8441e-11 2.8441e-11
2601.24 2.51146e-11 2.51146e-11
2607.52 2.67237e-11 2.67237e-11
2613.81 2.35422e-11 2.35422e-11
2620.09 2.51109e-11 2.51109e-11
2626.37 2.20676e-11 2.20676e-11
2632.65 2.35962e-11 2.35962e-11
2638.94 2.06847e-11 2.06847e-11
2645.22 2.21736e-11 2.21736e-11
2651.5 1.93879e-11 1.93879e-11
2657.79 2.08375e-11 2.08375e-11
2664.07 1.81718e-11 1.81718e-11
2670.35 1.95827e-11 1.95827e-11
2676.64 1.70315e-11 1.70315e-11
2682.92 1.8404e-11 1.8404e-11
2689.2 1.59622e-11 1.59622e-11
2695.49 1.7297e-11 1.7297e-11
2701.77 1.49594e-11 1.49594e-11
2708.05 1.62571e-11 1.62571e-11
2714.34 1.40192e-11 1.40192e-11
2720.62 1.52804e-11 1.52804e-11
2726.9 1.31376e-11 1.31376e-11
2733.19 1.4363e-11 1.4363e-11
2739.47 1.2311e-11 1.2311e-11
2745.75 1.35012e-11 1.35012e-11
2752.04 1.15359e-11 1.15359e-11
2758.32 1.26916e-11 1.26916e-11
2764.6 1.08092e-11 1.08092e-11
2770.88 1.19311e-11 1.19311e-11
2777.17 1.01279e-11 1.01279e-11
2783.45 1.12166e-11 1.12166e-11
2789.73 9.48913e-12 9.48913e-12
2796.02 1.05455e-11 1.05455e-11
2802.3 8.89027e-12 8.89027e-12
2808.58 9.91492e-12 9.91492e-12
2814.87 8.32883e-12 8.32883e-12
2821.15 9.32252e-12 9.32252e-12
2827.43 7.8025e-12 7.8025e-12
2833.72 8.76594e-12 8.76594e-12
2840 7.3091e-12 7.3091e-12
2846.28 8.24301e-12 8.24301e-12
2852.57 6.84657e-12 6.84657e-12
2858.85 7.75167e-12 7.75167e-12
2865.13 6.413e-12 6.413e-12
2871.42 7.29001e-12 7.29001e-12
2877.7 6.00659e-12 6.00659e-12
2883.98 6.85621e-12 6.85621e-12
2890.27 5.62565e-12 5.62565e-12
2896.55 6.44859e-12 6.44859e-12
2902.83 5.2686e-12 5.2686e-12
2909.11 6.06555e-12 6.06555e-12
2915.4 4.93394e-12 4.93394e-12
2921.68 5.70559e-12 5.70559e-12
2927.96 4.62029e-12 4.62029e-12
2934.25 5.36732e-12 5.36732e-12
2940.53 4.32633e-12 4.32633e-12
2946.81 5.04941e-12 5.04941e-12
2953.1 4.05084e-12 4.05084e-12
2959.38 4.75063e-12 4.75063e-12
2965.66 3.79268e-12 3.79268e-12
2971.95 4.46983e-12 4.46983e-12
2978.23 3.55075e-12 3.55075e-12
2984.51 4.2059e-12 4.2059e-12
2990.8 3.32405e-12 3.32405e-12
2997.08 3.95782e-12 3.95782e-12
3003.36 3.11163e-12 3.11163e-12
3009.65 3.72464e-12 3.72464e-12
3015.93 2.9126e-12 2.9126e-12
3022.21 3.50545e-12 3.50545e-12
3028.5 2.72611e-12 2.72611e-12
3034.78 3.2994e-12 3.2994e-12
3041.06 2.5514e-12 2.5514e-12
3047.34 3.10569e-12 3.10569e-12
3053.63 2.38772e-12 2.38772e-12
3059.91 2.92359e-12 2.92359e-12
3066.19 2.23438e-12 2.23438e-12
3072.48 2.75238e-12 2.75238e-12
3078.76 2.09075e-12 2.09075e-12
3085.04 2.59142e-12 2.59142e-12
3091.33 1.9562e-12 1.9562e-12
3097.61 2.44007e-12 2.44007e-12
3103.89 1.83017e-12 1.83017e-12
3110.18 2.29775e-12 2.29775e-12
3116.46 1.71214e-12 1.71214e-12
3122.74 2.16393e-12 2.16393e-12
3129.03 1.60159e-12 1.60159e-12
3135.31 2.03809e-12 2.03809e-12
3141.59 1.49806e-12 1.49806e-12
3147.88 1.91975e-12 1.91975e-12
3154.16 1.40111e-12 1.40111e-12
3160.44 1.80845e-12 1.80845e-12
3166.73 1.31033e-12 1.31033e-12
3173.01 1.70377e-12 1.70377e-12
3179.29 1.22533e-12 1.22533e-12
3185.57 1.60531e-12 1.60531e-12
3191.86 1.14575e-12 1.14575e-12
3198.14 1.5127e-12 1.5127e-12
3204.42 1.07124e-12 1.07124e-12
3210.71 1.42559e-12 1.42559e-12
3216.99 1.00149e-12 1.00149e-12
3223.27 1.34364e-12 1.34364e-12
3229.56 9.36201e-13 9.36201e-13
3235.84 1.26654e-12 1.26654e-12
3242.12 8.7509e-13 8.7509e-13
3248.41 1.194e-12 1.194e-12
3254.69 8.17894e-13 8.17894e-13
3260.97 1.12575e-12 1.12575e-12
3267.26 7.64367e-13 7.64367e-13
3273.54 1.06154e-12 1.06154e-12
3279.82 7.14277e-13 7.14277e-13
3286.11 1.00111e-12 1.00111e-12
3292.39 6.67407e-13 6.67407e-13
3298.67 9.44239e-13 9.44239e-13
3304.96 6.23555e-13 6.23555e-13
3311.24 8.9072e-13 8.9072e-13
3317.52 5.8253e-13 5.8253e-13
3323.81 8.40348e-13 8.40348e-13
3330.09 5.44152e-13 5.44152e-13
3336.37 7.92936e-13 7.92936e-13
3342.65 5.08255e-13 5.08255e-13
3348.94 7.48306e-13 7.48306e-13
3355.22 4.74681e-13 4.74681e-13
3361.5 7.06292e-13 7.06292e-13
3367.79 4.43284e-13 4.43284e-13
3374.07 6.66738e-13 6.66738e-13
3380.35 4.13924e-13 4.13924e-13
3386.64 6.29497e-13 6.29497e-13
3392.92 3.86474e-13 3.86474e-13
3399.2 5.94431e-13 5.94431e-13
3405.49 3.60811e-13 3.60811e-13
3411.77 5.61411e-13 5.61411e-13
3418.05 3.36821e-13 3.36821e-13
3424.34 5.30315e-13 5.30315e-13
3430.62 3.14399e-13 3.14399e-13
3436.9 5.01029e-13 5.01029e-13
3443.19 2.93445e-13 2.93445e-13
3449.47 4.73444e-13 4.73444e-13
3455.75 2.73864e-13 2.73864e-13
3462.04 4.4746e-13 4.4746e-13
3468.32 2.5557e-13 2.5557e-13
3474.6 4.22982e-13 4.22982e-13
3480.88 2.38479e-13 2.38479e-13
3487.17 3.9992e-13 3.9992e-13
3493.45 2.22516e-13 2.22516e-13
3499.73 3.78191e-13 3.78191e-13
3506.02 2.07607e-13 2.07607e-13
3512.3 3.57716e-13 3.57716e-13
3518.58 1.93685e-13 1.93685e-13
3524.87 3.38421e-13 3.38421e-13
3531.15 1.80687e-13 1.80687e-13
3537.43 3.20236e-13 3.20236e-13
3543.72 1.68554e-13 1.68554e-13
3550 3.03095e-13 3.03095e-13
3556.28 1.57229e-13 1.57229e-13
3562.57 2.86937e-13 2.86937e-13
3568.85 1.46661e-13 1.46661e-13
3575.13 2.71704e-13 2.71704e-13
3581.42 1.36801e-13 1.36801e-13
3587.7 2.57342e-13 2.57342e-13
3593.98 1.27602e-13 1.27602e-13
3600.27 2.43799e-13 2.43799e-13
3606.55 1.19023e-13 1.19023e-13
3612.83 2.31028e-13 2.31028e-13
3619.11 1.11023e-13 1.11023e-13
3625.4 2.18982e-13 2.18982e-13
3631.68 1.03565e-13 1.03565e-13
3637.96 2.07621e-13 2.07621e-13
3644.25 9.66126e-14 9.66126e-14
3650.53 1.96903e-13 1.96903e-13
3656.81 9.01337e-14 9.01337e-14
3663.1 1.86791e-13 1.86791e-13
3669.38 8.40972e-14 8.40972e-14
3675.66 1.77249e-13 1.77249e-13
3681.95 7.84743e-14 7.84743e-14
3688.23 1.68245e-13 1.68245e-13
3694.51 7.32378e-14 7.32378e-14
3700.8 1.59748e-13 1.59748e-13
3707.08 6.83625e-14 6.83625e-14
3713.36 1.51726e-13 1.51726e-13
3719.65 6.38246e-14 6.38246e-14
3725.93 1.44154e-13 1.44154e-13
3732.21 5.96018e-14 5.96018e-14
3738.5 1.37005e-13 1.37005e-13
3744.78 5.56735e-14 5.56735e-14
3751.06 1.30254e-13 1.30254e-13
3757.34 5.202e-14 5.202e-14
3763.63 1.23879e-13 1.23879e-13
3769.91 4.86233e-14 4.86233e-14
3776.19 1.17857e-13 1.17857e-13
3782.48 4.54663e-14 4.54663e-14
3788.76 1.12169e-13 1.12169e-13
3795.04 4.25329e-14 4.25329e-14
3801.33 1.06795e-13 1.06795e-13
3807.61 3.98084e-14 3.98084e-14
3813.89 1.01717e-13 1.01717e-13
3820.18 3.72787e-14 3.72787e-14
3826.46 9.69182e-14 9.69182e-14
3832.74 3.49307e-14 3.49307e-14
3839.03 9.23825e-14 9.23825e-14
3845.31 3.27523e-14 3.27523e-14
3851.59 8.80948e-14 8.80948e-14
3857.88 3.0732e-14 3.0732e-14
3864.16 8.4041e-14 8.4041e-14
3870.44 2.88592e-14 2.88592e-14
3876.73 8.02077e-14 8.02077e-14
3883.01 2.71238e-14 2.71238e-14
3889.29 7.65824e-14 7.65824e-14
3895.57 2.55164e-14 2.55164e-14
3901.86 7.31533e-14 7.31533e-14
3908.14 2.40284e-14 2.40284e-14
3914.42 6.99092e-14 6.99092e-14
3920.71 2.26516e-14 2.26516e-14
3926.99 6.68397e-14 6.68397e-14
3933.27 2.13784e-14 2.13784e-14
3939.56 6.39349e-14 6.39349e-14
3945.84 2.02015e-14 2.02015e-14
3952.12 6.11854e-14 6.11854e-14
3958.41 1.91144e-14 1.91144e-14
3964.69 5.85827e-14 5.85827e-14
3970.97 1.81108e-14 1.81108e-14
3977.26 5.61183e-14 5.61183e-14
3983.54 1.71849e-14 1.71849e-14
3989.82 5.37846e-14 5.37846e-14
3996.11 1.63312e-14 1.63312e-14
4002.39 5.15742e-14 5.15742e-14
4008.67 1.55447e-14 1.55447e-14
4014.96 4.94802e-14 4.94802e-14
4021.24 1.48206e-14 1.48206e-14
4027.52 4.74962e-14 4.74962e-14
4033.8 1.41546e-14 1.41546e-14
4040.09 4.56161e-14 4.56161e-14
4046.37 1.35424e-14 1.35424e-14
4052.65 4.3834e-14 4.3834e-14
4058.94 1.29802e-14 1.29802e-14
4065.22 4.21445e-14 4.21445e-14
4071.5 1.24645e-14 1.24645e-14
4077.79 4.05425e-14 4.05425e-14
4084.07 1.19918e-14 1.19918e-14
4090.35 3.90233e-14 3.90233e-14
4096.64 1.1559e-14 1.1559e-14
4102.92 3.75822e-14 3.75822e-14
4109.2 1.11632e-14 1.11632e-14
4115.49 3.62149e-14 3.62149e-14
4121.77 1.08018e-14 1.08018e-14
4128.05 3.49175e-14 3.49175e-14
4134.34 1.0472e-14 1.0472e-14
4140.62 3.3686e-14 3.3686e-14
4146.9 1.01717e-14 1.01717e-14
4153.19 3.25169e-14 3.25169e-14
4159.47 9.89848e-15 9.89848e-15
4165.75 3.14069e-14 3.14069e-14
4172.04 9.65041e-15 9.65041e-15
4178.32 3.03527e-14 3.03527e-14
4184.6 9.42554e-15 9.42554e-15
4190.88 2.93512e-14 2.93512e-14
4197.17 9.22209e-15 9.22209e-15
4203.45 2.83997e-14 2.83997e-14
4209.73 9.03841e-15 9.03841e-15
4216.02 2.74955e-14 2.74955e-14
4222.3 8.87295e-15 8.87295e-15
4228.58 2.6636e-14 2.6636e-14
4234.87 8.72427e-15 8.72427e-15
4241.15 2.58188e-14 2.58188e-14
4247.43 8.59105e-15 8.59105e-15
4253.72 2.50417e-14 2.50417e-14
4260 8.47203e-15 8.47203e-15
4266.28 2.43026e-14 2.43026e-14
4272.57 8.36607e-15 8.36607e-15
4278.85 2.35993e-14 2.35993e-14
4285.13 8.27209e-15 8.27209e-15
4291.42 2.29301e-14 2.29301e-14
4297.7 8.18911e-15 8.18911e-15
4303.98 2.22932e-14 2.22932e-14
4310.27 8.11618e-15 8.11618e-15
4316.55 2.16868e-14 2.16868e-14
4322.83 8.05247e-15 8.05247e-15
4329.11 2.11093e-14 2.11093e-14
4335.4 7.99717e-15 7.99717e-15
4341.68 2.05592e-14 2.05592e-14
4347.96 7.94954e-15 7.94954e-15
4354.25 2.00352e-14 2.00352e-14
4360.53 7.9089e-15 7.9089e-15
4366.81 1.95358e-14 1.95358e-14
4373.1 7.87463e-15 7.87463e-15
4379.38 1.90598e-14 1.90598e-14
4385.66 7.84612e-15 7.84612e-15
4391.95 1.86059e-14 1.86059e-14
4398.23 7.82285e-15 7.82285e-15
4404.51 1.81731e-14 1.81731e-14
4410.8 7.80431e-15 7.80431e-15
4417.08 1.77602e-14 1.77602e-14
4423.36 7.79003e-15 7.79003e-15
4429.65 1.73663e-14 1.73663e-14
4435.93 7.77959e-15 7.77959e-15
4442.21 1.69904e-14 1.69904e-14
4448.5 7.7726e-15 7.7726e-15
4454.78 1.66315e-14 1.66315e-14
4461.06 7.76868e-15 7.76868e-15
4467.34 1.62887e-14 1.62887e-14
4473.63 7.76751e-15 7.76751e-15
4479.91 1.59614e-14 1.59614e-14
4486.19 7.76878e-15 7.76878e-15
4492.48 1.56487e-14 1.56487e-14
4498.76 7.7722e-15 7.7722e-15
4505.04 1.53499e-14 1.53499e-14
4511.33 7.7775e-15 7.7775e-15
4517.61 1.50642e-14 1.50642e-14
4523.89 7.78446e-15 7.78446e-15
4530.18 1.47911e-14 1.47911e-14
4536.46 7.79284e-15 7.79284e-15
4542.74 1.45299e-14 1.45299e-14
4549.03 7.80246e-15 7.80246e-15
4555.31 1.42801e-14 1.42801e-14
4561.59 7.81312e-15 7.81312e-15
4567.88 1.4041e-14 1.4041e-14
4574.16 7.82465e-15 7.82465e-15
4580.44 1.38121e-14 1.38121e-14
4586.73 7.83691e-15 7.83691e-15
4593.01 1.3593e-14 1.3593e-14
4599.29 7.84975e-15 7.84975e-15
4605.57 1.33832e-14 1.33832e-14
4611.86 7.86304e-15 7.86304e-15
4618.14 1.31822e-14 1.31822e-14
4624.42 7.87667e-15 7.87667e-15
4630.71 1.29896e-14 1.29896e-14
4636.99 7.89054e-15 7.89054e-15
4643.27 1.2805e-14 1.2805e-14
4649.56 7.90454e-15 7.90454e-15
4655.84 1.2628e-14 1.2628e-14
4662.12 7.9186e-15 7.9186e-15
4668.41 1.24583e-14 1.24583e-14
4674.69 7.93264e-15 7.93264e-15
4680.97 1.22955e-14 1.22955e-14
4687.26 7.94658e-15 7.94658e-15
4693.54 1.21392e-14 1.21392e-14
4699.82 7.96038e-15 7.96038e-15
4706.11 1.19893e-14 1.19893e-14
4712.39 7.97396e-15 7.97396e-15
4718.67 1.18454e-14 1.18454e-14
4724.96 7.98729e-15 7.98729e-15
4731.24 1.17071e-14 1.17071e-14
4737.52 8.00032e-15 8.00032e-15
4743.8 1.15743e-14 1.15743e-14
4750.09 8.01301e-15 8.01301e-15
4756.37 1.14467e-14 1.14467e-14
4762.65 8.02533e-15 8.02533e-15
4768.94 1.13241e-14 1.13241e-14
4775.22 8.03726e-15 8.03726e-15
4781.5 1.12062e-14 1.12062e-14
4787.79 8.04876e-15 8.04876e-15
4794.07 1.10928e-14 1.10928e-14
4800.35 8.05982e-15 8.05982e-15
4806.64 1.09837e-14 1.09837e-14
4812.92 8.07043e-15 8.07043e-15
4819.2 1.08787e-14 1.08787e-14
4825.49 8.08056e-15 8.08056e-15
4831.77 1.07777e-14 1.07777e-14
4838.05 8.09021e-15 8.09021e-15
4844.34 1.06804e-14 1.06804e-14
4850.62 8.09937e-15 8.09937e-15
4856.9 1.05867e-14 1.05867e-14
4863.19 8.10803e-15 8.10803e-15
4869.47 1.04965e-14 1.04965e-14
4875.75 8.11619e-15 8.11619e-15
4882.03 1.04095e-14 1.04095e-14
4888.32 8.12385e-15 8.12385e-15
4894.6 1.03257e-14 1.03257e-14
4900.88 8.131e-15 8.131e-15
4907.17 1.02449e-14 1.02449e-14
4913.45 8.13766e-15 8.13766e-15
4919.73 1.01669e-14 1.01669e-14
4926.02 8.14381e-15 8.14381e-15
4932.3 1.00917e-14 1.00917e-14
4938.58 8.14948e-15 8.14948e-15
4944.87 1.00192e-14 1.00192e-14
4951.15 8.15466e-15 8.15466e-15
4957.43 9.94915e-15 9.94915e-15
4963.72 8.15935e-15 8.15935e-15
4970 9.88154e-15 9.88154e-15
4976.28 8.16357e-15 8.16357e-15
4982.57 9.81624e-15 9.81624e-15
4988.85 8.16733e-15 8.16733e-15
4995.13 9.75315e-15 9.75315e-15
5001.42 8.17063e-15 8.17063e-15
5007.7 9.6922e-15 9.6922e-15
5013.98 8.17348e-15 8.17348e-15
5020.27 9.63328e-15 9.63328e-15
5026.55 8.1759e-15 8.1759e-15
5032.83 9.57632e-15 9.57632e-15
5039.11 8.17788e-15 8.17788e-15
5045.4 9.52123e-15 9.52123e-15
5051.68 8.17946e-15 8.17946e-15
5057.96 9.46795e-15 9.46795e-15
5064.25 8.18063e-15 8.18063e-15
5070.53 9.41639e-15 9.41639e-15
5076.81 8.1814e-15 8.1814e-15
5083.1 9.36649e-15 9.36649e-15
5089.38 8.1818e-15 8.1818e-15
5095.66 9.31818e-15 9.31818e-15
5101.95 8.18183e-15 8.18183e-15
5108.23 9.27141e-15 9.27141e-15
5114.51 8.1815e-15 8.1815e-15
5120.8 9.2261e-15 9.2261e-15
5127.08 8.18082e-15 8.18082e-15
5133.36 9.1822e-15 9.1822e-15
5139.65 8.17981e-15 8.17981e-15
5145.93 9.13967e-15 9.13967e-15
5152.21 8.17848e-15 8.17848e-15
5158.5 9.09844e-15 9.09844e-15
5164.78 8.17684e-15 8.17684e-15
5171.06 9.05846e-15 9.05846e-15
5177.34 8.17491e-15 8.17491e-15
5183.63 9.0197e-15 9.0197e-15
5189.91 8.17269e-15 8.17269e-15
5196.19 8.9821e-15 8.9821e-15
5202.48 8.1702e-15 8.1702e-15
5208.76 8.94562e-15 8.94562e-15
5215.04 8.16744e-15 8.16744e-15
5221.33 8.91022e-15 8.91022e-15
5227.61 8.16444e-15 8.16444e-15
5233.89 8.87586e-15 8.87586e-15
5240.18 8.1612e-15 8.1612e-15
5246.46 8.8425e-15 8.8425e-15
5252.74 8.15773e-15 8.15773e-15
5259.03 8.8101e-15 8.8101e-15
5265.31 8.15404e-15 8.15404e-15
5271.59 8.77864e-15 8.77864e-15
5277.88 8.15015e-15 8.15015e-15
5284.16 8.74807e-15 8.74807e-15
5290.44 8.14607e-15 8.14607e-15
5296.73 8.71837e-15 8.71837e-15
5303.01 8.1418e-15 8.1418e-15
5309.29 8.68951e-15 8.68951e-15
5315.57 8.13736e-15 8.13736e-15
5321.86 8.66146e-15 8.66146e-15
5328.14 8.13275e-15 8.13275e-15
5334.42 8.63418e-15 8.63418e-15
5340.71 8.12799e-15 8.12799e-15
5346.99 8.60766e-15 8.60766e-15
5353.27 8.12309e-15 8.12309e-15
5359.56 8.58187e-15 8.58187e-15
5365.84 8.11805e-15 8.11805e-15
5372.12 8.55678e-15 8.55678e-15
5378.41 8.11289e-15 8.11289e-15
5384.69 8.53237e-15 8.53237e-15
5390.97 8.10761e-15 8.10761e-15
5397.26 8.50862e-15 8.50862e-15
5403.54 8.10222e-15 8.10222e-15
5409.82 8.4855e-15 8.4855e-15
5416.11 8.09674e-15 8.09674e-15
5422.39 8.46301e-15 8.46301e-15
5428.67 8.09116e-15 8.09116e-15
5434.96 8.44111e-15 8.44111e-15
5441.24 8.0855e-15 8.0855e-15
5447.52 8.41979e-15 8.41979e-15
5453.8 8.07976e-15 8.07976e-15
5460.09 8.39903e-15 8.39903e-15
5466.37 8.07396e-15 8.07396e-15
5472.65 8.37881e-15 8.37881e-15
5478.94 8.06809e-15 8.06809e-15
5485.22 8.35913e-15 8.35913e-15
5491.5 8.06218e-15 8.06218e-15
5497.79 8.33995e-15 8.33995e-15
5504.07 8.05622e-15 8.05622e-15
5510.35 8.32127e-15 8.32127e-15
5516.64 8.05021e-15 8.05021e-15
5522.92 8.30308e-15 8.30308e-15
5529.2 8.04418e-15 8.04418e-15
5535.49 8.28535e-15 8.28535e-15
5541.77 8.03812e-15 8.03812e-15
5548.05 8.26808e-15 8.26808e-15
5554.34 8.03204e-15 8.03204e-15
5560.62 8.25125e-15 8.25125e-15
5566.9 8.02594e-15 8.02594e-15
5573.19 8.23485e-15 8.23485e-15
5579.47 8.01984e-15 8.01984e-15
5585.75 8.21887e-15 8.21887e-15
5592.03 8.01373e-15 8.01373e-15
5598.32 8.2033e-15 8.2033e-15
5604.6 8.00763e-15 8.00763e-15
5610.88 8.18812e-15 8.18812e-15
5617.17 8.00153e-15 8.00153e-15
5623.45 8.17333e-15 8.17333e-15
5629.73 7.99544e-15 7.99544e-15
5636.02 8.15892e-15 8.15892e-15
5642.3 7.98938e-15 7.98938e-15
5648.58 8.14488e-15 8.14488e-15
5654.87 7.98333e-15 7.98333e-15
5661.15 8.13119e-15 8.13119e-15
5667.43 7.97732e-15 7.97732e-15
5673.72 8.11785e-15 8.11785e-15
5680 7.97133e-15 7.97133e-15
5686.28 8.10486e-15 8.10486e-15
5692.57 7.96538e-15 7.96538e-15
5698.85 8.09219e-15 8.09219e-15
5705.13 7.95947e-15 7.95947e-15
5711.42 8.07986e-15 8.07986e-15
5717.7 7.9536e-15 7.9536e-15
5723.98 8.06784e-15 8.06784e-15
5730.27 7.94778e-15 7.94778e-15
5736.55 8.05613e-15 8.05613e-15
5742.83 7.94201e-15 7.94201e-15
5749.11 8.04472e-15 8.04472e-15
5755.4 7.93629e-15 7.93629e-15
5761.68 8.03361e-15 8.03361e-15
5767.96 7.93063e-15 7.93063e-15
5774.25 8.0228e-15 8.0228e-15
5780.53 7.92503e-15 7.92503e-15
5786.81 8.01226e-15 8.01226e-15
5793.1 7.9195e-15 7.9195e-15
5799.38 8.00201e-15 8.00201e-15
5805.66 7.91403e-15 7.91403e-15
5811.95 7.99203e-15 7.99203e-15
5818.23 7.90864e-15 7.90864e-15
5824.51 7.98232e-15 7.98232e-15
5830.8 7.90331e-15 7.90331e-15
5837.08 7.97288e-15 7.97288e-15
5843.36 7.89806e-15 7.89806e-15
5849.65 7.96369e-15 7.96369e-15
5855.93 7.89289e-15 7.89289e-15
5862.21 7.95476e-15 7.95476e-15
5868.5 7.88781e-15 7.88781e-15
5874.78 7.94607e-15 7.94607e-15
5881.06 7.8828e-15 7.8828e-15
5887.34 7.93764e-15 7.93764e-15
5893.63 7.87788e-15 7.87788e-15
5899.91 7.92944e-15 7.92944e-15
5906.19 7.87304e-15 7.87304e-15
5912.48 7.92148e-15 7.92148e-15
5918.76 7.8683e-15 7.8683e-15
5925.04 7.91375e-15 7.91375e-15
5931.33 7.86365e-15 7.86365e-15
5937.61 7.90625e-15 7.90625e-15
5943.89 7.85909e-15 7.85909e-15
5950.18 7.89898e-15 7.89898e-15
5956.46 7.85462e-15 7.85462e-15
5962.74 7.89193e-15 7.89193e-15
5969.03 7.85025e-15 7.85025e-15
5975.31 7.8851e-15 7.8851e-15
5981.59 7.84599e-15 7.84599e-15
5987.88 7.87849e-15 7.87849e-15
5994.16 7.84182e-15 7.84182e-15
6000.44 7.87209e-15 7.87209e-15
6006.73 7.83775e-15 7.83775e-15
6013.01 7.8659e-15 7.8659e-15
6019.29 7.83379e-15 7.83379e-15
6025.57 7.85992e-15 7.85992e-15
6031.86 7.82993e-15 7.82993e-15
6038.14 7.85414e-15 7.85414e-15
6044.42 7.82618e-15 7.82618e-15
6050.71 7.84857e-15 7.84857e-15
6056.99 7.82254e-15 7.82254e-15
6063.27 7.8432e-15 7.8432e-15
6069.56 7.819e-15 7.819e-15
6075.84 7.83803e-15 7.83803e-15
6082.12 7.81557e-15 7.81557e-15
6088.41 7.83305e-15 7.83305e-15
6094.69 7.81226e-15 7.81226e-15
6100.97 7.82827e-15 7.82827e-15
6107.26 7.80906e-15 7.80906e-15
6113.54 7.82368e-15 7.82368e-15
6119.82 7.80597e-15 7.80597e-15
6126.11 7.81928e-15 7.81928e-15
6132.39 7.80299e-15 7.80299e-15
6138.67 7.81507e-15 7.81507e-15
6144.96 7.80013e-15 7.80013e-15
6151.24 7.81105e-15 7.81105e-15
6157.52 7.79739e-15 7.79739e-15
6163.8 7.80721e-15 7.80721e-15
6170.09 7.79476e-15 7.79476e-15
6176.37 7.80356e-15 7.80356e-15
6182.65 7.79225e-15 7.79225e-15
6188.94 7.80009e-15 7.80009e-15
6195.22 7.78986e-15 7.78986e-15
6201.5 7.7968e-15 7.7968e-15
6207.79 7.78758e-15 7.78758e-15
6214.07 7.79369e-15 7.79369e-15
6220.35 7.78543e-15 7.78543e-15
6226.64 7.79076e-15 7.79076e-15
6232.92 7.78339e-15 7.78339e-15
6239.2 7.78801e-15 7.78801e-15
6245.49 7.78148e-15 7.78148e-15
6251.77 7.78543e-15 7.78543e-15
6258.05 7.77969e-15 7.77969e-15
6264.34 7.78303e-15 7.78303e-15
6270.62 7.77802e-15 7.77802e-15
6276.9 7.78081e-15 7.78081e-15
6283.19 7.77647e-15 7.77647e-15
6289.47 7.77876e-15 7.77876e-15
6295.75 7.77504e-15 7.77504e-15
6302.03 7.77688e-15 7.77688e-15
6308.32 7.77374e-15 7.77374e-15
6314.6 7.77518e-15 7.77518e-15
6320.88 7.77256e-15 7.77256e-15
6327.17 7.77364e-15 7.77364e-15
6333.45 7.7715e-15 7.7715e-15
6339.73 7.77228e-15 7.77228e-15
6346.02 7.77056e-15 7.77056e-15
6352.3 7.77109e-15 7.77109e-15
6358.58 7.76976e-15 7.76976e-15
6364.87 7.77008e-15 7.77008e-15
6371.15 7.76907e-15 7.76907e-15
6377.43 7.76923e-15 7.76923e-15
6383.72 7.76851e-15 7.76851e-15
6390 7.76855e-15 7.76855e-15
6396.28 7.76807e-15 7.76807e-15
6402.57 7.76804e-15 7.76804e-15
6408.85 7.76776e-15 7.76776e-15
6415.13 7.7677e-15 7.7677e-15
6421.42 7.76757e-15 7.76757e-15
6427.7 7.76753e-15 7.76753e-15
6433.98 7.76751e-15 7.76751e-15
