0 2.6277e-13 2.6277e-13
6.28319 0.238671 0.238671
12.5664 0.0098639 0.0098639
18.8496 0.000909223 0.000909223
25.1327 0.000117197 0.000117197
31.4159 1.82166e-05 1.82166e-05
37.6991 3.17265e-06 3.17265e-06
43.9823 6.06889e-07 6.06889e-07
50.2655 1.19448e-07 1.19448e-07
56.5487 2.66005e-08 2.66005e-08
62.8319 5.08683e-09 5.08683e-09
69.115 1.53847e-09 1.53847e-09
75.3982 1.68786e-10 1.68786e-10
81.6814 1.58529e-10 1.58529e-10
87.9646 5.66109e-13 5.66109e-13
94.2478 4.69447e-11 4.69447e-11
100.531 1.70267e-11 1.70267e-11
106.814 3.38872e-11 3.38872e-11
113.097 2.80399e-11 2.80399e-11
119.381 3.43399e-11 3.43399e-11
125.664 3.42769e-11 3.42769e-11
131.947 3.73966e-11 3.73966e-11
138.23 3.86787e-11 3.86787e-11
144.513 4.07178e-11 4.07178e-11
150.796 4.21435e-11 4.21435e-11
157.08 4.36583e-11 4.36583e-11
163.363 4.48867e-11 4.48867e-11
169.646 4.6019e-11 4.6019e-11
175.929 4.69536e-11 4.69536e-11
182.212 4.77439e-11 4.77439e-11
188.496 4.83651e-11 4.83651e-11
194.779 4.88357e-11 4.88357e-11
201.062 4.91536e-11 4.91536e-11
207.345 4.93294e-11 4.93294e-11
213.628 4.93684e-11 4.93684e-11
219.911 4.92799e-11 4.92799e-11
226.195 4.90723e-11 4.90723e-11
232.478 4.87549e-11 4.87549e-11
238.761 4.83371e-11 4.83371e-11
245.044 4.78285e-11 4.78285e-11
251.327 4.72384e-11 4.72384e-11
257.611 4.65763e-11 4.65763e-11
263.894 4.58511e-11 4.58511e-11
270.177 4.50716e-11 4.50716e-11
276.46 4.42462e-11 4.42462e-11
282.743 4.33827e-11 4.33827e-11
289.027 4.24886e-11 4.24886e-11
295.31 4.15705e-11 4.15705e-11
301.593 4.0635e-11 4.0635e-11
307.876 3.96877e-11 3.96877e-11
314.159 3.8734e-11 3.8734e-11
320.442 3.77785e-11 3.77785e-11
326.726 3.68254e-11 3.68254e-11
333.009 3.58785e-11 3.58785e-11
339.292 3.49409e-11 3.49409e-11
345.575 3.40156e-11 3.40156e-11
351.858 3.31048e-11 3.31048e-11
358.142 3.22107e-11 3.22107e-11
364.425 3.13349e-11 3.13349e-11
370.708 3.04787e-11 3.04787e-11
376.991 2.96432e-11 2.96432e-11
383.274 2.88292e-11 2.88292e-11
389.557 2.80373e-11 2.80373e-11
395.841 2.72679e-11 2.72679e-11
402.124 2.65211e-11 2.65211e-11
408.407 2.5797e-11 2.5797e-11
414.69 2.50955e-11 2.50955e-11
420.973 2.44165e-11 2.44165e-11
427.257 2.37595e-11 2.37595e-11
433.54 2.31243e-11 2.31243e-11
439.823 2.25104e-11 2.25104e-11
446.106 2.19172e-11 2.19172e-11
452.389 2.13443e-11 2.13443e-11
458.673 2.07911e-11 2.07911e-11
464.956 2.02569e-11 2.02569e-11
471.239 1.97413e-11 1.97413e-11
477.522 1.92435e-11 1.92435e-11
483.805 1.87629e-11 1.87629e-11
490.088 1.8299e-11 1.8299e-11
496.372 1.78511e-11 1.78511e-11
502.655 1.74186e-11 1.74186e-11
508.938 1.7001e-11 1.7001e-11
515.221 1.65976e-11 1.65976e-11
521.504 1.6208e-11 1.6208e-11
527.788 1.58314e-11 1.58314e-11
534.071 1.54676e-11 1.54676e-11
540.354 1.51158e-11 1.51158e-11
546.637 1.47757e-11 1.47757e-11
552.92 1.44468e-11 1.44468e-11
559.203 1.41285e-11 1.41285e-11
565.487 1.38206e-11 1.38206e-11
571.77 1.35225e-11 1.35225e-11
578.053 1.32339e-11 1.32339e-11
584.336 1.29544e-11 1.29544e-11
590.619 1.26837e-11 1.26837e-11
596.903 1.24213e-11 1.24213e-11
603.186 1.21669e-11 1.21669e-11
609.469 1.19203e-11 1.19203e-11
615.752 1.16811e-11 1.16811e-11
622.035 1.1449e-11 1.1449e-11
628.319 1.12239e-11 1.12239e-11
634.602 1.10053e-11 1.10053e-11
640.885 1.0793e-11 1.0793e-11
647.168 1.05869e-11 1.05869e-11
653.451 1.03866e-11 1.03866e-11
659.734 1.0192e-11 1.0192e-11
666.018 1.00029e-11 1.00029e-11
672.301 9.81895e-12 9.81895e-12
678.584 9.6401e-12 9.6401e-12
684.867 9.46613e-12 9.46613e-12
691.15 9.29686e-12 9.29686e-12
697.434 9.13212e-12 9.13212e-12
703.717 8.97175e-12 8.97175e-12
710 8.81561e-12 8.81561e-12
716.283 8.66354e-12 8.66354e-12
722.566 8.5154e-12 8.5154e-12
728.849 8.37107e-12 8.37107e-12
735.133 8.2304e-12 8.2304e-12
741.416 8.09329e-12 8.09329e-12
747.699 7.95961e-12 7.95961e-12
753.982 7.82924e-12 7.82924e-12
760.265 7.70209e-12 7.70209e-12
766.549 7.57803e-12 7.57803e-12
772.832 7.45699e-12 7.45699e-12
779.115 7.33885e-12 7.33885e-12
785.398 7.22352e-12 7.22352e-12
791.681 7.11093e-12 7.11093e-12
797.965 7.00098e-12 7.00098e-12
804.248 6.89358e-12 6.89358e-12
810.531 6.78867e-12 6.78867e-12
816.814 6.68617e-12 6.68617e-12
823.097 6.586e-12 6.586e-12
829.38 6.48809e-12 6.48809e-12
835.664 6.39238e-12 6.39238e-12
841.947 6.29879e-12 6.29879e-12
848.23 6.20728e-12 6.20728e-12
854.513 6.11777e-12 6.11777e-12
860.796 6.03021e-12 6.03021e-12
867.08 5.94454e-12 5.94454e-12
873.363 5.86071e-12 5.86071e-12
879.646 5.77867e-12 5.77867e-12
885.929 5.69837e-12 5.69837e-12
892.212 5.61975e-12 5.61975e-12
898.495 5.54277e-12 5.54277e-12
904.779 5.46739e-12 5.46739e-12
911.062 5.39356e-12 5.39356e-12
917.345 5.32124e-12 5.32124e-12
923.628 5.25039e-12 5.25039e-12
929.911 5.18097e-12 5.18097e-12
936.195 5.11294e-12 5.11294e-12
942.478 5.04626e-12 5.04626e-12
948.761 4.9809e-12 4.9809e-12
955.044 4.91682e-12 4.91682e-12
961.327 4.854e-12 4.854e-12
967.611 4.79239e-12 4.79239e-12
973.894 4.73197e-12 4.73197e-12
980.177 4.67271e-12 4.67271e-12
986.46 4.61458e-12 4.61458e-12
992.743 4.55754e-12 4.55754e-12
999.026 4.50157e-12 4.50157e-12
1005.31 4.44665e-12 4.44665e-12
1011.59 4.39275e-12 4.39275e-12
1017.88 4.33985e-12 4.33985e-12
1024.16 4.28791e-12 4.28791e-12
1030.44 4.23692e-12 4.23692e-12
1036.73 4.18685e-12 4.18685e-12
1043.01 4.13769e-12 4.13769e-12
1049.29 4.0894e-12 4.0894e-12
1055.58 4.04197e-12 4.04197e-12
1061.86 3.99538e-12 3.99538e-12
1068.14 3.94961e-12 3.94961e-12
1074.42 3.90464e-12 3.90464e-12
1080.71 3.86045e-12 3.86045e-12
1086.99 3.81703e-12 3.81703e-12
1093.27 3.77435e-12 3.77435e-12
1099.56 3.7324e-12 3.7324e-12
1105.84 3.69116e-12 3.69116e-12
1112.12 3.65062e-12 3.65062e-12
1118.41 3.61076e-12 3.61076e-12
1124.69 3.57157e-12 3.57157e-12
1130.97 3.53303e-12 3.53303e-12
1137.26 3.49512e-12 3.49512e-12
1143.54 3.45784e-12 3.45784e-12
1149.82 3.42116e-12 3.42116e-12
1156.11 3.38508e-12 3.38508e-12
1162.39 3.34959e-12 3.34959e-12
1168.67 3.31466e-12 3.31466e-12
1174.96 3.2803e-12 3.2803e-12
1181.24 3.24648e-12 3.24648e-12
1187.52 3.21319e-12 3.21319e-12
1193.81 3.18043e-12 3.18043e-12
1200.09 3.14819e-12 3.14819e-12
1206.37 3.11644e-12 3.11644e-12
1212.65 3.08519e-12 3.08519e-12
1218.94 3.05442e-12 3.05442e-12
1225.22 3.02412e-12 3.02412e-12
1231.5 2.99429e-12 2.99429e-12
1237.79 2.9649e-12 2.9649e-12
1244.07 2.93596e-12 2.93596e-12
1250.35 2.90746e-12 2.90746e-12
1256.64 2.87938e-12 2.87938e-12
1262.92 2.85172e-12 2.85172e-12
1269.2 2.82447e-12 2.82447e-12
1275.49 2.79763e-12 2.79763e-12
1281.77 2.77117e-12 2.77117e-12
1288.05 2.74511e-12 2.74511e-12
1294.34 2.71942e-12 2.71942e-12
1300.62 2.6941e-12 2.6941e-12
1306.9 2.66915e-12 2.66915e-12
1313.19 2.64455e-12 2.64455e-12
1319.47 2.6203e-12 2.6203e-12
1325.75 2.5964e-12 2.5964e-12
1332.04 2.57284e-12 2.57284e-12
1338.32 2.54961e-12 2.54961e-12
1344.6 2.5267e-12 2.5267e-12
1350.88 2.50411e-12 2.50411e-12
1357.17 2.48184e-12 2.48184e-12
1363.45 2.45987e-12 2.45987e-12
1369.73 2.4382e-12 2.4382e-12
1376.02 2.41683e-12 2.41683e-12
1382.3 2.39575e-12 2.39575e-12
1388.58 2.37496e-12 2.37496e-12
1394.87 2.35445e-12 2.35445e-12
1401.15 2.33421e-12 2.33421e-12
1407.43 2.31424e-12 2.31424e-12
1413.72 2.29454e-12 2.29454e-12
1420 2.2751e-12 2.2751e-12
1426.28 2.25592e-12 2.25592e-12
1432.57 2.23699e-12 2.23699e-12
1438.85 2.2183e-12 2.2183e-12
1445.13 2.19986e-12 2.19986e-12
1451.42 2.18166e-12 2.18166e-12
1457.7 2.1637e-12 2.1637e-12
1463.98 2.14596e-12 2.14596e-12
1470.27 2.12845e-12 2.12845e-12
1476.55 2.11117e-12 2.11117e-12
1482.83 2.0941e-12 2.0941e-12
1489.11 2.07725e-12 2.07725e-12
1495.4 2.06062e-12 2.06062e-12
1501.68 2.04419e-12 2.04419e-12
1507.96 2.02796e-12 2.02796e-12
1514.25 2.01194e-12 2.01194e-12
1520.53 1.99612e-12 1.99612e-12
1526.81 1.98049e-12 1.98049e-12
1533.1 1.96505e-12 1.96505e-12
1539.38 1.94981e-12 1.94981e-12
1545.66 1.93475e-12 1.93475e-12
1551.95 1.91987e-12 1.91987e-12
1558.23 1.90517e-12 1.90517e-12
1564.51 1.89065e-12 1.89065e-12
1570.8 1.8763e-12 1.8763e-12
1577.08 1.86212e-12 1.86212e-12
1583.36 1.84812e-12 1.84812e-12
1589.65 1.83427e-12 1.83427e-12
1595.93 1.8206e-12 1.8206e-12
1602.21 1.80708e-12 1.80708e-12
1608.5 1.79372e-12 1.79372e-12
1614.78 1.78052e-12 1.78052e-12
1621.06 1.76747e-12 1.76747e-12
1627.34 1.75457e-12 1.75457e-12
1633.63 1.74182e-12 1.74182e-12
1639.91 1.72922e-12 1.72922e-12
1646.19 1.71676e-12 1.71676e-12
1652.48 1.70444e-12 1.70444e-12
1658.76 1.69227e-12 1.69227e-12
1665.04 1.68023e-12 1.68023e-12
1671.33 1.66832e-12 1.66832e-12
1677.61 1.65656e-12 1.65656e-12
1683.89 1.64492e-12 1.64492e-12
1690.18 1.63341e-12 1.63341e-12
1696.46 1.62203e-12 1.62203e-12
1702.74 1.61078e-12 1.61078e-12
1709.03 1.59965e-12 1.59965e-12
1715.31 1.58864e-12 1.58864e-12
1721.59 1.57776e-12 1.57776e-12
1727.88 1.56699e-12 1.56699e-12
1734.16 1.55634e-12 1.55634e-12
1740.44 1.5458e-12 1.5458e-12
1746.73 1.53538e-12 1.53538e-12
1753.01 1.52507e-12 1.52507e-12
1759.29 1.51488e-12 1.51488e-12
1765.58 1.50479e-12 1.50479e-12
1771.86 1.4948e-12 1.4948e-12
1778.14 1.48493e-12 1.48493e-12
1784.42 1.47516e-12 1.47516e-12
1790.71 1.46549e-12 1.46549e-12
1796.99 1.45592e-12 1.45592e-12
1803.27 1.44646e-12 1.44646e-12
1809.56 1.43709e-12 1.43709e-12
1815.84 1.42782e-12 1.42782e-12
1822.12 1.41864e-12 1.41864e-12
1828.41 1.40956e-12 1.40956e-12
1834.69 1.40058e-12 1.40058e-12
1840.97 1.39168e-12 1.39168e-12
1847.26 1.38288e-12 1.38288e-12
1853.54 1.37417e-12 1.37417e-12
1859.82 1.36554e-12 1.36554e-12
1866.11 1.357e-12 1.357e-12
1872.39 1.34855e-12 1.34855e-12
1878.67 1.34018e-12 1.34018e-12
1884.96 1.3319e-12 1.3319e-12
1891.24 1.3237e-12 1.3237e-12
1897.52 1.31558e-12 1.31558e-12
1903.81 1.30755e-12 1.30755e-12
1910.09 1.29959e-12 1.29959e-12
1916.37 1.29171e-12 1.29171e-12
1922.65 1.28391e-12 1.28391e-12
1928.94 1.27618e-12 1.27618e-12
1935.22 1.26853e-12 1.26853e-12
1941.5 1.26095e-12 1.26095e-12
1947.79 1.25345e-12 1.25345e-12
1954.07 1.24602e-12 1.24602e-12
1960.35 1.23866e-12 1.23866e-12
1966.64 1.23138e-12 1.23138e-12
1972.92 1.22416e-12 1.22416e-12
1979.2 1.21701e-12 1.21701e-12
1985.49 1.20993e-12 1.20993e-12
1991.77 1.20292e-12 1.20292e-12
1998.05 1.19597e-12 1.19597e-12
2004.34 1.18909e-12 1.18909e-12
2010.62 1.18227e-12 1.18227e-12
2016.9 1.17552e-12 1.17552e-12
2023.19 1.16883e-12 1.16883e-12
2029.47 1.1622e-12 1.1622e-12
2035.75 1.15564e-12 1.15564e-12
2042.04 1.14914e-12 1.14914e-12
2048.32 1.14269e-12 1.14269e-12
2054.6 1.13631e-12 1.13631e-12
2060.88 1.12998e-12 1.12998e-12
2067.17 1.12371e-12 1.12371e-12
2073.45 1.1175e-12 1.1175e-12
2079.73 1.11135e-12 1.11135e-12
2086.02 1.10525e-12 1.10525e-12
2092.3 1.0992e-12 1.0992e-12
2098.58 1.09322e-12 1.09322e-12
2104.87 1.08728e-12 1.08728e-12
2111.15 1.0814e-12 1.0814e-12
2117.43 1.07557e-12 1.07557e-12
2123.72 1.06979e-12 1.06979e-12
2130 1.06407e-12 1.06407e-12
2136.28 1.05839e-12 1.05839e-12
2142.57 1.05277e-12 1.05277e-12
2148.85 1.04719e-12 1.04719e-12
2155.13 1.04167e-12 1.04167e-12
2161.42 1.03619e-12 1.03619e-12
2167.7 1.03076e-12 1.03076e-12
2173.98 1.02538e-12 1.02538e-12
2180.27 1.02004e-12 1.02004e-12
2186.55 1.01475e-12 1.01475e-12
2192.83 1.00951e-12 1.00951e-12
2199.11 1.00431e-12 1.00431e-12
2205.4 9.9916e-13 9.9916e-13
2211.68 9.94051e-13 9.94051e-13
2217.96 9.88985e-13 9.88985e-13
2224.25 9.83963e-13 9.83963e-13
2230.53 9.78984e-13 9.78984e-13
2236.81 9.74047e-13 9.74047e-13
2243.1 9.69152e-13 9.69152e-13
2249.38 9.64298e-13 9.64298e-13
2255.66 9.59485e-13 9.59485e-13
2261.95 9.54712e-13 9.54712e-13
2268.23 9.4998e-13 9.4998e-13
2274.51 9.45286e-13 9.45286e-13
2280.8 9.40632e-13 9.40632e-13
2287.08 9.36017e-13 9.36017e-13
2293.36 9.3144e-13 9.3144e-13
2299.65 9.26901e-13 9.26901e-13
2305.93 9.22399e-13 9.22399e-13
2312.21 9.17934e-13 9.17934e-13
2318.5 9.13506e-13 9.13506e-13
2324.78 9.09114e-13 9.09114e-13
2331.06 9.04758e-13 9.04758e-13
2337.34 9.00438e-13 9.00438e-13
2343.63 8.96152e-13 8.96152e-13
2349.91 8.91901e-13 8.91901e-13
2356.19 8.87685e-13 8.87685e-13
2362.48 8.83502e-13 8.83502e-13
2368.76 8.79353e-13 8.79353e-13
2375.04 8.75238e-13 8.75238e-13
2381.33 8.71155e-13 8.71155e-13
2387.61 8.67105e-13 8.67105e-13
2393.89 8.63087e-13 8.63087e-13
2400.18 8.59101e-13 8.59101e-13
2406.46 8.55147e-13 8.55147e-13
2412.74 8.51223e-13 8.51223e-13
2419.03 8.47331e-13 8.47331e-13
2425.31 8.43469e-13 8.43469e-13
2431.59 8.39638e-13 8.39638e-13
2437.88 8.35836e-13 8.35836e-13
2444.16 8.32065e-13 8.32065e-13
2450.44 8.28322e-13 8.28322e-13
2456.73 8.24609e-13 8.24609e-13
2463.01 8.20924e-13 8.20924e-13
2469.29 8.17268e-13 8.17268e-13
2475.58 8.1364e-13 8.1364e-13
2481.86 8.1004e-13 8.1004e-13
2488.14 8.06468e-13 8.06468e-13
2494.42 8.02923e-13 8.02923e-13
2500.71 7.99405e-13 7.99405e-13
2506.99 7.95913e-13 7.95913e-13
2513.27 7.92449e-13 7.92449e-13
2519.56 7.8901e-13 7.8901e-13
2525.84 7.85598e-13 7.85598e-13
2532.12 7.82211e-13 7.82211e-13
2538.41 7.7885e-13 7.7885e-13
2544.69 7.75514e-13 7.75514e-13
2550.97 7.72204e-13 7.72204e-13
2557.26 7.68918e-13 7.68918e-13
2563.54 7.65656e-13 7.65656e-13
2569.82 7.62419e-13 7.62419e-13
2576.11 7.59206e-13 7.59206e-13
2582.39 7.56016e-13 7.56016e-13
2588.67 7.5285e-13 7.5285e-13
2594.96 7.49708e-13 7.49708e-13
2601.24 7.46589e-13 7.46589e-13
2607.52 7.43492e-13 7.43492e-13
2613.81 7.40419e-13 7.40419e-13
2620.09 7.37368e-13 7.37368e-13
2626.37 7.34339e-13 7.34339e-13
2632.65 7.31332e-13 7.31332e-13
2638.94 7.28347e-13 7.28347e-13
2645.22 7.25383e-13 7.25383e-13
2651.5 7.22441e-13 7.22441e-13
2657.79 7.19521e-13 7.19521e-13
2664.07 7.16621e-13 7.16621e-13
2670.35 7.13742e-13 7.13742e-13
2676.64 7.10884e-13 7.10884e-13
2682.92 7.08047e-13 7.08047e-13
2689.2 7.05229e-13 7.05229e-13
2695.49 7.02432e-13 7.02432e-13
2701.77 6.99654e-13 6.99654e-13
2708.05 6.96897e-13 6.96897e-13
2714.34 6.94158e-13 6.94158e-13
2720.62 6.9144e-13 6.9144e-13
2726.9 6.8874e-13 6.8874e-13
2733.19 6.86059e-13 6.86059e-13
2739.47 6.83397e-13 6.83397e-13
2745.75 6.80754e-13 6.80754e-13
2752.04 6.78129e-13 6.78129e-13
2758.32 6.75523e-13 6.75523e-13
2764.6 6.72935e-13 6.72935e-13
2770.88 6.70365e-13 6.70365e-13
2777.17 6.67812e-13 6.67812e-13
2783.45 6.65277e-13 6.65277e-13
2789.73 6.6276e-13 6.6276e-13
2796.02 6.6026e-13 6.6026e-13
2802.3 6.57778e-13 6.57778e-13
2808.58 6.55312e-13 6.55312e-13
2814.87 6.52864e-13 6.52864e-13
2821.15 6.50432e-13 6.50432e-13
2827.43 6.48016e-13 6.48016e-13
2833.72 6.45617e-13 6.45617e-13
2840 6.43235e-13 6.43235e-13
2846.28 6.40869e-13 6.40869e-13
2852.57 6.38518e-13 6.38518e-13
2858.85 6.36184e-13 6.36184e-13
2865.13 6.33865e-13 6.33865e-13
2871.42 6.31562e-13 6.31562e-13
2877.7 6.29274e-13 6.29274e-13
2883.98 6.27002e-13 6.27002e-13
2890.27 6.24745e-13 6.24745e-13
2896.55 6.22503e-13 6.22503e-13
2902.83 6.20276e-13 6.20276e-13
2909.11 6.18064e-13 6.18064e-13
2915.4 6.15867e-13 6.15867e-13
2921.68 6.13684e-13 6.13684e-13
2927.96 6.11515e-13 6.11515e-13
2934.25 6.09361e-13 6.09361e-13
2940.53 6.07222e-13 6.07222e-13
2946.81 6.05096e-13 6.05096e-13
2953.1 6.02984e-13 6.02984e-13
2959.38 6.00886e-13 6.00886e-13
2965.66 5.98802e-13 5.98802e-13
2971.95 5.96731e-13 5.96731e-13
2978.23 5.94674e-13 5.94674e-13
2984.51 5.92631e-13 5.92631e-13
2990.8 5.906e-13 5.906e-13
2997.08 5.88583e-13 5.88583e-13
3003.36 5.86579e-13 5.86579e-13
3009.65 5.84588e-13 5.84588e-13
3015.93 5.8261e-13 5.8261e-13
3022.21 5.80644e-13 5.80644e-13
3028.5 5.78691e-13 5.78691e-13
3034.78 5.76751e-13 5.76751e-13
3041.06 5.74823e-13 5.74823e-13
3047.34 5.72908e-13 5.72908e-13
3053.63 5.71004e-13 5.71004e-13
3059.91 5.69113e-13 5.69113e-13
3066.19 5.67234e-13 5.67234e-13
3072.48 5.65367e-13 5.65367e-13
3078.76 5.63511e-13 5.63511e-13
3085.04 5.61668e-13 5.61668e-13
3091.33 5.59836e-13 5.59836e-13
3097.61 5.58016e-13 5.58016e-13
3103.89 5.56207e-13 5.56207e-13
3110.18 5.54409e-13 5.54409e-13
3116.46 5.52623e-13 5.52623e-13
3122.74 5.50848e-13 5.50848e-13
3129.03 5.49084e-13 5.49084e-13
3135.31 5.47332e-13 5.47332e-13
3141.59 5.4559e-13 5.4559e-13
3147.88 5.43859e-13 5.43859e-13
3154.16 5.42138e-13 5.42138e-13
3160.44 5.40429e-13 5.40429e-13
3166.73 5.3873e-13 5.3873e-13
3173.01 5.37041e-13 5.37041e-13
3179.29 5.35363e-13 5.35363e-13
3185.57 5.33696e-13 5.33696e-13
3191.86 5.32038e-13 5.32038e-13
3198.14 5.30391e-13 5.30391e-13
3204.42 5.28754e-13 5.28754e-13
3210.71 5.27127e-13 5.27127e-13
3216.99 5.2551e-13 5.2551e-13
3223.27 5.23903e-13 5.23903e-13
3229.56 5.22306e-13 5.22306e-13
3235.84 5.20718e-13 5.20718e-13
3242.12 5.1914e-13 5.1914e-13
3248.41 5.17572e-13 5.17572e-13
3254.69 5.16013e-13 5.16013e-13
3260.97 5.14464e-13 5.14464e-13
3267.26 5.12924e-13 5.12924e-13
3273.54 5.11393e-13 5.11393e-13
3279.82 5.09872e-13 5.09872e-13
3286.11 5.08359e-13 5.08359e-13
3292.39 5.06856e-13 5.06856e-13
3298.67 5.05362e-13 5.05362e-13
3304.96 5.03877e-13 5.03877e-13
3311.24 5.02401e-13 5.02401e-13
3317.52 5.00933e-13 5.00933e-13
3323.81 4.99475e-13 4.99475e-13
3330.09 4.98025e-13 4.98025e-13
3336.37 4.96583e-13 4.96583e-13
3342.65 4.95151e-13 4.95151e-13
3348.94 4.93726e-13 4.93726e-13
3355.22 4.92311e-13 4.92311e-13
3361.5 4.90903e-13 4.90903e-13
3367.79 4.89504e-13 4.89504e-13
3374.07 4.88113e-13 4.88113e-13
3380.35 4.86731e-13 4.86731e-13
3386.64 4.85356e-13 4.85356e-13
3392.92 4.8399e-13 4.8399e-13
3399.2 4.82631e-13 4.82631e-13
3405.49 4.81281e-13 4.81281e-13
3411.77 4.79939e-13 4.79939e-13
3418.05 4.78604e-13 4.78604e-13
3424.34 4.77277e-13 4.77277e-13
3430.62 4.75958e-13 4.75958e-13
3436.9 4.74647e-13 4.74647e-13
3443.19 4.73343e-13 4.73343e-13
3449.47 4.72047e-13 4.72047e-13
3455.75 4.70758e-13 4.70758e-13
3462.04 4.69477e-13 4.69477e-13
3468.32 4.68203e-13 4.68203e-13
3474.6 4.66937e-13 4.66937e-13
3480.88 4.65678e-13 4.65678e-13
3487.17 4.64426e-13 4.64426e-13
3493.45 4.63182e-13 4.63182e-13
3499.73 4.61944e-13 4.61944e-13
3506.02 4.60714e-13 4.60714e-13
3512.3 4.59491e-13 4.59491e-13
3518.58 4.58275e-13 4.58275e-13
3524.87 4.57066e-13 4.57066e-13
3531.15 4.55863e-13 4.55863e-13
3537.43 4.54668e-13 4.54668e-13
3543.72 4.53479e-13 4.53479e-13
3550 4.52297e-13 4.52297e-13
3556.28 4.51122e-13 4.51122e-13
3562.57 4.49954e-13 4.49954e-13
3568.85 4.48792e-13 4.48792e-13
3575.13 4.47637e-13 4.47637e-13
3581.42 4.46489e-13 4.46489e-13
3587.7 4.45346e-13 4.45346e-13
3593.98 4.44211e-13 4.44211e-13
3600.27 4.43082e-13 4.43082e-13
3606.55 4.41959e-13 4.41959e-13
3612.83 4.40842e-13 4.40842e-13
3619.11 4.39732e-13 4.39732e-13
3625.4 4.38628e-13 4.38628e-13
3631.68 4.3753e-13 4.3753e-13
3637.96 4.36439e-13 4.36439e-13
3644.25 4.35353e-13 4.35353e-13
3650.53 4.34274e-13 4.34274e-13
3656.81 4.33201e-13 4.33201e-13
3663.1 4.32133e-13 4.32133e-13
3669.38 4.31072e-13 4.31072e-13
3675.66 4.30017e-13 4.30017e-13
3681.95 4.28967e-13 4.28967e-13
3688.23 4.27924e-13 4.27924e-13
3694.51 4.26886e-13 4.26886e-13
3700.8 4.25854e-13 4.25854e-13
3707.08 4.24827e-13 4.24827e-13
3713.36 4.23807e-13 4.23807e-13
3719.65 4.22792e-13 4.22792e-13
3725.93 4.21782e-13 4.21782e-13
3732.21 4.20778e-13 4.20778e-13
3738.5 4.1978e-13 4.1978e-13
3744.78 4.18787e-13 4.18787e-13
3751.06 4.178e-13 4.178e-13
3757.34 4.16818e-13 4.16818e-13
3763.63 4.15842e-13 4.15842e-13
3769.91 4.14871e-13 4.14871e-13
3776.19 4.13905e-13 4.13905e-13
3782.48 4.12945e-13 4.12945e-13
3788.76 4.1199e-13 4.1199e-13
3795.04 4.1104e-13 4.1104e-13
3801.33 4.10095e-13 4.10095e-13
3807.61 4.09156e-13 4.09156e-13
3813.89 4.08222e-13 4.08222e-13
3820.18 4.07292e-13 4.07292e-13
3826.46 4.06368e-13 4.06368e-13
3832.74 4.05449e-13 4.05449e-13
3839.03 4.04535e-13 4.04535e-13
3845.31 4.03626e-13 4.03626e-13
3851.59 4.02722e-13 4.02722e-13
3857.88 4.01823e-13 4.01823e-13
3864.16 4.00928e-13 4.00928e-13
3870.44 4.00039e-13 4.00039e-13
3876.73 3.99154e-13 3.99154e-13
3883.01 3.98275e-13 3.98275e-13
3889.29 3.974e-13 3.974e-13
3895.57 3.96529e-13 3.96529e-13
3901.86 3.95664e-13 3.95664e-13
3908.14 3.94803e-13 3.94803e-13
3914.42 3.93947e-13 3.93947e-13
3920.71 3.93095e-13 3.93095e-13
3926.99 3.92248e-13 3.92248e-13
3933.27 3.91406e-13 3.91406e-13
3939.56 3.90568e-13 3.90568e-13
3945.84 3.89734e-13 3.89734e-13
3952.12 3.88906e-13 3.88906e-13
3958.41 3.88081e-13 3.88081e-13
3964.69 3.87261e-13 3.87261e-13
3970.97 3.86446e-13 3.86446e-13
3977.26 3.85634e-13 3.85634e-13
3983.54 3.84828e-13 3.84828e-13
3989.82 3.84025e-13 3.84025e-13
3996.11 3.83227e-13 3.83227e-13
4002.39 3.82433e-13 3.82433e-13
4008.67 3.81644e-13 3.81644e-13
4014.96 3.80858e-13 3.80858e-13
4021.24 3.80077e-13 3.80077e-13
4027.52 3.793e-13 3.793e-13
4033.8 3.78527e-13 3.78527e-13
4040.09 3.77758e-13 3.77758e-13
4046.37 3.76994e-13 3.76994e-13
4052.65 3.76233e-13 3.76233e-13
4058.94 3.75477e-13 3.75477e-13
4065.22 3.74725e-13 3.74725e-13
4071.5 3.73976e-13 3.73976e-13
4077.79 3.73232e-13 3.73232e-13
4084.07 3.72491e-13 3.72491e-13
4090.35 3.71755e-13 3.71755e-13
4096.64 3.71022e-13 3.71022e-13
4102.92 3.70294e-13 3.70294e-13
4109.2 3.69569e-13 3.69569e-13
4115.49 3.68848e-13 3.68848e-13
4121.77 3.68131e-13 3.68131e-13
4128.05 3.67418e-13 3.67418e-13
4134.34 3.66708e-13 3.66708e-13
4140.62 3.66003e-13 3.66003e-13
4146.9 3.65301e-13 3.65301e-13
4153.19 3.64603e-13 3.64603e-13
4159.47 3.63908e-13 3.63908e-13
4165.75 3.63217e-13 3.63217e-13
4172.04 3.6253e-13 3.6253e-13
4178.32 3.61847e-13 3.61847e-13
4184.6 3.61167e-13 3.61167e-13
4190.88 3.60491e-13 3.60491e-13
4197.17 3.59818e-13 3.59818e-13
4203.45 3.59149e-13 3.59149e-13
4209.73 3.58484e-13 3.58484e-13
4216.02 3.57822e-13 3.57822e-13
4222.3 3.57163e-13 3.57163e-13
4228.58 3.56508e-13 3.56508e-13
4234.87 3.55857e-13 3.55857e-13
4241.15 3.55209e-13 3.55209e-13
4247.43 3.54564e-13 3.54564e-13
4253.72 3.53923e-13 3.53923e-13
4260 3.53285e-13 3.53285e-13
4266.28 3.52651e-13 3.52651e-13
4272.57 3.52019e-13 3.52019e-13
4278.85 3.51392e-13 3.51392e-13
4285.13 3.50767e-13 3.50767e-13
4291.42 3.50146e-13 3.50146e-13
4297.7 3.49528e-13 3.49528e-13
4303.98 3.48914e-13 3.48914e-13
4310.27 3.48303e-13 3.48303e-13
4316.55 3.47695e-13 3.47695e-13
4322.83 3.4709e-13 3.4709e-13
4329.11 3.46488e-13 3.46488e-13
4335.4 3.4589e-13 3.4589e-13
4341.68 3.45295e-13 3.45295e-13
4347.96 3.44703e-13 3.44703e-13
4354.25 3.44114e-13 3.44114e-13
4360.53 3.43528e-13 3.43528e-13
4366.81 3.42945e-13 3.42945e-13
4373.1 3.42366e-13 3.42366e-13
4379.38 3.41789e-13 3.41789e-13
4385.66 3.41216e-13 3.41216e-13
4391.95 3.40645e-13 3.40645e-13
4398.23 3.40078e-13 3.40078e-13
4404.51 3.39513e-13 3.39513e-13
4410.8 3.38952e-13 3.38952e-13
4417.08 3.38393e-13 3.38393e-13
4423.36 3.37838e-13 3.37838e-13
4429.65 3.37286e-13 3.37286e-13
4435.93 3.36736e-13 3.36736e-13
4442.21 3.36189e-13 3.36189e-13
4448.5 3.35646e-13 3.35646e-13
4454.78 3.35105e-13 3.35105e-13
4461.06 3.34567e-13 3.34567e-13
4467.34 3.34032e-13 3.34032e-13
4473.63 3.335e-13 3.335e-13
4479.91 3.3297e-13 3.3297e-13
4486.19 3.32444e-13 3.32444e-13
4492.48 3.3192e-13 3.3192e-13
4498.76 3.31399e-13 3.31399e-13
4505.04 3.30881e-13 3.30881e-13
4511.33 3.30365e-13 3.30365e-13
4517.61 3.29853e-13 3.29853e-13
4523.89 3.29343e-13 3.29343e-13
4530.18 3.28835e-13 3.28835e-13
4536.46 3.28331e-13 3.28331e-13
4542.74 3.27829e-13 3.27829e-13
4549.03 3.2733e-13 3.2733e-13
4555.31 3.26834e-13 3.26834e-13
4561.59 3.2634e-13 3.2634e-13
4567.88 3.25849e-13 3.25849e-13
4574.16 3.2536e-13 3.2536e-13
4580.44 3.24874e-13 3.24874e-13
4586.73 3.24391e-13 3.24391e-13
4593.01 3.23911e-13 3.23911e-13
4599.29 3.23433e-13 3.23433e-13
4605.57 3.22957e-13 3.22957e-13
4611.86 3.22484e-13 3.22484e-13
4618.14 3.22014e-13 3.22014e-13
4624.42 3.21546e-13 3.21546e-13
4630.71 3.21081e-13 3.21081e-13
4636.99 3.20618e-13 3.20618e-13
4643.27 3.20158e-13 3.20158e-13
4649.56 3.197e-13 3.197e-13
4655.84 3.19245e-13 3.19245e-13
4662.12 3.18792e-13 3.18792e-13
4668.41 3.18341e-13 3.18341e-13
4674.69 3.17894e-13 3.17894e-13
4680.97 3.17448e-13 3.17448e-13
4687.26 3.17005e-13 3.17005e-13
4693.54 3.16564e-13 3.16564e-13
4699.82 3.16126e-13 3.16126e-13
4706.11 3.1569e-13 3.1569e-13
4712.39 3.15257e-13 3.15257e-13
4718.67 3.14826e-13 3.14826e-13
4724.96 3.14397e-13 3.14397e-13
4731.24 3.13971e-13 3.13971e-13
4737.52 3.13547e-13 3.13547e-13
4743.8 3.13125e-13 3.13125e-13
4750.09 3.12706e-13 3.12706e-13
4756.37 3.12289e-13 3.12289e-13
4762.65 3.11874e-13 3.11874e-13
4768.94 3.11461e-13 3.11461e-13
4775.22 3.11051e-13 3.11051e-13
4781.5 3.10643e-13 3.10643e-13
4787.79 3.10238e-13 3.10238e-13
4794.07 3.09834e-13 3.09834e-13
4800.35 3.09433e-13 3.09433e-13
4806.64 3.09034e-13 3.09034e-13
4812.92 3.08638e-13 3.08638e-13
4819.2 3.08243e-13 3.08243e-13
4825.49 3.07851e-13 3.07851e-13
4831.77 3.07461e-13 3.07461e-13
4838.05 3.07073e-13 3.07073e-13
4844.34 3.06687e-13 3.06687e-13
4850.62 3.06303e-13 3.06303e-13
4856.9 3.05922e-13 3.05922e-13
4863.19 3.05543e-13 3.05543e-13
4869.47 3.05166e-13 3.05166e-13
4875.75 3.04791e-13 3.04791e-13
4882.03 3.04418e-13 3.04418e-13
4888.32 3.04047e-13 3.04047e-13
4894.6 3.03678e-13 3.03678e-13
4900.88 3.03312e-13 3.03312e-13
4907.17 3.02947e-13 3.02947e-13
4913.45 3.02585e-13 3.02585e-13
4919.73 3.02225e-13 3.02225e-13
4926.02 3.01866e-13 3.01866e-13
4932.3 3.0151e-13 3.0151e-13
4938.58 3.01156e-13 3.01156e-13
4944.87 3.00804e-13 3.00804e-13
4951.15 3.00454e-13 3.00454e-13
4957.43 3.00106e-13 3.00106e-13
4963.72 2.9976e-13 2.9976e-13
4970 2.99416e-13 2.99416e-13
4976.28 2.99074e-13 2.99074e-13
4982.57 2.98734e-13 2.98734e-13
4988.85 2.98396e-13 2.98396e-13
4995.13 2.9806e-13 2.9806e-13
5001.42 2.97725e-13 2.97725e-13
5007.7 2.97393e-13 2.97393e-13
5013.98 2.97063e-13 2.97063e-13
5020.27 2.96735e-13 2.96735e-13
5026.55 2.96408e-13 2.96408e-13
5032.83 2.96084e-13 2.96084e-13
5039.11 2.95762e-13 2.95762e-13
5045.4 2.95441e-13 2.95441e-13
5051.68 2.95122e-13 2.95122e-13
5057.96 2.94806e-13 2.94806e-13
5064.25 2.94491e-13 2.94491e-13
5070.53 2.94178e-13 2.94178e-13
5076.81 2.93867e-13 2.93867e-13
5083.1 2.93558e-13 2.93558e-13
5089.38 2.9325e-13 2.9325e-13
5095.66 2.92945e-13 2.92945e-13
5101.95 2.92641e-13 2.92641e-13
5108.23 2.92339e-13 2.92339e-13
5114.51 2.92039e-13 2.92039e-13
5120.8 2.91741e-13 2.91741e-13
5127.08 2.91445e-13 2.91445e-13
5133.36 2.91151e-13 2.91151e-13
5139.65 2.90858e-13 2.90858e-13
5145.93 2.90567e-13 2.90567e-13
5152.21 2.90278e-13 2.90278e-13
5158.5 2.89991e-13 2.89991e-13
5164.78 2.89705e-13 2.89705e-13
5171.06 2.89422e-13 2.89422e-13
5177.34 2.8914e-13 2.8914e-13
5183.63 2.8886e-13 2.8886e-13
5189.91 2.88581e-13 2.88581e-13
5196.19 2.88305e-13 2.88305e-13
5202.48 2.8803e-13 2.8803e-13
5208.76 2.87757e-13 2.87757e-13
5215.04 2.87485e-13 2.87485e-13
5221.33 2.87216e-13 2.87216e-13
5227.61 2.86948e-13 2.86948e-13
5233.89 2.86682e-13 2.86682e-13
5240.18 2.86417e-13 2.86417e-13
5246.46 2.86155e-13 2.86155e-13
5252.74 2.85893e-13 2.85893e-13
5259.03 2.85634e-13 2.85634e-13
5265.31 2.85377e-13 2.85377e-13
5271.59 2.85121e-13 2.85121e-13
5277.88 2.84866e-13 2.84866e-13
5284.16 2.84614e-13 2.84614e-13
5290.44 2.84363e-13 2.84363e-13
5296.73 2.84114e-13 2.84114e-13
5303.01 2.83866e-13 2.83866e-13
5309.29 2.8362e-13 2.8362e-13
5315.57 2.83376e-13 2.83376e-13
5321.86 2.83133e-13 2.83133e-13
5328.14 2.82892e-13 2.82892e-13
5334.42 2.82653e-13 2.82653e-13
5340.71 2.82415e-13 2.82415e-13
5346.99 2.82179e-13 2.82179e-13
5353.27 2.81945e-13 2.81945e-13
5359.56 2.81712e-13 2.81712e-13
5365.84 2.8148e-13 2.8148e-13
5372.12 2.81251e-13 2.81251e-13
5378.41 2.81023e-13 2.81023e-13
5384.69 2.80796e-13 2.80796e-13
5390.97 2.80571e-13 2.80571e-13
5397.26 2.80348e-13 2.80348e-13
5403.54 2.80127e-13 2.80127e-13
5409.82 2.79906e-13 2.79906e-13
5416.11 2.79688e-13 2.79688e-13
5422.39 2.79471e-13 2.79471e-13
5428.67 2.79256e-13 2.79256e-13
5434.96 2.79042e-13 2.79042e-13
5441.24 2.7883e-13 2.7883e-13
5447.52 2.78619e-13 2.78619e-13
5453.8 2.7841e-13 2.7841e-13
5460.09 2.78202e-13 2.78202e-13
5466.37 2.77996e-13 2.77996e-13
5472.65 2.77792e-13 2.77792e-13
5478.94 2.77589e-13 2.77589e-13
5485.22 2.77387e-13 2.77387e-13
5491.5 2.77187e-13 2.77187e-13
5497.79 2.76989e-13 2.76989e-13
5504.07 2.76792e-13 2.76792e-13
5510.35 2.76596e-13 2.76596e-13
5516.64 2.76402e-13 2.76402e-13
5522.92 2.7621e-13 2.7621e-13
5529.2 2.76019e-13 2.76019e-13
5535.49 2.7583e-13 2.7583e-13
5541.77 2.75642e-13 2.75642e-13
5548.05 2.75455e-13 2.75455e-13
5554.34 2.75271e-13 2.75271e-13
5560.62 2.75087e-13 2.75087e-13
5566.9 2.74905e-13 2.74905e-13
5573.19 2.74725e-13 2.74725e-13
5579.47 2.74546e-13 2.74546e-13
5585.75 2.74368e-13 2.74368e-13
5592.03 2.74192e-13 2.74192e-13
5598.32 2.74017e-13 2.74017e-13
5604.6 2.73844e-13 2.73844e-13
5610.88 2.73672e-13 2.73672e-13
5617.17 2.73502e-13 2.73502e-13
5623.45 2.73333e-13 2.73333e-13
5629.73 2.73166e-13 2.73166e-13
5636.02 2.73e-13 2.73e-13
5642.3 2.72835e-13 2.72835e-13
5648.58 2.72672e-13 2.72672e-13
5654.87 2.7251e-13 2.7251e-13
5661.15 2.7235e-13 2.7235e-13
5667.43 2.72191e-13 2.72191e-13
5673.72 2.72034e-13 2.72034e-13
5680 2.71878e-13 2.71878e-13
5686.28 2.71723e-13 2.71723e-13
5692.57 2.7157e-13 2.7157e-13
5698.85 2.71418e-13 2.71418e-13
5705.13 2.71268e-13 2.71268e-13
5711.42 2.71119e-13 2.71119e-13
5717.7 2.70971e-13 2.70971e-13
5723.98 2.70825e-13 2.70825e-13
5730.27 2.70681e-13 2.70681e-13
5736.55 2.70537e-13 2.70537e-13
5742.83 2.70395e-13 2.70395e-13
5749.11 2.70254e-13 2.70254e-13
5755.4 2.70115e-13 2.70115e-13
5761.68 2.69977e-13 2.69977e-13
5767.96 2.69841e-13 2.69841e-13
5774.25 2.69706e-13 2.69706e-13
5780.53 2.69572e-13 2.69572e-13
5786.81 2.6944e-13 2.6944e-13
5793.1 2.69309e-13 2.69309e-13
5799.38 2.69179e-13 2.69179e-13
5805.66 2.69051e-13 2.69051e-13
5811.95 2.68924e-13 2.68924e-13
5818.23 2.68798e-13 2.68798e-13
5824.51 2.68674e-13 2.68674e-13
5830.8 2.68551e-13 2.68551e-13
5837.08 2.6843e-13 2.6843e-13
5843.36 2.68309e-13 2.68309e-13
5849.65 2.6819e-13 2.6819e-13
5855.93 2.68073e-13 2.68073e-13
5862.21 2.67957e-13 2.67957e-13
5868.5 2.67842e-13 2.67842e-13
5874.78 2.67728e-13 2.67728e-13
5881.06 2.67616e-13 2.67616e-13
5887.34 2.67505e-13 2.67505e-13
5893.63 2.67396e-13 2.67396e-13
5899.91 2.67288e-13 2.67288e-13
5906.19 2.67181e-13 2.67181e-13
5912.48 2.67075e-13 2.67075e-13
5918.76 2.66971e-13 2.66971e-13
5925.04 2.66868e-13 2.66868e-13
5931.33 2.66767e-13 2.66767e-13
5937.61 2.66666e-13 2.66666e-13
5943.89 2.66567e-13 2.66567e-13
5950.18 2.6647e-13 2.6647e-13
5956.46 2.66373e-13 2.66373e-13
5962.74 2.66278e-13 2.66278e-13
5969.03 2.66185e-13 2.66185e-13
5975.31 2.66092e-13 2.66092e-13
5981.59 2.66001e-13 2.66001e-13
5987.88 2.65911e-13 2.65911e-13
5994.16 2.65823e-13 2.65823e-13
6000.44 2.65735e-13 2.65735e-13
6006.73 2.65649e-13 2.65649e-13
6013.01 2.65565e-13 2.65565e-13
6019.29 2.65481e-13 2.65481e-13
6025.57 2.65399e-13 2.65399e-13
6031.86 2.65318e-13 2.65318e-13
6038.14 2.65239e-13 2.65239e-13
6044.42 2.65161e-13 2.65161e-13
6050.71 2.65084e-13 2.65084e-13
6056.99 2.65008e-13 2.65008e-13
6063.27 2.64934e-13 2.64934e-13
6069.56 2.6486e-13 2.6486e-13
6075.84 2.64789e-13 2.64789e-13
6082.12 2.64718e-13 2.64718e-13
6088.41 2.64649e-13 2.64649e-13
6094.69 2.64581e-13 2.64581e-13
6100.97 2.64514e-13 2.64514e-13
6107.26 2.64448e-13 2.64448e-13
6113.54 2.64384e-13 2.64384e-13
6119.82 2.64321e-13 2.64321e-13
6126.11 2.6426e-13 2.6426e-13
6132.39 2.64199e-13 2.64199e-13
6138.67 2.6414e-13 2.6414e-13
6144.96 2.64082e-13 2.64082e-13
6151.24 2.64026e-13 2.64026e-13
6157.52 2.6397e-13 2.6397e-13
6163.8 2.63916e-13 2.63916e-13
6170.09 2.63863e-13 2.63863e-13
6176.37 2.63812e-13 2.63812e-13
6182.65 2.63761e-13 2.63761e-13
6188.94 2.63712e-13 2.63712e-13
6195.22 2.63664e-13 2.63664e-13
6201.5 2.63618e-13 2.63618e-13
6207.79 2.63572e-13 2.63572e-13
6214.07 2.63528e-13 2.63528e-13
6220.35 2.63486e-13 2.63486e-13
6226.64 2.63444e-13 2.63444e-13
6232.92 2.63404e-13 2.63404e-13
6239.2 2.63365e-13 2.63365e-13
6245.49 2.63327e-13 2.63327e-13
6251.77 2.6329e-13 2.6329e-13
6258.05 2.63255e-13 2.63255e-13
6264.34 2.63221e-13 2.63221e-13
6270.62 2.63188e-13 2.63188e-13
6276.9 2.63156e-13 2.63156e-13
6283.19 2.63126e-13 2.63126e-13
6289.47 2.63097e-13 2.63097e-13
6295.75 2.63069e-13 2.63069e-13
6302.03 2.63042e-13 2.63042e-13
6308.32 2.63017e-13 2.63017e-13
6314.6 2.62993e-13 2.62993e-13
6320.88 2.6297e-13 2.6297e-13
6327.17 2.62948e-13 2.62948e-13
6333.45 2.62928e-13 2.62928e-13
6339.73 2.62909e-13 2.62909e-13
6346.02 2.62891e-13 2.62891e-13
6352.3 2.62874e-13 2.62874e-13
6358.58 2.62859e-13 2.62859e-13
6364.87 2.62844e-13 2.62844e-13
6371.15 2.62831e-13 2.62831e-13
6377.43 2.6282e-13 2.6282e-13
6383.72 2.62809e-13 2.62809e-13
6390 2.628e-13 2.628e-13
6396.28 2.62792e-13 2.62792e-13
6402.57 2.62785e-13 2.62785e-13
6408.85 2.62779e-13 2.62779e-13
6415.13 2.62775e-13 2.62775e-13
6421.42 2.62772e-13 2.62772e-13
6427.7 2.6277e-13 2.6277e-13
6433.98 2.6277e-13 2.6277e-13
