0 3.40203e-13 3.40203e-13
6.28319 0.246319 0.246319
12.5664 0.00334943 0.00334943
18.8496 0.000102191 0.000102191
25.1327 4.36884e-06 4.36884e-06
31.4159 2.26547e-07 2.26547e-07
37.6991 1.28439e-08 1.28439e-08
43.9823 9.09152e-10 9.09152e-10
50.2655 3.49474e-11 3.49474e-11
56.5487 1.42469e-11 1.42469e-11
62.8319 2.32107e-12 2.32107e-12
69.115 5.4857e-12 5.4857e-12
75.3982 5.45216e-12 5.45216e-12
81.6814 6.53143e-12 6.53143e-12
87.9646 7.3384e-12 7.3384e-12
94.2478 8.27728e-12 8.27728e-12
100.531 9.21877e-12 9.21877e-12
106.814 1.0195e-11 1.0195e-11
113.097 1.11893e-11 1.11893e-11
119.381 1.21997e-11 1.21997e-11
125.664 1.32198e-11 1.32198e-11
131.947 1.42446e-11 1.42446e-11
138.23 1.52689e-11 1.52689e-11
144.513 1.62878e-11 1.62878e-11
150.796 1.72963e-11 1.72963e-11
157.08 1.82899e-11 1.82899e-11
163.363 1.92642e-11 1.92642e-11
169.646 2.02151e-11 2.02151e-11
175.929 2.11387e-11 2.11387e-11
182.212 2.20314e-11 2.20314e-11
188.496 2.28901e-11 2.28901e-11
194.779 2.37118e-11 2.37118e-11
201.062 2.44939e-11 2.44939e-11
207.345 2.52342e-11 2.52342e-11
213.628 2.59307e-11 2.59307e-11
219.911 2.65818e-11 2.65818e-11
226.195 2.71862e-11 2.71862e-11
232.478 2.7743e-11 2.7743e-11
238.761 2.82515e-11 2.82515e-11
245.044 2.87113e-11 2.87113e-11
251.327 2.91224e-11 2.91224e-11
257.611 2.94849e-11 2.94849e-11
263.894 2.97992e-11 2.97992e-11
270.177 3.0066e-11 3.0066e-11
276.46 3.02861e-11 3.02861e-11
282.743 3.04607e-11 3.04607e-11
289.027 3.05908e-11 3.05908e-11
295.31 3.06781e-11 3.06781e-11
301.593 3.07238e-11 3.07238e-11
307.876 3.07298e-11 3.07298e-11
314.159 3.06977e-11 3.06977e-11
320.442 3.06293e-11 3.06293e-11
326.726 3.05265e-11 3.05265e-11
333.009 3.03912e-11 3.03912e-11
339.292 3.02255e-11 3.02255e-11
345.575 3.00312e-11 3.00312e-11
351.858 2.98104e-11 2.98104e-11
358.142 2.95649e-11 2.95649e-11
364.425 2.92968e-11 2.92968e-11
370.708 2.9008e-11 2.9008e-11
376.991 2.87003e-11 2.87003e-11
383.274 2.83756e-11 2.83756e-11
389.557 2.80355e-11 2.80355e-11
395.841 2.76819e-11 2.76819e-11
402.124 2.73164e-11 2.73164e-11
408.407 2.69405e-11 2.69405e-11
414.69 2.65558e-11 2.65558e-11
420.973 2.61636e-11 2.61636e-11
427.257 2.57653e-11 2.57653e-11
433.54 2.53622e-11 2.53622e-11
439.823 2.49555e-11 2.49555e-11
446.106 2.45462e-11 2.45462e-11
452.389 2.41355e-11 2.41355e-11
458.673 2.37242e-11 2.37242e-11
464.956 2.33133e-11 2.33133e-11
471.239 2.29036e-11 2.29036e-11
477.522 2.24958e-11 2.24958e-11
483.805 2.20906e-11 2.20906e-11
490.088 2.16886e-11 2.16886e-11
496.372 2.12903e-11 2.12903e-11
502.655 2.08964e-11 2.08964e-11
508.938 2.05071e-11 2.05071e-11
515.221 2.01229e-11 2.01229e-11
521.504 1.97441e-11 1.97441e-11
527.788 1.93711e-11 1.93711e-11
534.071 1.9004e-11 1.9004e-11
540.354 1.86431e-11 1.86431e-11
546.637 1.82886e-11 1.82886e-11
552.92 1.79405e-11 1.79405e-11
559.203 1.75991e-11 1.75991e-11
565.487 1.72643e-11 1.72643e-11
571.77 1.69363e-11 1.69363e-11
578.053 1.6615e-11 1.6615e-11
584.336 1.63005e-11 1.63005e-11
590.619 1.59927e-11 1.59927e-11
596.903 1.56917e-11 1.56917e-11
603.186 1.53974e-11 1.53974e-11
609.469 1.51097e-11 1.51097e-11
615.752 1.48285e-11 1.48285e-11
622.035 1.45538e-11 1.45538e-11
628.319 1.42855e-11 1.42855e-11
634.602 1.40235e-11 1.40235e-11
640.885 1.37677e-11 1.37677e-11
647.168 1.35179e-11 1.35179e-11
653.451 1.32741e-11 1.32741e-11
659.734 1.30361e-11 1.30361e-11
666.018 1.28038e-11 1.28038e-11
672.301 1.25771e-11 1.25771e-11
678.584 1.23559e-11 1.23559e-11
684.867 1.214e-11 1.214e-11
691.15 1.19293e-11 1.19293e-11
697.434 1.17237e-11 1.17237e-11
703.717 1.1523e-11 1.1523e-11
710 1.13272e-11 1.13272e-11
716.283 1.11361e-11 1.11361e-11
722.566 1.09495e-11 1.09495e-11
728.849 1.07674e-11 1.07674e-11
735.133 1.05897e-11 1.05897e-11
741.416 1.04161e-11 1.04161e-11
747.699 1.02467e-11 1.02467e-11
753.982 1.00812e-11 1.00812e-11
760.265 9.91965e-12 9.91965e-12
766.549 9.76185e-12 9.76185e-12
772.832 9.60772e-12 9.60772e-12
779.115 9.45715e-12 9.45715e-12
785.398 9.31005e-12 9.31005e-12
791.681 9.16632e-12 9.16632e-12
797.965 9.02585e-12 9.02585e-12
804.248 8.88857e-12 8.88857e-12
810.531 8.75438e-12 8.75438e-12
816.814 8.62319e-12 8.62319e-12
823.097 8.49492e-12 8.49492e-12
829.38 8.36949e-12 8.36949e-12
835.664 8.24682e-12 8.24682e-12
841.947 8.12683e-12 8.12683e-12
848.23 8.00945e-12 8.00945e-12
854.513 7.8946e-12 7.8946e-12
860.796 7.78221e-12 7.78221e-12
867.08 7.67222e-12 7.67222e-12
873.363 7.56456e-12 7.56456e-12
879.646 7.45917e-12 7.45917e-12
885.929 7.35599e-12 7.35599e-12
892.212 7.25494e-12 7.25494e-12
898.495 7.15599e-12 7.15599e-12
904.779 7.05907e-12 7.05907e-12
911.062 6.96412e-12 6.96412e-12
917.345 6.8711e-12 6.8711e-12
923.628 6.77995e-12 6.77995e-12
929.911 6.69063e-12 6.69063e-12
936.195 6.60308e-12 6.60308e-12
942.478 6.51727e-12 6.51727e-12
948.761 6.43314e-12 6.43314e-12
955.044 6.35065e-12 6.35065e-12
961.327 6.26976e-12 6.26976e-12
967.611 6.19043e-12 6.19043e-12
973.894 6.11262e-12 6.11262e-12
980.177 6.03629e-12 6.03629e-12
986.46 5.96141e-12 5.96141e-12
992.743 5.88793e-12 5.88793e-12
999.026 5.81583e-12 5.81583e-12
1005.31 5.74507e-12 5.74507e-12
1011.59 5.67561e-12 5.67561e-12
1017.88 5.60743e-12 5.60743e-12
1024.16 5.5405e-12 5.5405e-12
1030.44 5.47478e-12 5.47478e-12
1036.73 5.41024e-12 5.41024e-12
1043.01 5.34686e-12 5.34686e-12
1049.29 5.28461e-12 5.28461e-12
1055.58 5.22346e-12 5.22346e-12
1061.86 5.16339e-12 5.16339e-12
1068.14 5.10438e-12 5.10438e-12
1074.42 5.04639e-12 5.04639e-12
1080.71 4.9894e-12 4.9894e-12
1086.99 4.9334e-12 4.9334e-12
1093.27 4.87835e-12 4.87835e-12
1099.56 4.82424e-12 4.82424e-12
1105.84 4.77105e-12 4.77105e-12
1112.12 4.71876e-12 4.71876e-12
1118.41 4.66734e-12 4.66734e-12
1124.69 4.61677e-12 4.61677e-12
1130.97 4.56704e-12 4.56704e-12
1137.26 4.51814e-12 4.51814e-12
1143.54 4.47003e-12 4.47003e-12
1149.82 4.42271e-12 4.42271e-12
1156.11 4.37615e-12 4.37615e-12
1162.39 4.33035e-12 4.33035e-12
1168.67 4.28528e-12 4.28528e-12
1174.96 4.24092e-12 4.24092e-12
1181.24 4.19728e-12 4.19728e-12
1187.52 4.15432e-12 4.15432e-12
1193.81 4.11203e-12 4.11203e-12
1200.09 4.07041e-12 4.07041e-12
1206.37 4.02943e-12 4.02943e-12
1212.65 3.98909e-12 3.98909e-12
1218.94 3.94937e-12 3.94937e-12
1225.22 3.91025e-12 3.91025e-12
1231.5 3.87173e-12 3.87173e-12
1237.79 3.8338e-12 3.8338e-12
1244.07 3.79643e-12 3.79643e-12
1250.35 3.75963e-12 3.75963e-12
1256.64 3.72338e-12 3.72338e-12
1262.92 3.68766e-12 3.68766e-12
1269.2 3.65248e-12 3.65248e-12
1275.49 3.61781e-12 3.61781e-12
1281.77 3.58365e-12 3.58365e-12
1288.05 3.54998e-12 3.54998e-12
1294.34 3.51681e-12 3.51681e-12
1300.62 3.48411e-12 3.48411e-12
1306.9 3.45188e-12 3.45188e-12
1313.19 3.42012e-12 3.42012e-12
1319.47 3.3888e-12 3.3888e-12
1325.75 3.35793e-12 3.35793e-12
1332.04 3.3275e-12 3.3275e-12
1338.32 3.29749e-12 3.29749e-12
1344.6 3.2679e-12 3.2679e-12
1350.88 3.23872e-12 3.23872e-12
1357.17 3.20994e-12 3.20994e-12
1363.45 3.18157e-12 3.18157e-12
1369.73 3.15358e-12 3.15358e-12
1376.02 3.12597e-12 3.12597e-12
1382.3 3.09874e-12 3.09874e-12
1388.58 3.07188e-12 3.07188e-12
1394.87 3.04537e-12 3.04537e-12
1401.15 3.01923e-12 3.01923e-12
1407.43 2.99343e-12 2.99343e-12
1413.72 2.96798e-12 2.96798e-12
1420 2.94286e-12 2.94286e-12
1426.28 2.91807e-12 2.91807e-12
1432.57 2.89361e-12 2.89361e-12
1438.85 2.86947e-12 2.86947e-12
1445.13 2.84564e-12 2.84564e-12
1451.42 2.82212e-12 2.82212e-12
1457.7 2.7989e-12 2.7989e-12
1463.98 2.77599e-12 2.77599e-12
1470.27 2.75336e-12 2.75336e-12
1476.55 2.73102e-12 2.73102e-12
1482.83 2.70897e-12 2.70897e-12
1489.11 2.6872e-12 2.6872e-12
1495.4 2.6657e-12 2.6657e-12
1501.68 2.64446e-12 2.64446e-12
1507.96 2.6235e-12 2.6235e-12
1514.25 2.60279e-12 2.60279e-12
1520.53 2.58234e-12 2.58234e-12
1526.81 2.56214e-12 2.56214e-12
1533.1 2.54219e-12 2.54219e-12
1539.38 2.52248e-12 2.52248e-12
1545.66 2.50301e-12 2.50301e-12
1551.95 2.48378e-12 2.48378e-12
1558.23 2.46478e-12 2.46478e-12
1564.51 2.44601e-12 2.44601e-12
1570.8 2.42747e-12 2.42747e-12
1577.08 2.40914e-12 2.40914e-12
1583.36 2.39104e-12 2.39104e-12
1589.65 2.37314e-12 2.37314e-12
1595.93 2.35546e-12 2.35546e-12
1602.21 2.33799e-12 2.33799e-12
1608.5 2.32072e-12 2.32072e-12
1614.78 2.30365e-12 2.30365e-12
1621.06 2.28678e-12 2.28678e-12
1627.34 2.27011e-12 2.27011e-12
1633.63 2.25363e-12 2.25363e-12
1639.91 2.23733e-12 2.23733e-12
1646.19 2.22123e-12 2.22123e-12
1652.48 2.20531e-12 2.20531e-12
1658.76 2.18956e-12 2.18956e-12
1665.04 2.174e-12 2.174e-12
1671.33 2.15861e-12 2.15861e-12
1677.61 2.14339e-12 2.14339e-12
1683.89 2.12835e-12 2.12835e-12
1690.18 2.11347e-12 2.11347e-12
1696.46 2.09876e-12 2.09876e-12
1702.74 2.08421e-12 2.08421e-12
1709.03 2.06982e-12 2.06982e-12
1715.31 2.05559e-12 2.05559e-12
1721.59 2.04151e-12 2.04151e-12
1727.88 2.02759e-12 2.02759e-12
1734.16 2.01382e-12 2.01382e-12
1740.44 2.0002e-12 2.0002e-12
1746.73 1.98672e-12 1.98672e-12
1753.01 1.97339e-12 1.97339e-12
1759.29 1.9602e-12 1.9602e-12
1765.58 1.94716e-12 1.94716e-12
1771.86 1.93425e-12 1.93425e-12
1778.14 1.92148e-12 1.92148e-12
1784.42 1.90885e-12 1.90885e-12
1790.71 1.89634e-12 1.89634e-12
1796.99 1.88397e-12 1.88397e-12
1803.27 1.87173e-12 1.87173e-12
1809.56 1.85962e-12 1.85962e-12
1815.84 1.84763e-12 1.84763e-12
1822.12 1.83576e-12 1.83576e-12
1828.41 1.82402e-12 1.82402e-12
1834.69 1.8124e-12 1.8124e-12
1840.97 1.8009e-12 1.8009e-12
1847.26 1.78951e-12 1.78951e-12
1853.54 1.77824e-12 1.77824e-12
1859.82 1.76709e-12 1.76709e-12
1866.11 1.75605e-12 1.75605e-12
1872.39 1.74512e-12 1.74512e-12
1878.67 1.7343e-12 1.7343e-12
1884.96 1.72359e-12 1.72359e-12
1891.24 1.71298e-12 1.71298e-12
1897.52 1.70248e-12 1.70248e-12
1903.81 1.69209e-12 1.69209e-12
1910.09 1.68179e-12 1.68179e-12
1916.37 1.6716e-12 1.6716e-12
1922.65 1.66151e-12 1.66151e-12
1928.94 1.65152e-12 1.65152e-12
1935.22 1.64162e-12 1.64162e-12
1941.5 1.63183e-12 1.63183e-12
1947.79 1.62212e-12 1.62212e-12
1954.07 1.61251e-12 1.61251e-12
1960.35 1.603e-12 1.603e-12
1966.64 1.59357e-12 1.59357e-12
1972.92 1.58424e-12 1.58424e-12
1979.2 1.57499e-12 1.57499e-12
1985.49 1.56583e-12 1.56583e-12
1991.77 1.55676e-12 1.55676e-12
1998.05 1.54778e-12 1.54778e-12
2004.34 1.53887e-12 1.53887e-12
2010.62 1.53006e-12 1.53006e-12
2016.9 1.52132e-12 1.52132e-12
2023.19 1.51267e-12 1.51267e-12
2029.47 1.5041e-12 1.5041e-12
2035.75 1.49561e-12 1.49561e-12
2042.04 1.48719e-12 1.48719e-12
2048.32 1.47886e-12 1.47886e-12
2054.6 1.4706e-12 1.4706e-12
2060.88 1.46242e-12 1.46242e-12
2067.17 1.45431e-12 1.45431e-12
2073.45 1.44627e-12 1.44627e-12
2079.73 1.43831e-12 1.43831e-12
2086.02 1.43042e-12 1.43042e-12
2092.3 1.42261e-12 1.42261e-12
2098.58 1.41486e-12 1.41486e-12
2104.87 1.40718e-12 1.40718e-12
2111.15 1.39957e-12 1.39957e-12
2117.43 1.39203e-12 1.39203e-12
2123.72 1.38456e-12 1.38456e-12
2130 1.37715e-12 1.37715e-12
2136.28 1.36981e-12 1.36981e-12
2142.57 1.36254e-12 1.36254e-12
2148.85 1.35532e-12 1.35532e-12
2155.13 1.34817e-12 1.34817e-12
2161.42 1.34109e-12 1.34109e-12
2167.7 1.33407e-12 1.33407e-12
2173.98 1.3271e-12 1.3271e-12
2180.27 1.3202e-12 1.3202e-12
2186.55 1.31336e-12 1.31336e-12
2192.83 1.30658e-12 1.30658e-12
2199.11 1.29985e-12 1.29985e-12
2205.4 1.29318e-12 1.29318e-12
2211.68 1.28657e-12 1.28657e-12
2217.96 1.28002e-12 1.28002e-12
2224.25 1.27352e-12 1.27352e-12
2230.53 1.26708e-12 1.26708e-12
2236.81 1.2607e-12 1.2607e-12
2243.1 1.25436e-12 1.25436e-12
2249.38 1.24808e-12 1.24808e-12
2255.66 1.24186e-12 1.24186e-12
2261.95 1.23568e-12 1.23568e-12
2268.23 1.22956e-12 1.22956e-12
2274.51 1.22349e-12 1.22349e-12
2280.8 1.21747e-12 1.21747e-12
2287.08 1.21149e-12 1.21149e-12
2293.36 1.20557e-12 1.20557e-12
2299.65 1.1997e-12 1.1997e-12
2305.93 1.19388e-12 1.19388e-12
2312.21 1.1881e-12 1.1881e-12
2318.5 1.18237e-12 1.18237e-12
2324.78 1.17669e-12 1.17669e-12
2331.06 1.17105e-12 1.17105e-12
2337.34 1.16546e-12 1.16546e-12
2343.63 1.15992e-12 1.15992e-12
2349.91 1.15442e-12 1.15442e-12
2356.19 1.14896e-12 1.14896e-12
2362.48 1.14355e-12 1.14355e-12
2368.76 1.13818e-12 1.13818e-12
2375.04 1.13286e-12 1.13286e-12
2381.33 1.12758e-12 1.12758e-12
2387.61 1.12233e-12 1.12233e-12
2393.89 1.11714e-12 1.11714e-12
2400.18 1.11198e-12 1.11198e-12
2406.46 1.10686e-12 1.10686e-12
2412.74 1.10179e-12 1.10179e-12
2419.03 1.09675e-12 1.09675e-12
2425.31 1.09175e-12 1.09175e-12
2431.59 1.0868e-12 1.0868e-12
2437.88 1.08188e-12 1.08188e-12
2444.16 1.077e-12 1.077e-12
2450.44 1.07215e-12 1.07215e-12
2456.73 1.06735e-12 1.06735e-12
2463.01 1.06258e-12 1.06258e-12
2469.29 1.05785e-12 1.05785e-12
2475.58 1.05316e-12 1.05316e-12
2481.86 1.0485e-12 1.0485e-12
2488.14 1.04388e-12 1.04388e-12
2494.42 1.03929e-12 1.03929e-12
2500.71 1.03474e-12 1.03474e-12
2506.99 1.03022e-12 1.03022e-12
2513.27 1.02574e-12 1.02574e-12
2519.56 1.02129e-12 1.02129e-12
2525.84 1.01687e-12 1.01687e-12
2532.12 1.01249e-12 1.01249e-12
2538.41 1.00814e-12 1.00814e-12
2544.69 1.00383e-12 1.00383e-12
2550.97 9.99541e-13 9.99541e-13
2557.26 9.95289e-13 9.95289e-13
2563.54 9.91069e-13 9.91069e-13
2569.82 9.8688e-13 9.8688e-13
2576.11 9.82722e-13 9.82722e-13
2582.39 9.78595e-13 9.78595e-13
2588.67 9.74499e-13 9.74499e-13
2594.96 9.70432e-13 9.70432e-13
2601.24 9.66396e-13 9.66396e-13
2607.52 9.62389e-13 9.62389e-13
2613.81 9.58412e-13 9.58412e-13
2620.09 9.54464e-13 9.54464e-13
2626.37 9.50544e-13 9.50544e-13
2632.65 9.46653e-13 9.46653e-13
2638.94 9.42791e-13 9.42791e-13
2645.22 9.38956e-13 9.38956e-13
2651.5 9.35149e-13 9.35149e-13
2657.79 9.3137e-13 9.3137e-13
2664.07 9.27618e-13 9.27618e-13
2670.35 9.23892e-13 9.23892e-13
2676.64 9.20194e-13 9.20194e-13
2682.92 9.16522e-13 9.16522e-13
2689.2 9.12876e-13 9.12876e-13
2695.49 9.09256e-13 9.09256e-13
2701.77 9.05662e-13 9.05662e-13
2708.05 9.02093e-13 9.02093e-13
2714.34 8.9855e-13 8.9855e-13
2720.62 8.95031e-13 8.95031e-13
2726.9 8.91538e-13 8.91538e-13
2733.19 8.88069e-13 8.88069e-13
2739.47 8.84624e-13 8.84624e-13
2745.75 8.81204e-13 8.81204e-13
2752.04 8.77807e-13 8.77807e-13
2758.32 8.74434e-13 8.74434e-13
2764.6 8.71085e-13 8.71085e-13
2770.88 8.67759e-13 8.67759e-13
2777.17 8.64456e-13 8.64456e-13
2783.45 8.61176e-13 8.61176e-13
2789.73 8.57918e-13 8.57918e-13
2796.02 8.54683e-13 8.54683e-13
2802.3 8.51471e-13 8.51471e-13
2808.58 8.4828e-13 8.4828e-13
2814.87 8.45111e-13 8.45111e-13
2821.15 8.41964e-13 8.41964e-13
2827.43 8.38838e-13 8.38838e-13
2833.72 8.35734e-13 8.35734e-13
2840 8.32651e-13 8.32651e-13
2846.28 8.29588e-13 8.29588e-13
2852.57 8.26547e-13 8.26547e-13
2858.85 8.23525e-13 8.23525e-13
2865.13 8.20525e-13 8.20525e-13
2871.42 8.17544e-13 8.17544e-13
2877.7 8.14584e-13 8.14584e-13
2883.98 8.11643e-13 8.11643e-13
2890.27 8.08722e-13 8.08722e-13
2896.55 8.05821e-13 8.05821e-13
2902.83 8.02939e-13 8.02939e-13
2909.11 8.00076e-13 8.00076e-13
2915.4 7.97233e-13 7.97233e-13
2921.68 7.94408e-13 7.94408e-13
2927.96 7.91601e-13 7.91601e-13
2934.25 7.88814e-13 7.88814e-13
2940.53 7.86044e-13 7.86044e-13
2946.81 7.83293e-13 7.83293e-13
2953.1 7.8056e-13 7.8056e-13
2959.38 7.77845e-13 7.77845e-13
2965.66 7.75148e-13 7.75148e-13
2971.95 7.72468e-13 7.72468e-13
2978.23 7.69806e-13 7.69806e-13
2984.51 7.67161e-13 7.67161e-13
2990.8 7.64534e-13 7.64534e-13
2997.08 7.61923e-13 7.61923e-13
3003.36 7.5933e-13 7.5933e-13
3009.65 7.56753e-13 7.56753e-13
3015.93 7.54192e-13 7.54192e-13
3022.21 7.51649e-13 7.51649e-13
3028.5 7.49121e-13 7.49121e-13
3034.78 7.4661e-13 7.4661e-13
3041.06 7.44115e-13 7.44115e-13
3047.34 7.41636e-13 7.41636e-13
3053.63 7.39173e-13 7.39173e-13
3059.91 7.36725e-13 7.36725e-13
3066.19 7.34293e-13 7.34293e-13
3072.48 7.31877e-13 7.31877e-13
3078.76 7.29476e-13 7.29476e-13
3085.04 7.2709e-13 7.2709e-13
3091.33 7.24719e-13 7.24719e-13
3097.61 7.22363e-13 7.22363e-13
3103.89 7.20022e-13 7.20022e-13
3110.18 7.17696e-13 7.17696e-13
3116.46 7.15384e-13 7.15384e-13
3122.74 7.13087e-13 7.13087e-13
3129.03 7.10804e-13 7.10804e-13
3135.31 7.08535e-13 7.08535e-13
3141.59 7.06281e-13 7.06281e-13
3147.88 7.04041e-13 7.04041e-13
3154.16 7.01814e-13 7.01814e-13
3160.44 6.99602e-13 6.99602e-13
3166.73 6.97403e-13 6.97403e-13
3173.01 6.95218e-13 6.95218e-13
3179.29 6.93046e-13 6.93046e-13
3185.57 6.90888e-13 6.90888e-13
3191.86 6.88743e-13 6.88743e-13
3198.14 6.86611e-13 6.86611e-13
3204.42 6.84492e-13 6.84492e-13
3210.71 6.82386e-13 6.82386e-13
3216.99 6.80294e-13 6.80294e-13
3223.27 6.78213e-13 6.78213e-13
3229.56 6.76146e-13 6.76146e-13
3235.84 6.74091e-13 6.74091e-13
3242.12 6.72049e-13 6.72049e-13
3248.41 6.70019e-13 6.70019e-13
3254.69 6.68002e-13 6.68002e-13
3260.97 6.65997e-13 6.65997e-13
3267.26 6.64004e-13 6.64004e-13
3273.54 6.62022e-13 6.62022e-13
3279.82 6.60053e-13 6.60053e-13
3286.11 6.58096e-13 6.58096e-13
3292.39 6.56151e-13 6.56151e-13
3298.67 6.54217e-13 6.54217e-13
3304.96 6.52295e-13 6.52295e-13
3311.24 6.50384e-13 6.50384e-13
3317.52 6.48485e-13 6.48485e-13
3323.81 6.46597e-13 6.46597e-13
3330.09 6.4472e-13 6.4472e-13
3336.37 6.42854e-13 6.42854e-13
3342.65 6.41e-13 6.41e-13
3348.94 6.39157e-13 6.39157e-13
3355.22 6.37324e-13 6.37324e-13
3361.5 6.35503e-13 6.35503e-13
3367.79 6.33692e-13 6.33692e-13
3374.07 6.31892e-13 6.31892e-13
3380.35 6.30102e-13 6.30102e-13
3386.64 6.28323e-13 6.28323e-13
3392.92 6.26555e-13 6.26555e-13
3399.2 6.24797e-13 6.24797e-13
3405.49 6.23049e-13 6.23049e-13
3411.77 6.21311e-13 6.21311e-13
3418.05 6.19584e-13 6.19584e-13
3424.34 6.17867e-13 6.17867e-13
3430.62 6.16159e-13 6.16159e-13
3436.9 6.14462e-13 6.14462e-13
3443.19 6.12775e-13 6.12775e-13
3449.47 6.11097e-13 6.11097e-13
3455.75 6.09429e-13 6.09429e-13
3462.04 6.07771e-13 6.07771e-13
3468.32 6.06123e-13 6.06123e-13
3474.6 6.04483e-13 6.04483e-13
3480.88 6.02854e-13 6.02854e-13
3487.17 6.01234e-13 6.01234e-13
3493.45 5.99623e-13 5.99623e-13
3499.73 5.98021e-13 5.98021e-13
3506.02 5.96429e-13 5.96429e-13
3512.3 5.94846e-13 5.94846e-13
3518.58 5.93272e-13 5.93272e-13
3524.87 5.91707e-13 5.91707e-13
3531.15 5.9015e-13 5.9015e-13
3537.43 5.88603e-13 5.88603e-13
3543.72 5.87065e-13 5.87065e-13
3550 5.85535e-13 5.85535e-13
3556.28 5.84014e-13 5.84014e-13
3562.57 5.82502e-13 5.82502e-13
3568.85 5.80998e-13 5.80998e-13
3575.13 5.79503e-13 5.79503e-13
3581.42 5.78016e-13 5.78016e-13
3587.7 5.76538e-13 5.76538e-13
3593.98 5.75068e-13 5.75068e-13
3600.27 5.73607e-13 5.73607e-13
3606.55 5.72153e-13 5.72153e-13
3612.83 5.70708e-13 5.70708e-13
3619.11 5.69271e-13 5.69271e-13
3625.4 5.67842e-13 5.67842e-13
3631.68 5.66422e-13 5.66422e-13
3637.96 5.65009e-13 5.65009e-13
3644.25 5.63604e-13 5.63604e-13
3650.53 5.62207e-13 5.62207e-13
3656.81 5.60818e-13 5.60818e-13
3663.1 5.59436e-13 5.59436e-13
3669.38 5.58062e-13 5.58062e-13
3675.66 5.56696e-13 5.56696e-13
3681.95 5.55338e-13 5.55338e-13
3688.23 5.53987e-13 5.53987e-13
3694.51 5.52643e-13 5.52643e-13
3700.8 5.51308e-13 5.51308e-13
3707.08 5.49979e-13 5.49979e-13
3713.36 5.48658e-13 5.48658e-13
3719.65 5.47344e-13 5.47344e-13
3725.93 5.46038e-13 5.46038e-13
3732.21 5.44738e-13 5.44738e-13
3738.5 5.43446e-13 5.43446e-13
3744.78 5.42161e-13 5.42161e-13
3751.06 5.40884e-13 5.40884e-13
3757.34 5.39613e-13 5.39613e-13
3763.63 5.38349e-13 5.38349e-13
3769.91 5.37092e-13 5.37092e-13
3776.19 5.35842e-13 5.35842e-13
3782.48 5.34599e-13 5.34599e-13
3788.76 5.33363e-13 5.33363e-13
3795.04 5.32133e-13 5.32133e-13
3801.33 5.30911e-13 5.30911e-13
3807.61 5.29695e-13 5.29695e-13
3813.89 5.28485e-13 5.28485e-13
3820.18 5.27283e-13 5.27283e-13
3826.46 5.26086e-13 5.26086e-13
3832.74 5.24897e-13 5.24897e-13
3839.03 5.23714e-13 5.23714e-13
3845.31 5.22537e-13 5.22537e-13
3851.59 5.21367e-13 5.21367e-13
3857.88 5.20203e-13 5.20203e-13
3864.16 5.19045e-13 5.19045e-13
3870.44 5.17894e-13 5.17894e-13
3876.73 5.16749e-13 5.16749e-13
3883.01 5.1561e-13 5.1561e-13
3889.29 5.14477e-13 5.14477e-13
3895.57 5.13351e-13 5.13351e-13
3901.86 5.12231e-13 5.12231e-13
3908.14 5.11116e-13 5.11116e-13
3914.42 5.10008e-13 5.10008e-13
3920.71 5.08906e-13 5.08906e-13
3926.99 5.07809e-13 5.07809e-13
3933.27 5.06719e-13 5.06719e-13
3939.56 5.05634e-13 5.05634e-13
3945.84 5.04556e-13 5.04556e-13
3952.12 5.03483e-13 5.03483e-13
3958.41 5.02416e-13 5.02416e-13
3964.69 5.01354e-13 5.01354e-13
3970.97 5.00299e-13 5.00299e-13
3977.26 4.99249e-13 4.99249e-13
3983.54 4.98204e-13 4.98204e-13
3989.82 4.97166e-13 4.97166e-13
3996.11 4.96133e-13 4.96133e-13
4002.39 4.95105e-13 4.95105e-13
4008.67 4.94083e-13 4.94083e-13
4014.96 4.93066e-13 4.93066e-13
4021.24 4.92055e-13 4.92055e-13
4027.52 4.91049e-13 4.91049e-13
4033.8 4.90049e-13 4.90049e-13
4040.09 4.89054e-13 4.89054e-13
4046.37 4.88064e-13 4.88064e-13
4052.65 4.8708e-13 4.8708e-13
4058.94 4.86101e-13 4.86101e-13
4065.22 4.85127e-13 4.85127e-13
4071.5 4.84158e-13 4.84158e-13
4077.79 4.83195e-13 4.83195e-13
4084.07 4.82236e-13 4.82236e-13
4090.35 4.81283e-13 4.81283e-13
4096.64 4.80335e-13 4.80335e-13
4102.92 4.79392e-13 4.79392e-13
4109.2 4.78453e-13 4.78453e-13
4115.49 4.7752e-13 4.7752e-13
4121.77 4.76592e-13 4.76592e-13
4128.05 4.75669e-13 4.75669e-13
4134.34 4.74751e-13 4.74751e-13
4140.62 4.73837e-13 4.73837e-13
4146.9 4.72929e-13 4.72929e-13
4153.19 4.72025e-13 4.72025e-13
4159.47 4.71126e-13 4.71126e-13
4165.75 4.70232e-13 4.70232e-13
4172.04 4.69342e-13 4.69342e-13
4178.32 4.68458e-13 4.68458e-13
4184.6 4.67578e-13 4.67578e-13
4190.88 4.66702e-13 4.66702e-13
4197.17 4.65832e-13 4.65832e-13
4203.45 4.64966e-13 4.64966e-13
4209.73 4.64104e-13 4.64104e-13
4216.02 4.63247e-13 4.63247e-13
4222.3 4.62395e-13 4.62395e-13
4228.58 4.61547e-13 4.61547e-13
4234.87 4.60704e-13 4.60704e-13
4241.15 4.59865e-13 4.59865e-13
4247.43 4.5903e-13 4.5903e-13
4253.72 4.582e-13 4.582e-13
4260 4.57375e-13 4.57375e-13
4266.28 4.56554e-13 4.56554e-13
4272.57 4.55737e-13 4.55737e-13
4278.85 4.54924e-13 4.54924e-13
4285.13 4.54116e-13 4.54116e-13
4291.42 4.53312e-13 4.53312e-13
4297.7 4.52512e-13 4.52512e-13
4303.98 4.51717e-13 4.51717e-13
4310.27 4.50926e-13 4.50926e-13
4316.55 4.50139e-13 4.50139e-13
4322.83 4.49356e-13 4.49356e-13
4329.11 4.48577e-13 4.48577e-13
4335.4 4.47802e-13 4.47802e-13
4341.68 4.47032e-13 4.47032e-13
4347.96 4.46265e-13 4.46265e-13
4354.25 4.45503e-13 4.45503e-13
4360.53 4.44745e-13 4.44745e-13
4366.81 4.43991e-13 4.43991e-13
4373.1 4.4324e-13 4.4324e-13
4379.38 4.42494e-13 4.42494e-13
4385.66 4.41752e-13 4.41752e-13
4391.95 4.41013e-13 4.41013e-13
4398.23 4.40279e-13 4.40279e-13
4404.51 4.39548e-13 4.39548e-13
4410.8 4.38821e-13 4.38821e-13
4417.08 4.38099e-13 4.38099e-13
4423.36 4.3738e-13 4.3738e-13
4429.65 4.36664e-13 4.36664e-13
4435.93 4.35953e-13 4.35953e-13
4442.21 4.35245e-13 4.35245e-13
4448.5 4.34542e-13 4.34542e-13
4454.78 4.33841e-13 4.33841e-13
4461.06 4.33145e-13 4.33145e-13
4467.34 4.32452e-13 4.32452e-13
4473.63 4.31764e-13 4.31764e-13
4479.91 4.31078e-13 4.31078e-13
4486.19 4.30397e-13 4.30397e-13
4492.48 4.29719e-13 4.29719e-13
4498.76 4.29044e-13 4.29044e-13
4505.04 4.28373e-13 4.28373e-13
4511.33 4.27706e-13 4.27706e-13
4517.61 4.27043e-13 4.27043e-13
4523.89 4.26383e-13 4.26383e-13
4530.18 4.25726e-13 4.25726e-13
4536.46 4.25073e-13 4.25073e-13
4542.74 4.24423e-13 4.24423e-13
4549.03 4.23777e-13 4.23777e-13
4555.31 4.23135e-13 4.23135e-13
4561.59 4.22496e-13 4.22496e-13
4567.88 4.2186e-13 4.2186e-13
4574.16 4.21228e-13 4.21228e-13
4580.44 4.20599e-13 4.20599e-13
4586.73 4.19973e-13 4.19973e-13
4593.01 4.19351e-13 4.19351e-13
4599.29 4.18732e-13 4.18732e-13
4605.57 4.18117e-13 4.18117e-13
4611.86 4.17504e-13 4.17504e-13
4618.14 4.16896e-13 4.16896e-13
4624.42 4.1629e-13 4.1629e-13
4630.71 4.15688e-13 4.15688e-13
4636.99 4.15089e-13 4.15089e-13
4643.27 4.14493e-13 4.14493e-13
4649.56 4.139e-13 4.139e-13
4655.84 4.13311e-13 4.13311e-13
4662.12 4.12725e-13 4.12725e-13
4668.41 4.12142e-13 4.12142e-13
4674.69 4.11562e-13 4.11562e-13
4680.97 4.10985e-13 4.10985e-13
4687.26 4.10412e-13 4.10412e-13
4693.54 4.09842e-13 4.09842e-13
4699.82 4.09274e-13 4.09274e-13
4706.11 4.0871e-13 4.0871e-13
4712.39 4.08149e-13 4.08149e-13
4718.67 4.07591e-13 4.07591e-13
4724.96 4.07036e-13 4.07036e-13
4731.24 4.06484e-13 4.06484e-13
4737.52 4.05935e-13 4.05935e-13
4743.8 4.05389e-13 4.05389e-13
4750.09 4.04846e-13 4.04846e-13
4756.37 4.04307e-13 4.04307e-13
4762.65 4.0377e-13 4.0377e-13
4768.94 4.03236e-13 4.03236e-13
4775.22 4.02705e-13 4.02705e-13
4781.5 4.02177e-13 4.02177e-13
4787.79 4.01652e-13 4.01652e-13
4794.07 4.01129e-13 4.01129e-13
4800.35 4.0061e-13 4.0061e-13
4806.64 4.00094e-13 4.00094e-13
4812.92 3.9958e-13 3.9958e-13
4819.2 3.9907e-13 3.9907e-13
4825.49 3.98562e-13 3.98562e-13
4831.77 3.98057e-13 3.98057e-13
4838.05 3.97555e-13 3.97555e-13
4844.34 3.97055e-13 3.97055e-13
4850.62 3.96559e-13 3.96559e-13
4856.9 3.96065e-13 3.96065e-13
4863.19 3.95574e-13 3.95574e-13
4869.47 3.95086e-13 3.95086e-13
4875.75 3.94601e-13 3.94601e-13
4882.03 3.94118e-13 3.94118e-13
4888.32 3.93638e-13 3.93638e-13
4894.6 3.93161e-13 3.93161e-13
4900.88 3.92686e-13 3.92686e-13
4907.17 3.92214e-13 3.92214e-13
4913.45 3.91745e-13 3.91745e-13
4919.73 3.91279e-13 3.91279e-13
4926.02 3.90815e-13 3.90815e-13
4932.3 3.90354e-13 3.90354e-13
4938.58 3.89896e-13 3.89896e-13
4944.87 3.8944e-13 3.8944e-13
4951.15 3.88987e-13 3.88987e-13
4957.43 3.88536e-13 3.88536e-13
4963.72 3.88088e-13 3.88088e-13
4970 3.87643e-13 3.87643e-13
4976.28 3.872e-13 3.872e-13
4982.57 3.8676e-13 3.8676e-13
4988.85 3.86322e-13 3.86322e-13
4995.13 3.85887e-13 3.85887e-13
5001.42 3.85455e-13 3.85455e-13
5007.7 3.85025e-13 3.85025e-13
5013.98 3.84597e-13 3.84597e-13
5020.27 3.84172e-13 3.84172e-13
5026.55 3.8375e-13 3.8375e-13
5032.83 3.8333e-13 3.8333e-13
5039.11 3.82912e-13 3.82912e-13
5045.4 3.82497e-13 3.82497e-13
5051.68 3.82085e-13 3.82085e-13
5057.96 3.81675e-13 3.81675e-13
5064.25 3.81267e-13 3.81267e-13
5070.53 3.80862e-13 3.80862e-13
5076.81 3.8046e-13 3.8046e-13
5083.1 3.80059e-13 3.80059e-13
5089.38 3.79661e-13 3.79661e-13
5095.66 3.79266e-13 3.79266e-13
5101.95 3.78873e-13 3.78873e-13
5108.23 3.78482e-13 3.78482e-13
5114.51 3.78094e-13 3.78094e-13
5120.8 3.77708e-13 3.77708e-13
5127.08 3.77325e-13 3.77325e-13
5133.36 3.76943e-13 3.76943e-13
5139.65 3.76565e-13 3.76565e-13
5145.93 3.76188e-13 3.76188e-13
5152.21 3.75814e-13 3.75814e-13
5158.5 3.75442e-13 3.75442e-13
5164.78 3.75073e-13 3.75073e-13
5171.06 3.74705e-13 3.74705e-13
5177.34 3.7434e-13 3.7434e-13
5183.63 3.73978e-13 3.73978e-13
5189.91 3.73618e-13 3.73618e-13
5196.19 3.73259e-13 3.73259e-13
5202.48 3.72904e-13 3.72904e-13
5208.76 3.7255e-13 3.7255e-13
5215.04 3.72199e-13 3.72199e-13
5221.33 3.7185e-13 3.7185e-13
5227.61 3.71503e-13 3.71503e-13
5233.89 3.71158e-13 3.71158e-13
5240.18 3.70816e-13 3.70816e-13
5246.46 3.70476e-13 3.70476e-13
5252.74 3.70138e-13 3.70138e-13
5259.03 3.69802e-13 3.69802e-13
5265.31 3.69469e-13 3.69469e-13
5271.59 3.69137e-13 3.69137e-13
5277.88 3.68808e-13 3.68808e-13
5284.16 3.68481e-13 3.68481e-13
5290.44 3.68157e-13 3.68157e-13
5296.73 3.67834e-13 3.67834e-13
5303.01 3.67513e-13 3.67513e-13
5309.29 3.67195e-13 3.67195e-13
5315.57 3.66879e-13 3.66879e-13
5321.86 3.66565e-13 3.66565e-13
5328.14 3.66253e-13 3.66253e-13
5334.42 3.65943e-13 3.65943e-13
5340.71 3.65635e-13 3.65635e-13
5346.99 3.6533e-13 3.6533e-13
5353.27 3.65026e-13 3.65026e-13
5359.56 3.64725e-13 3.64725e-13
5365.84 3.64425e-13 3.64425e-13
5372.12 3.64128e-13 3.64128e-13
5378.41 3.63833e-13 3.63833e-13
5384.69 3.6354e-13 3.6354e-13
5390.97 3.63249e-13 3.63249e-13
5397.26 3.6296e-13 3.6296e-13
5403.54 3.62673e-13 3.62673e-13
5409.82 3.62388e-13 3.62388e-13
5416.11 3.62105e-13 3.62105e-13
5422.39 3.61824e-13 3.61824e-13
5428.67 3.61545e-13 3.61545e-13
5434.96 3.61269e-13 3.61269e-13
5441.24 3.60994e-13 3.60994e-13
5447.52 3.60721e-13 3.60721e-13
5453.8 3.6045e-13 3.6045e-13
5460.09 3.60181e-13 3.60181e-13
5466.37 3.59915e-13 3.59915e-13
5472.65 3.5965e-13 3.5965e-13
5478.94 3.59387e-13 3.59387e-13
5485.22 3.59126e-13 3.59126e-13
5491.5 3.58868e-13 3.58868e-13
5497.79 3.58611e-13 3.58611e-13
5504.07 3.58356e-13 3.58356e-13
5510.35 3.58103e-13 3.58103e-13
5516.64 3.57852e-13 3.57852e-13
5522.92 3.57603e-13 3.57603e-13
5529.2 3.57356e-13 3.57356e-13
5535.49 3.5711e-13 3.5711e-13
5541.77 3.56867e-13 3.56867e-13
5548.05 3.56626e-13 3.56626e-13
5554.34 3.56386e-13 3.56386e-13
5560.62 3.56149e-13 3.56149e-13
5566.9 3.55913e-13 3.55913e-13
5573.19 3.5568e-13 3.5568e-13
5579.47 3.55448e-13 3.55448e-13
5585.75 3.55218e-13 3.55218e-13
5592.03 3.5499e-13 3.5499e-13
5598.32 3.54764e-13 3.54764e-13
5604.6 3.5454e-13 3.5454e-13
5610.88 3.54317e-13 3.54317e-13
5617.17 3.54097e-13 3.54097e-13
5623.45 3.53878e-13 3.53878e-13
5629.73 3.53662e-13 3.53662e-13
5636.02 3.53447e-13 3.53447e-13
5642.3 3.53234e-13 3.53234e-13
5648.58 3.53023e-13 3.53023e-13
5654.87 3.52813e-13 3.52813e-13
5661.15 3.52606e-13 3.52606e-13
5667.43 3.524e-13 3.524e-13
5673.72 3.52197e-13 3.52197e-13
5680 3.51995e-13 3.51995e-13
5686.28 3.51794e-13 3.51794e-13
5692.57 3.51596e-13 3.51596e-13
5698.85 3.514e-13 3.514e-13
5705.13 3.51205e-13 3.51205e-13
5711.42 3.51012e-13 3.51012e-13
5717.7 3.50821e-13 3.50821e-13
5723.98 3.50632e-13 3.50632e-13
5730.27 3.50445e-13 3.50445e-13
5736.55 3.50259e-13 3.50259e-13
5742.83 3.50075e-13 3.50075e-13
5749.11 3.49893e-13 3.49893e-13
5755.4 3.49713e-13 3.49713e-13
5761.68 3.49534e-13 3.49534e-13
5767.96 3.49358e-13 3.49358e-13
5774.25 3.49183e-13 3.49183e-13
5780.53 3.4901e-13 3.4901e-13
5786.81 3.48838e-13 3.48838e-13
5793.1 3.48669e-13 3.48669e-13
5799.38 3.48501e-13 3.48501e-13
5805.66 3.48335e-13 3.48335e-13
5811.95 3.4817e-13 3.4817e-13
5818.23 3.48008e-13 3.48008e-13
5824.51 3.47847e-13 3.47847e-13
5830.8 3.47688e-13 3.47688e-13
5837.08 3.47531e-13 3.47531e-13
5843.36 3.47375e-13 3.47375e-13
5849.65 3.47221e-13 3.47221e-13
5855.93 3.47069e-13 3.47069e-13
5862.21 3.46919e-13 3.46919e-13
5868.5 3.4677e-13 3.4677e-13
5874.78 3.46623e-13 3.46623e-13
5881.06 3.46478e-13 3.46478e-13
5887.34 3.46334e-13 3.46334e-13
5893.63 3.46193e-13 3.46193e-13
5899.91 3.46052e-13 3.46052e-13
5906.19 3.45914e-13 3.45914e-13
5912.48 3.45778e-13 3.45778e-13
5918.76 3.45643e-13 3.45643e-13
5925.04 3.45509e-13 3.45509e-13
5931.33 3.45378e-13 3.45378e-13
5937.61 3.45248e-13 3.45248e-13
5943.89 3.4512e-13 3.4512e-13
5950.18 3.44993e-13 3.44993e-13
5956.46 3.44869e-13 3.44869e-13
5962.74 3.44746e-13 3.44746e-13
5969.03 3.44624e-13 3.44624e-13
5975.31 3.44505e-13 3.44505e-13
5981.59 3.44387e-13 3.44387e-13
5987.88 3.4427e-13 3.4427e-13
5994.16 3.44156e-13 3.44156e-13
6000.44 3.44043e-13 3.44043e-13
6006.73 3.43931e-13 3.43931e-13
6013.01 3.43822e-13 3.43822e-13
6019.29 3.43714e-13 3.43714e-13
6025.57 3.43608e-13 3.43608e-13
6031.86 3.43503e-13 3.43503e-13
6038.14 3.434e-13 3.434e-13
6044.42 3.43299e-13 3.43299e-13
6050.71 3.43199e-13 3.43199e-13
6056.99 3.43101e-13 3.43101e-13
6063.27 3.43005e-13 3.43005e-13
6069.56 3.4291e-13 3.4291e-13
6075.84 3.42817e-13 3.42817e-13
6082.12 3.42726e-13 3.42726e-13
6088.41 3.42636e-13 3.42636e-13
6094.69 3.42548e-13 3.42548e-13
6100.97 3.42462e-13 3.42462e-13
6107.26 3.42377e-13 3.42377e-13
6113.54 3.42294e-13 3.42294e-13
6119.82 3.42212e-13 3.42212e-13
6126.11 3.42132e-13 3.42132e-13
6132.39 3.42054e-13 3.42054e-13
6138.67 3.41978e-13 3.41978e-13
6144.96 3.41903e-13 3.41903e-13
6151.24 3.41829e-13 3.41829e-13
6157.52 3.41758e-13 3.41758e-13
6163.8 3.41688e-13 3.41688e-13
6170.09 3.41619e-13 3.41619e-13
6176.37 3.41552e-13 3.41552e-13
6182.65 3.41487e-13 3.41487e-13
6188.94 3.41424e-13 3.41424e-13
6195.22 3.41362e-13 3.41362e-13
6201.5 3.41302e-13 3.41302e-13
6207.79 3.41243e-13 3.41243e-13
6214.07 3.41186e-13 3.41186e-13
6220.35 3.4113e-13 3.4113e-13
6226.64 3.41077e-13 3.41077e-13
6232.92 3.41024e-13 3.41024e-13
6239.2 3.40974e-13 3.40974e-13
6245.49 3.40925e-13 3.40925e-13
6251.77 3.40877e-13 3.40877e-13
6258.05 3.40832e-13 3.40832e-13
6264.34 3.40788e-13 3.40788e-13
6270.62 3.40745e-13 3.40745e-13
6276.9 3.40704e-13 3.40704e-13
6283.19 3.40665e-13 3.40665e-13
6289.47 3.40627e-13 3.40627e-13
6295.75 3.40591e-13 3.40591e-13
6302.03 3.40557e-13 3.40557e-13
6308.32 3.40524e-13 3.40524e-13
6314.6 3.40493e-13 3.40493e-13
6320.88 3.40463e-13 3.40463e-13
6327.17 3.40435e-13 3.40435e-13
6333.45 3.40408e-13 3.40408e-13
6339.73 3.40384e-13 3.40384e-13
6346.02 3.4036e-13 3.4036e-13
6352.3 3.40339e-13 3.40339e-13
6358.58 3.40319e-13 3.40319e-13
6364.87 3.403e-13 3.403e-13
6371.15 3.40283e-13 3.40283e-13
6377.43 3.40268e-13 3.40268e-13
6383.72 3.40255e-13 3.40255e-13
6390 3.40243e-13 3.40243e-13
6396.28 3.40232e-13 3.40232e-13
6402.57 3.40223e-13 3.40223e-13
6408.85 3.40216e-13 3.40216e-13
6415.13 3.40211e-13 3.40211e-13
6421.42 3.40207e-13 3.40207e-13
6427.7 3.40204e-13 3.40204e-13
6433.98 3.40203e-13 3.40203e-13
