0 6.92841e-15 6.92841e-15
6.28319 0.0123861 0.0123861
12.5664 0.00308728 0.00308728
18.8496 0.00137234 0.00137234
25.1327 0.000770121 0.000770121
31.4159 0.000493303 0.000493303
37.6991 0.000341545 0.000341545
43.9823 0.000251102 0.000251102
50.2655 0.000191597 0.000191597
56.5487 0.000151434 0.000151434
62.8319 0.000122199 0.000122199
69.115 0.000100986 0.000100986
75.3982 8.45038e-05 8.45038e-05
81.6814 7.19731e-05 7.19731e-05
87.9646 6.17771e-05 6.17771e-05
94.2478 5.37721e-05 5.37721e-05
100.531 4.70284e-05 4.70284e-05
106.814 4.161e-05 4.161e-05
113.097 3.69186e-05 3.69186e-05
119.381 3.3084e-05 3.3084e-05
125.664 2.96889e-05 2.96889e-05
131.947 2.68777e-05 2.68777e-05
138.23 2.43416e-05 2.43416e-05
144.513 2.22206e-05 2.22206e-05
150.796 2.02763e-05 2.02763e-05
157.08 1.86377e-05 1.86377e-05
163.363 1.71143e-05 1.71143e-05
169.646 1.58228e-05 1.58228e-05
175.929 1.46072e-05 1.46072e-05
182.212 1.35718e-05 1.35718e-05
188.496 1.25863e-05 1.25863e-05
194.779 1.1744e-05 1.1744e-05
201.062 1.09341e-05 1.09341e-05
207.345 1.024e-05 1.024e-05
213.628 9.56651e-06 9.56651e-06
219.911 8.98817e-06 8.98817e-06
226.195 8.42218e-06 8.42218e-06
232.478 7.93547e-06 7.93547e-06
238.761 7.45541e-06 7.45541e-06
245.044 7.04221e-06 7.04221e-06
251.327 6.63165e-06 6.63165e-06
257.611 6.2781e-06 6.2781e-06
263.894 5.92437e-06 5.92437e-06
270.177 5.61972e-06 5.61972e-06
276.46 5.31293e-06 5.31293e-06
282.743 5.04874e-06 5.04874e-06
289.027 4.78106e-06 4.78106e-06
295.31 4.55064e-06 4.55064e-06
301.593 4.31581e-06 4.31581e-06
307.876 4.11379e-06 4.11379e-06
314.159 3.90677e-06 3.90677e-06
320.442 3.72882e-06 3.72882e-06
326.726 3.54548e-06 3.54548e-06
333.009 3.38804e-06 3.38804e-06
339.292 3.22501e-06 3.22501e-06
345.575 3.08518e-06 3.08518e-06
351.858 2.93966e-06 2.93966e-06
358.142 2.81501e-06 2.81501e-06
364.425 2.68468e-06 2.68468e-06
370.708 2.57319e-06 2.57319e-06
376.991 2.4561e-06 2.4561e-06
383.274 2.35608e-06 2.35608e-06
389.557 2.25056e-06 2.25056e-06
395.841 2.16057e-06 2.16057e-06
402.124 2.06524e-06 2.06524e-06
408.407 1.98407e-06 1.98407e-06
414.69 1.89772e-06 1.89772e-06
420.973 1.82434e-06 1.82434e-06
427.257 1.74594e-06 1.74594e-06
433.54 1.67945e-06 1.67945e-06
439.823 1.60812e-06 1.60812e-06
446.106 1.54775e-06 1.54775e-06
452.389 1.48273e-06 1.48273e-06
458.673 1.42781e-06 1.42781e-06
464.956 1.36844e-06 1.36844e-06
471.239 1.31839e-06 1.31839e-06
477.522 1.26407e-06 1.26407e-06
483.805 1.21839e-06 1.21839e-06
490.088 1.16863e-06 1.16863e-06
496.372 1.12687e-06 1.12687e-06
502.655 1.08122e-06 1.08122e-06
508.938 1.04299e-06 1.04299e-06
515.221 1.00104e-06 1.00104e-06
521.504 9.66006e-07 9.66006e-07
527.788 9.27417e-07 9.27417e-07
534.071 8.95266e-07 8.95266e-07
540.354 8.59725e-07 8.59725e-07
546.637 8.30189e-07 8.30189e-07
552.92 7.9742e-07 7.9742e-07
559.203 7.70259e-07 7.70259e-07
565.487 7.40014e-07 7.40014e-07
571.77 7.15013e-07 7.15013e-07
578.053 6.87072e-07 6.87072e-07
584.336 6.64039e-07 6.64039e-07
590.619 6.38203e-07 6.38203e-07
596.903 6.16965e-07 6.16965e-07
603.186 5.93056e-07 5.93056e-07
609.469 5.73459e-07 5.73459e-07
615.752 5.51316e-07 5.51316e-07
622.035 5.3322e-07 5.3322e-07
628.319 5.12697e-07 5.12697e-07
634.602 4.95978e-07 4.95978e-07
640.885 4.76944e-07 4.76944e-07
647.168 4.61486e-07 4.61486e-07
653.451 4.43822e-07 4.43822e-07
659.734 4.29522e-07 4.29522e-07
666.018 4.13119e-07 4.13119e-07
672.301 3.99885e-07 3.99885e-07
678.584 3.84645e-07 3.84645e-07
684.867 3.7239e-07 3.7239e-07
691.15 3.58223e-07 3.58223e-07
697.434 3.4687e-07 3.4687e-07
703.717 3.33694e-07 3.33694e-07
710 3.23173e-07 3.23173e-07
716.283 3.10912e-07 3.10912e-07
722.566 3.01159e-07 3.01159e-07
728.849 2.89745e-07 2.89745e-07
735.133 2.807e-07 2.807e-07
741.416 2.7007e-07 2.7007e-07
747.699 2.61679e-07 2.61679e-07
753.982 2.51776e-07 2.51776e-07
760.265 2.43989e-07 2.43989e-07
766.549 2.3476e-07 2.3476e-07
772.832 2.27532e-07 2.27532e-07
779.115 2.18928e-07 2.18928e-07
785.398 2.12217e-07 2.12217e-07
791.681 2.04192e-07 2.04192e-07
797.965 1.97961e-07 1.97961e-07
804.248 1.90474e-07 1.90474e-07
810.531 1.84687e-07 1.84687e-07
816.814 1.777e-07 1.777e-07
823.097 1.72324e-07 1.72324e-07
829.38 1.65803e-07 1.65803e-07
835.664 1.60807e-07 1.60807e-07
841.947 1.54718e-07 1.54718e-07
848.23 1.50076e-07 1.50076e-07
854.513 1.4439e-07 1.4439e-07
860.796 1.40076e-07 1.40076e-07
867.08 1.34764e-07 1.34764e-07
873.363 1.30754e-07 1.30754e-07
879.646 1.2579e-07 1.2579e-07
885.929 1.22063e-07 1.22063e-07
892.212 1.17425e-07 1.17425e-07
898.495 1.1396e-07 1.1396e-07
904.779 1.09624e-07 1.09624e-07
911.062 1.06402e-07 1.06402e-07
917.345 1.02348e-07 1.02348e-07
923.628 9.93535e-08 9.93535e-08
929.911 9.55626e-08 9.55626e-08
936.195 9.27779e-08 9.27779e-08
942.478 8.92323e-08 8.92323e-08
948.761 8.66432e-08 8.66432e-08
955.044 8.33264e-08 8.33264e-08
961.327 8.0919e-08 8.0919e-08
967.611 7.78157e-08 7.78157e-08
973.894 7.55772e-08 7.55772e-08
980.177 7.26732e-08 7.26732e-08
986.46 7.05919e-08 7.05919e-08
992.743 6.78739e-08 6.78739e-08
999.026 6.59387e-08 6.59387e-08
1005.31 6.33944e-08 6.33944e-08
1011.59 6.15951e-08 6.15951e-08
1017.88 5.92131e-08 5.92131e-08
1024.16 5.75403e-08 5.75403e-08
1030.44 5.53099e-08 5.53099e-08
1036.73 5.37546e-08 5.37546e-08
1043.01 5.16658e-08 5.16658e-08
1049.29 5.022e-08 5.022e-08
1055.58 4.82635e-08 4.82635e-08
1061.86 4.69195e-08 4.69195e-08
1068.14 4.50868e-08 4.50868e-08
1074.42 4.38375e-08 4.38375e-08
1080.71 4.21205e-08 4.21205e-08
1086.99 4.09593e-08 4.09593e-08
1093.27 3.93504e-08 3.93504e-08
1099.56 3.82713e-08 3.82713e-08
1105.84 3.67635e-08 3.67635e-08
1112.12 3.57607e-08 3.57607e-08
1118.41 3.43476e-08 3.43476e-08
1124.69 3.34158e-08 3.34158e-08
1130.97 3.20911e-08 3.20911e-08
1137.26 3.12255e-08 3.12255e-08
1143.54 2.99836e-08 2.99836e-08
1149.82 2.91795e-08 2.91795e-08
1156.11 2.80151e-08 2.80151e-08
1162.39 2.72682e-08 2.72682e-08
1168.67 2.61763e-08 2.61763e-08
1174.96 2.54827e-08 2.54827e-08
1181.24 2.44586e-08 2.44586e-08
1187.52 2.38146e-08 2.38146e-08
1193.81 2.28541e-08 2.28541e-08
1200.09 2.22562e-08 2.22562e-08
1206.37 2.13551e-08 2.13551e-08
1212.65 2.08002e-08 2.08002e-08
1218.94 1.99548e-08 1.99548e-08
1225.22 1.94398e-08 1.94398e-08
1231.5 1.86465e-08 1.86465e-08
1237.79 1.81687e-08 1.81687e-08
1244.07 1.74242e-08 1.74242e-08
1250.35 1.6981e-08 1.6981e-08
1256.64 1.62823e-08 1.62823e-08
1262.92 1.58712e-08 1.58712e-08
1269.2 1.52153e-08 1.52153e-08
1275.49 1.48342e-08 1.48342e-08
1281.77 1.42185e-08 1.42185e-08
1288.05 1.38651e-08 1.38651e-08
1294.34 1.3287e-08 1.3287e-08
1300.62 1.29596e-08 1.29596e-08
1306.9 1.24167e-08 1.24167e-08
1313.19 1.21133e-08 1.21133e-08
1319.47 1.16035e-08 1.16035e-08
1325.75 1.13225e-08 1.13225e-08
1332.04 1.08437e-08 1.08437e-08
1338.32 1.05835e-08 1.05835e-08
1344.6 1.01337e-08 1.01337e-08
1350.88 9.89281e-09 9.89281e-09
1357.17 9.47019e-09 9.47019e-09
1363.45 9.24733e-09 9.24733e-09
1369.73 8.85022e-09 8.85022e-09
1376.02 8.64406e-09 8.64406e-09
1382.3 8.27088e-09 8.27088e-09
1388.58 8.08026e-09 8.08026e-09
1394.87 7.7295e-09 7.7295e-09
1401.15 7.55331e-09 7.55331e-09
1407.43 7.22359e-09 7.22359e-09
1413.72 7.06081e-09 7.06081e-09
1420 6.75083e-09 6.75083e-09
1426.28 6.6005e-09 6.6005e-09
1432.57 6.30903e-09 6.30903e-09
1438.85 6.17026e-09 6.17026e-09
1445.13 5.89616e-09 5.89616e-09
1451.42 5.76813e-09 5.76813e-09
1457.7 5.51033e-09 5.51033e-09
1463.98 5.39227e-09 5.39227e-09
1470.27 5.14977e-09 5.14977e-09
1476.55 5.04095e-09 5.04095e-09
1482.83 4.8128e-09 4.8128e-09
1489.11 4.71257e-09 4.71257e-09
1495.4 4.4979e-09 4.4979e-09
1501.68 4.40563e-09 4.40563e-09
1507.96 4.2036e-09 4.2036e-09
1514.25 4.11872e-09 4.11872e-09
1520.53 3.92857e-09 3.92857e-09
1526.81 3.85053e-09 3.85053e-09
1533.1 3.67154e-09 3.67154e-09
1539.38 3.59985e-09 3.59985e-09
1545.66 3.43132e-09 3.43132e-09
1551.95 3.36552e-09 3.36552e-09
1558.23 3.20683e-09 3.20683e-09
1564.51 3.14647e-09 3.14647e-09
1570.8 2.99702e-09 2.99702e-09
1577.08 2.94171e-09 2.94171e-09
1583.36 2.80094e-09 2.80094e-09
1589.65 2.7503e-09 2.7503e-09
1595.93 2.61768e-09 2.61768e-09
1602.21 2.57138e-09 2.57138e-09
1608.5 2.44642e-09 2.44642e-09
1614.78 2.40412e-09 2.40412e-09
1621.06 2.28636e-09 2.28636e-09
1627.34 2.24776e-09 2.24776e-09
1633.63 2.13676e-09 2.13676e-09
1639.91 2.10159e-09 2.10159e-09
1646.19 1.99696e-09 1.99696e-09
1652.48 1.96494e-09 1.96494e-09
1658.76 1.86629e-09 1.86629e-09
1665.04 1.8372e-09 1.8372e-09
1671.33 1.74417e-09 1.74417e-09
1677.61 1.71778e-09 1.71778e-09
1683.89 1.63004e-09 1.63004e-09
1690.18 1.60614e-09 1.60614e-09
1696.46 1.52338e-09 1.52338e-09
1702.74 1.50178e-09 1.50178e-09
1709.03 1.42369e-09 1.42369e-09
1715.31 1.4042e-09 1.4042e-09
1721.59 1.33052e-09 1.33052e-09
1727.88 1.31299e-09 1.31299e-09
1734.16 1.24344e-09 1.24344e-09
1740.44 1.22771e-09 1.22771e-09
1746.73 1.16206e-09 1.16206e-09
1753.01 1.14798e-09 1.14798e-09
1759.29 1.086e-09 1.086e-09
1765.58 1.07344e-09 1.07344e-09
1771.86 1.01491e-09 1.01491e-09
1778.14 1.00375e-09 1.00375e-09
1784.42 9.48472e-10 9.48472e-10
1790.71 9.386e-10 9.386e-10
1796.99 8.86379e-10 8.86379e-10
1803.27 8.77686e-10 8.77686e-10
1809.56 8.28348e-10 8.28348e-10
1815.84 8.20736e-10 8.20736e-10
1822.12 7.74111e-10 7.74111e-10
1828.41 7.67489e-10 7.67489e-10
1834.69 7.23422e-10 7.23422e-10
1840.97 7.17706e-10 7.17706e-10
1847.26 6.76048e-10 6.76048e-10
1853.54 6.7116e-10 6.7116e-10
1859.82 6.31772e-10 6.31772e-10
1866.11 6.27641e-10 6.27641e-10
1872.39 5.90393e-10 5.90393e-10
1878.67 5.86951e-10 5.86951e-10
1884.96 5.51719e-10 5.51719e-10
1891.24 5.48906e-10 5.48906e-10
1897.52 5.15576e-10 5.15576e-10
1903.81 5.13334e-10 5.13334e-10
1910.09 4.81796e-10 4.81796e-10
1916.37 4.80074e-10 4.80074e-10
1922.65 4.50227e-10 4.50227e-10
1928.94 4.48974e-10 4.48974e-10
1935.22 4.20722e-10 4.20722e-10
1941.5 4.19896e-10 4.19896e-10
1947.79 3.93148e-10 3.93148e-10
1954.07 3.92706e-10 3.92706e-10
1960.35 3.67378e-10 3.67378e-10
1966.64 3.67282e-10 3.67282e-10
1972.92 3.43293e-10 3.43293e-10
1979.2 3.43509e-10 3.43509e-10
1985.49 3.20785e-10 3.20785e-10
1991.77 3.21279e-10 3.21279e-10
1998.05 2.99749e-10 2.99749e-10
2004.34 3.00493e-10 3.00493e-10
2010.62 2.8009e-10 2.8009e-10
2016.9 2.81056e-10 2.81056e-10
2023.19 2.61718e-10 2.61718e-10
2029.47 2.62881e-10 2.62881e-10
2035.75 2.44547e-10 2.44547e-10
2042.04 2.45885e-10 2.45885e-10
2048.32 2.28501e-10 2.28501e-10
2054.6 2.29991e-10 2.29991e-10
2060.88 2.13505e-10 2.13505e-10
2067.17 2.15129e-10 2.15129e-10
2073.45 1.99491e-10 1.99491e-10
2079.73 2.01231e-10 2.01231e-10
2086.02 1.86394e-10 1.86394e-10
2092.3 1.88233e-10 1.88233e-10
2098.58 1.74155e-10 1.74155e-10
2104.87 1.76079e-10 1.76079e-10
2111.15 1.62717e-10 1.62717e-10
2117.43 1.64712e-10 1.64712e-10
2123.72 1.52028e-10 1.52028e-10
2130 1.54082e-10 1.54082e-10
2136.28 1.42039e-10 1.42039e-10
2142.57 1.44141e-10 1.44141e-10
2148.85 1.32705e-10 1.32705e-10
2155.13 1.34844e-10 1.34844e-10
2161.42 1.23982e-10 1.23982e-10
2167.7 1.2615e-10 1.2615e-10
2173.98 1.1583e-10 1.1583e-10
2180.27 1.18018e-10 1.18018e-10
2186.55 1.08213e-10 1.08213e-10
2192.83 1.10413e-10 1.10413e-10
2199.11 1.01095e-10 1.01095e-10
2205.4 1.033e-10 1.033e-10
2211.68 9.4443e-11 9.4443e-11
2217.96 9.66478e-11 9.66478e-11
2224.25 8.82274e-11 8.82274e-11
2230.53 9.04259e-11 9.04259e-11
2236.81 8.24192e-11 8.24192e-11
2243.1 8.46065e-11 8.46065e-11
2249.38 7.69918e-11 7.69918e-11
2255.66 7.91636e-11 7.91636e-11
2261.95 7.19204e-11 7.19204e-11
2268.23 7.40727e-11 7.40727e-11
2274.51 6.71816e-11 6.71816e-11
2280.8 6.93109e-11 6.93109e-11
2287.08 6.27537e-11 6.27537e-11
2293.36 6.48569e-11 6.48569e-11
2299.65 5.86163e-11 5.86163e-11
2305.93 6.06907e-11 6.06907e-11
2312.21 5.47504e-11 5.47504e-11
2318.5 5.67937e-11 5.67937e-11
2324.78 5.11382e-11 5.11382e-11
2331.06 5.31485e-11 5.31485e-11
2337.34 4.77632e-11 4.77632e-11
2343.63 4.97386e-11 4.97386e-11
2349.91 4.46098e-11 4.46098e-11
2356.19 4.65488e-11 4.65488e-11
2362.48 4.16634e-11 4.16634e-11
2368.76 4.3565e-11 4.3565e-11
2375.04 3.89107e-11 3.89107e-11
2381.33 4.07736e-11 4.07736e-11
2387.61 3.63387e-11 3.63387e-11
2393.89 3.81624e-11 3.81624e-11
2400.18 3.39358e-11 3.39358e-11
2406.46 3.57195e-11 3.57195e-11
2412.74 3.16909e-11 3.16909e-11
2419.03 3.34341e-11 3.34341e-11
2425.31 2.95935e-11 2.95935e-11
2431.59 3.1296e-11 3.1296e-11
2437.88 2.76341e-11 2.76341e-11
2444.16 2.92957e-11 2.92957e-11
2450.44 2.58036e-11 2.58036e-11
2456.73 2.74242e-11 2.74242e-11
2463.01 2.40935e-11 2.40935e-11
2469.29 2.56732e-11 2.56732e-11
2475.58 2.2496e-11 2.2496e-11
2481.86 2.40349e-11 2.40349e-11
2488.14 2.10037e-11 2.10037e-11
2494.42 2.25021e-11 2.25021e-11
2500.71 1.96096e-11 1.96096e-11
2506.99 2.10678e-11 2.10678e-11
2513.27 1.83074e-11 1.83074e-11
2519.56 1.97258e-11 1.97258e-11
2525.84 1.7091e-11 1.7091e-11
2532.12 1.847e-11 1.847e-11
2538.41 1.59548e-11 1.59548e-11
2544.69 1.72949e-11 1.72949e-11
2550.97 1.48935e-11 1.48935e-11
2557.26 1.61953e-11 1.61953e-11
2563.54 1.39022e-11 1.39022e-11
2569.82 1.51663e-11 1.51663e-11
2576.11 1.29763e-11 1.29763e-11
2582.39 1.42034e-11 1.42034e-11
2588.67 1.21115e-11 1.21115e-11
2594.96 1.33022e-11 1.33022e-11
2601.24 1.13039e-11 1.13039e-11
2607.52 1.24588e-11 1.24588e-11
2613.81 1.05496e-11 1.05496e-11
2620.09 1.16695e-11 1.16695e-11
2626.37 9.84514e-12 9.84514e-12
2632.65 1.09307e-11 1.09307e-11
2638.94 9.18728e-12 9.18728e-12
2645.22 1.02393e-11 1.02393e-11
2651.5 8.57293e-12 8.57293e-12
2657.79 9.59213e-12 9.59213e-12
2664.07 7.99924e-12 7.99924e-12
2670.35 8.98637e-12 8.98637e-12
2676.64 7.46353e-12 7.46353e-12
2682.92 8.41934e-12 8.41934e-12
2689.2 6.96331e-12 6.96331e-12
2695.49 7.88857e-12 7.88857e-12
2701.77 6.49624e-12 6.49624e-12
2708.05 7.3917e-12 7.3917e-12
2714.34 6.06013e-12 6.06013e-12
2720.62 6.92656e-12 6.92656e-12
2726.9 5.65296e-12 5.65296e-12
2733.19 6.49111e-12 6.49111e-12
2739.47 5.27282e-12 5.27282e-12
2745.75 6.08344e-12 6.08344e-12
2752.04 4.91792e-12 4.91792e-12
2758.32 5.70176e-12 5.70176e-12
2764.6 4.58661e-12 4.58661e-12
2770.88 5.34439e-12 5.34439e-12
2777.17 4.27733e-12 4.27733e-12
2783.45 5.00979e-12 5.00979e-12
2789.73 3.98862e-12 3.98862e-12
2796.02 4.69647e-12 4.69647e-12
2802.3 3.71914e-12 3.71914e-12
2808.58 4.40309e-12 4.40309e-12
2814.87 3.4676e-12 3.4676e-12
2821.15 4.12835e-12 4.12835e-12
2827.43 3.23284e-12 3.23284e-12
2833.72 3.87107e-12 3.87107e-12
2840 3.01374e-12 3.01374e-12
2846.28 3.63012e-12 3.63012e-12
2852.57 2.80926e-12 2.80926e-12
2858.85 3.40445e-12 3.40445e-12
2865.13 2.61844e-12 2.61844e-12
2871.42 3.19309e-12 3.19309e-12
2877.7 2.44038e-12 2.44038e-12
2883.98 2.99511e-12 2.99511e-12
2890.27 2.27424e-12 2.27424e-12
2896.55 2.80967e-12 2.80967e-12
2902.83 2.11922e-12 2.11922e-12
2909.11 2.63596e-12 2.63596e-12
2915.4 1.97459e-12 1.97459e-12
2921.68 2.47323e-12 2.47323e-12
2927.96 1.83966e-12 1.83966e-12
2934.25 2.32077e-12 2.32077e-12
2940.53 1.7138e-12 1.7138e-12
2946.81 2.17793e-12 2.17793e-12
2953.1 1.59639e-12 1.59639e-12
2959.38 2.0441e-12 2.0441e-12
2965.66 1.48687e-12 1.48687e-12
2971.95 1.91871e-12 1.91871e-12
2978.23 1.38473e-12 1.38473e-12
2984.51 1.8012e-12 1.8012e-12
2990.8 1.28948e-12 1.28948e-12
2997.08 1.69108e-12 1.69108e-12
3003.36 1.20065e-12 1.20065e-12
3009.65 1.58789e-12 1.58789e-12
3015.93 1.11782e-12 1.11782e-12
3022.21 1.49117e-12 1.49117e-12
3028.5 1.04059e-12 1.04059e-12
3034.78 1.40051e-12 1.40051e-12
3041.06 9.68591e-13 9.68591e-13
3047.34 1.31553e-12 1.31553e-12
3053.63 9.0147e-13 9.0147e-13
3059.91 1.23588e-12 1.23588e-12
3066.19 8.38904e-13 8.38904e-13
3072.48 1.1612e-12 1.1612e-12
3078.76 7.80588e-13 7.80588e-13
3085.04 1.09119e-12 1.09119e-12
3091.33 7.2624e-13 7.2624e-13
3097.61 1.02554e-12 1.02554e-12
3103.89 6.75593e-13 6.75593e-13
3110.18 9.63987e-13 9.63987e-13
3116.46 6.28402e-13 6.28402e-13
3122.74 9.06264e-13 9.06264e-13
3129.03 5.84434e-13 5.84434e-13
3135.31 8.52129e-13 8.52129e-13
3141.59 5.43474e-13 5.43474e-13
3147.88 8.01357e-13 8.01357e-13
3154.16 5.05321e-13 5.05321e-13
3160.44 7.53733e-13 7.53733e-13
3166.73 4.69786e-13 4.69786e-13
3173.01 7.0906e-13 7.0906e-13
3179.29 4.36694e-13 4.36694e-13
3185.57 6.67151e-13 6.67151e-13
3191.86 4.0588e-13 4.0588e-13
3198.14 6.27831e-13 6.27831e-13
3204.42 3.77191e-13 3.77191e-13
3210.71 5.90937e-13 5.90937e-13
3216.99 3.50484e-13 3.50484e-13
3223.27 5.56316e-13 5.56316e-13
3229.56 3.25627e-13 3.25627e-13
3235.84 5.23825e-13 5.23825e-13
3242.12 3.02493e-13 3.02493e-13
3248.41 4.93331e-13 4.93331e-13
3254.69 2.80967e-13 2.80967e-13
3260.97 4.64708e-13 4.64708e-13
3267.26 2.6094e-13 2.6094e-13
3273.54 4.37838e-13 4.37838e-13
3279.82 2.4231e-13 2.4231e-13
3286.11 4.12612e-13 4.12612e-13
3292.39 2.24983e-13 2.24983e-13
3298.67 3.88926e-13 3.88926e-13
3304.96 2.08871e-13 2.08871e-13
3311.24 3.66684e-13 3.66684e-13
3317.52 1.9389e-13 1.9389e-13
3323.81 3.45796e-13 3.45796e-13
3330.09 1.79965e-13 1.79965e-13
3336.37 3.26178e-13 3.26178e-13
3342.65 1.67023e-13 1.67023e-13
3348.94 3.07749e-13 3.07749e-13
3355.22 1.54997e-13 1.54997e-13
3361.5 2.90436e-13 2.90436e-13
3367.79 1.43824e-13 1.43824e-13
3374.07 2.7417e-13 2.7417e-13
3380.35 1.33447e-13 1.33447e-13
3386.64 2.58885e-13 2.58885e-13
3392.92 1.2381e-13 1.2381e-13
3399.2 2.4452e-13 2.4452e-13
3405.49 1.14863e-13 1.14863e-13
3411.77 2.31019e-13 2.31019e-13
3418.05 1.06559e-13 1.06559e-13
3424.34 2.18327e-13 2.18327e-13
3430.62 9.88526e-14 9.88526e-14
3436.9 2.06396e-13 2.06396e-13
3443.19 9.17034e-14 9.17034e-14
3449.47 1.95176e-13 1.95176e-13
3455.75 8.50727e-14 8.50727e-14
3462.04 1.84626e-13 1.84626e-13
3468.32 7.89246e-14 7.89246e-14
3474.6 1.74703e-13 1.74703e-13
3480.88 7.32256e-14 7.32256e-14
3487.17 1.65369e-13 1.65369e-13
3493.45 6.79445e-14 6.79445e-14
3499.73 1.56588e-13 1.56588e-13
3506.02 6.30522e-14 6.30522e-14
3512.3 1.48325e-13 1.48325e-13
3518.58 5.85216e-14 5.85216e-14
3524.87 1.4055e-13 1.4055e-13
3531.15 5.43273e-14 5.43273e-14
3537.43 1.33232e-13 1.33232e-13
3543.72 5.04459e-14 5.04459e-14
3550 1.26342e-13 1.26342e-13
3556.28 4.68552e-14 4.68552e-14
3562.57 1.19856e-13 1.19856e-13
3568.85 4.35348e-14 4.35348e-14
3575.13 1.13749e-13 1.13749e-13
3581.42 4.04656e-14 4.04656e-14
3587.7 1.07997e-13 1.07997e-13
3593.98 3.76298e-14 3.76298e-14
3600.27 1.02578e-13 1.02578e-13
3606.55 3.50109e-14 3.50109e-14
3612.83 9.74738e-14 9.74738e-14
3619.11 3.25933e-14 3.25933e-14
3625.4 9.26639e-14 9.26639e-14
3631.68 3.03627e-14 3.03627e-14
3637.96 8.81309e-14 8.81309e-14
3644.25 2.83057e-14 2.83057e-14
3650.53 8.3858e-14 8.3858e-14
3656.81 2.64099e-14 2.64099e-14
3663.1 7.98297e-14 7.98297e-14
3669.38 2.46635e-14 2.46635e-14
3675.66 7.60312e-14 7.60312e-14
3681.95 2.30557e-14 2.30557e-14
3688.23 7.24488e-14 7.24488e-14
3694.51 2.15766e-14 2.15766e-14
3700.8 6.90696e-14 6.90696e-14
3707.08 2.02166e-14 2.02166e-14
3713.36 6.58813e-14 6.58813e-14
3719.65 1.89672e-14 1.89672e-14
3725.93 6.28727e-14 6.28727e-14
3732.21 1.782e-14 1.782e-14
3738.5 6.0033e-14 6.0033e-14
3744.78 1.67677e-14 1.67677e-14
3751.06 5.73523e-14 5.73523e-14
3757.34 1.58031e-14 1.58031e-14
3763.63 5.4821e-14 5.4821e-14
3769.91 1.49198e-14 1.49198e-14
3776.19 5.24304e-14 5.24304e-14
3782.48 1.41116e-14 1.41116e-14
3788.76 5.01723e-14 5.01723e-14
3795.04 1.33729e-14 1.33729e-14
3801.33 4.80387e-14 4.80387e-14
3807.61 1.26984e-14 1.26984e-14
3813.89 4.60224e-14 4.60224e-14
3820.18 1.20833e-14 1.20833e-14
3826.46 4.41166e-14 4.41166e-14
3832.74 1.1523e-14 1.1523e-14
3839.03 4.23148e-14 4.23148e-14
3845.31 1.10133e-14 1.10133e-14
3851.59 4.06108e-14 4.06108e-14
3857.88 1.05502e-14 1.05502e-14
3864.16 3.89991e-14 3.89991e-14
3870.44 1.01302e-14 1.01302e-14
3876.73 3.74744e-14 3.74744e-14
3883.01 9.74987e-15 9.74987e-15
3889.29 3.60314e-14 3.60314e-14
3895.57 9.40605e-15 9.40605e-15
3901.86 3.46657e-14 3.46657e-14
3908.14 9.09586e-15 9.09586e-15
3914.42 3.33726e-14 3.33726e-14
3920.71 8.81659e-15 8.81659e-15
3926.99 3.21482e-14 3.21482e-14
3933.27 8.56574e-15 8.56574e-15
3939.56 3.09883e-14 3.09883e-14
3945.84 8.34099e-15 8.34099e-15
3952.12 2.98894e-14 2.98894e-14
3958.41 8.1402e-15 8.1402e-15
3964.69 2.8848e-14 2.8848e-14
3970.97 7.96136e-15 7.96136e-15
3977.26 2.78608e-14 2.78608e-14
3983.54 7.80265e-15 7.80265e-15
3989.82 2.69248e-14 2.69248e-14
3996.11 7.66234e-15 7.66234e-15
4002.39 2.6037e-14 2.6037e-14
4008.67 7.53887e-15 7.53887e-15
4014.96 2.51949e-14 2.51949e-14
4021.24 7.43076e-15 7.43076e-15
4027.52 2.43957e-14 2.43957e-14
4033.8 7.33666e-15 7.33666e-15
4040.09 2.36372e-14 2.36372e-14
4046.37 7.25533e-15 7.25533e-15
4052.65 2.29171e-14 2.29171e-14
4058.94 7.18561e-15 7.18561e-15
4065.22 2.22331e-14 2.22331e-14
4071.5 7.12643e-15 7.12643e-15
4077.79 2.15835e-14 2.15835e-14
4084.07 7.07682e-15 7.07682e-15
4090.35 2.09661e-14 2.09661e-14
4096.64 7.03585e-15 7.03585e-15
4102.92 2.03794e-14 2.03794e-14
4109.2 7.00269e-15 7.00269e-15
4115.49 1.98215e-14 1.98215e-14
4121.77 6.97658e-15 6.97658e-15
4128.05 1.9291e-14 1.9291e-14
4134.34 6.9568e-15 6.9568e-15
4140.62 1.87863e-14 1.87863e-14
4146.9 6.94269e-15 6.94269e-15
4153.19 1.83061e-14 1.83061e-14
4159.47 6.93366e-15 6.93366e-15
4165.75 1.7849e-14 1.7849e-14
4172.04 6.92916e-15 6.92916e-15
4178.32 1.74137e-14 1.74137e-14
4184.6 6.92867e-15 6.92867e-15
4190.88 1.69992e-14 1.69992e-14
4197.17 6.93173e-15 6.93173e-15
4203.45 1.66044e-14 1.66044e-14
4209.73 6.93791e-15 6.93791e-15
4216.02 1.6228e-14 1.6228e-14
4222.3 6.94683e-15 6.94683e-15
4228.58 1.58693e-14 1.58693e-14
4234.87 6.95813e-15 6.95813e-15
4241.15 1.55273e-14 1.55273e-14
4247.43 6.97147e-15 6.97147e-15
4253.72 1.5201e-14 1.5201e-14
4260 6.98656e-15 6.98656e-15
4266.28 1.48897e-14 1.48897e-14
4272.57 7.00314e-15 7.00314e-15
4278.85 1.45926e-14 1.45926e-14
4285.13 7.02094e-15 7.02094e-15
4291.42 1.43089e-14 1.43089e-14
4297.7 7.03975e-15 7.03975e-15
4303.98 1.4038e-14 1.4038e-14
4310.27 7.05937e-15 7.05937e-15
4316.55 1.37792e-14 1.37792e-14
4322.83 7.07961e-15 7.07961e-15
4329.11 1.35318e-14 1.35318e-14
4335.4 7.10029e-15 7.10029e-15
4341.68 1.32954e-14 1.32954e-14
4347.96 7.12128e-15 7.12128e-15
4354.25 1.30693e-14 1.30693e-14
4360.53 7.14244e-15 7.14244e-15
4366.81 1.28531e-14 1.28531e-14
4373.1 7.16363e-15 7.16363e-15
4379.38 1.26462e-14 1.26462e-14
4385.66 7.18477e-15 7.18477e-15
4391.95 1.24481e-14 1.24481e-14
4398.23 7.20574e-15 7.20574e-15
4404.51 1.22585e-14 1.22585e-14
4410.8 7.22647e-15 7.22647e-15
4417.08 1.20768e-14 1.20768e-14
4423.36 7.24687e-15 7.24687e-15
4429.65 1.19028e-14 1.19028e-14
4435.93 7.26688e-15 7.26688e-15
4442.21 1.1736e-14 1.1736e-14
4448.5 7.28644e-15 7.28644e-15
4454.78 1.15761e-14 1.15761e-14
4461.06 7.30549e-15 7.30549e-15
4467.34 1.14227e-14 1.14227e-14
4473.63 7.32401e-15 7.32401e-15
4479.91 1.12756e-14 1.12756e-14
4486.19 7.34193e-15 7.34193e-15
4492.48 1.11344e-14 1.11344e-14
4498.76 7.35925e-15 7.35925e-15
4505.04 1.09989e-14 1.09989e-14
4511.33 7.37592e-15 7.37592e-15
4517.61 1.08687e-14 1.08687e-14
4523.89 7.39193e-15 7.39193e-15
4530.18 1.07436e-14 1.07436e-14
4536.46 7.40726e-15 7.40726e-15
4542.74 1.06235e-14 1.06235e-14
4549.03 7.42189e-15 7.42189e-15
4555.31 1.0508e-14 1.0508e-14
4561.59 7.43582e-15 7.43582e-15
4567.88 1.03969e-14 1.03969e-14
4574.16 7.44904e-15 7.44904e-15
4580.44 1.029e-14 1.029e-14
4586.73 7.46154e-15 7.46154e-15
4593.01 1.01872e-14 1.01872e-14
4599.29 7.47333e-15 7.47333e-15
4605.57 1.00882e-14 1.00882e-14
4611.86 7.48441e-15 7.48441e-15
4618.14 9.99292e-15 9.99292e-15
4624.42 7.49478e-15 7.49478e-15
4630.71 9.90113e-15 9.90113e-15
4636.99 7.50444e-15 7.50444e-15
4643.27 9.81268e-15 9.81268e-15
4649.56 7.51341e-15 7.51341e-15
4655.84 9.72743e-15 9.72743e-15
4662.12 7.52169e-15 7.52169e-15
4668.41 9.64523e-15 9.64523e-15
4674.69 7.52929e-15 7.52929e-15
4680.97 9.56594e-15 9.56594e-15
4687.26 7.53623e-15 7.53623e-15
4693.54 9.48945e-15 9.48945e-15
4699.82 7.54251e-15 7.54251e-15
4706.11 9.41562e-15 9.41562e-15
4712.39 7.54815e-15 7.54815e-15
4718.67 9.34435e-15 9.34435e-15
4724.96 7.55317e-15 7.55317e-15
4731.24 9.27551e-15 9.27551e-15
4737.52 7.55758e-15 7.55758e-15
4743.8 9.20901e-15 9.20901e-15
4750.09 7.56139e-15 7.56139e-15
4756.37 9.14474e-15 9.14474e-15
4762.65 7.56462e-15 7.56462e-15
4768.94 9.0826e-15 9.0826e-15
4775.22 7.56728e-15 7.56728e-15
4781.5 9.02252e-15 9.02252e-15
4787.79 7.5694e-15 7.5694e-15
4794.07 8.9644e-15 8.9644e-15
4800.35 7.57098e-15 7.57098e-15
4806.64 8.90816e-15 8.90816e-15
4812.92 7.57205e-15 7.57205e-15
4819.2 8.85372e-15 8.85372e-15
4825.49 7.57262e-15 7.57262e-15
4831.77 8.80101e-15 8.80101e-15
4838.05 7.57271e-15 7.57271e-15
4844.34 8.74996e-15 8.74996e-15
4850.62 7.57233e-15 7.57233e-15
4856.9 8.7005e-15 8.7005e-15
4863.19 7.5715e-15 7.5715e-15
4869.47 8.65256e-15 8.65256e-15
4875.75 7.57025e-15 7.57025e-15
4882.03 8.60609e-15 8.60609e-15
4888.32 7.56857e-15 7.56857e-15
4894.6 8.56102e-15 8.56102e-15
4900.88 7.5665e-15 7.5665e-15
4907.17 8.5173e-15 8.5173e-15
4913.45 7.56404e-15 7.56404e-15
4919.73 8.47488e-15 8.47488e-15
4926.02 7.56121e-15 7.56121e-15
4932.3 8.43371e-15 8.43371e-15
4938.58 7.55804e-15 7.55804e-15
4944.87 8.39373e-15 8.39373e-15
4951.15 7.55452e-15 7.55452e-15
4957.43 8.35491e-15 8.35491e-15
4963.72 7.55068e-15 7.55068e-15
4970 8.3172e-15 8.3172e-15
4976.28 7.54654e-15 7.54654e-15
4982.57 8.28055e-15 8.28055e-15
4988.85 7.5421e-15 7.5421e-15
4995.13 8.24493e-15 8.24493e-15
5001.42 7.53738e-15 7.53738e-15
5007.7 8.2103e-15 8.2103e-15
5013.98 7.5324e-15 7.5324e-15
5020.27 8.17663e-15 8.17663e-15
5026.55 7.52717e-15 7.52717e-15
5032.83 8.14386e-15 8.14386e-15
5039.11 7.5217e-15 7.5217e-15
5045.4 8.11199e-15 8.11199e-15
5051.68 7.516e-15 7.516e-15
5057.96 8.08097e-15 8.08097e-15
5064.25 7.51009e-15 7.51009e-15
5070.53 8.05076e-15 8.05076e-15
5076.81 7.50398e-15 7.50398e-15
5083.1 8.02136e-15 8.02136e-15
5089.38 7.49768e-15 7.49768e-15
5095.66 7.99271e-15 7.99271e-15
5101.95 7.4912e-15 7.4912e-15
5108.23 7.96481e-15 7.96481e-15
5114.51 7.48456e-15 7.48456e-15
5120.8 7.93762e-15 7.93762e-15
5127.08 7.47776e-15 7.47776e-15
5133.36 7.91112e-15 7.91112e-15
5139.65 7.47082e-15 7.47082e-15
5145.93 7.88529e-15 7.88529e-15
5152.21 7.46374e-15 7.46374e-15
5158.5 7.8601e-15 7.8601e-15
5164.78 7.45653e-15 7.45653e-15
5171.06 7.83553e-15 7.83553e-15
5177.34 7.44922e-15 7.44922e-15
5183.63 7.81157e-15 7.81157e-15
5189.91 7.44179e-15 7.44179e-15
5196.19 7.78819e-15 7.78819e-15
5202.48 7.43427e-15 7.43427e-15
5208.76 7.76537e-15 7.76537e-15
5215.04 7.42667e-15 7.42667e-15
5221.33 7.74311e-15 7.74311e-15
5227.61 7.41898e-15 7.41898e-15
5233.89 7.72137e-15 7.72137e-15
5240.18 7.41122e-15 7.41122e-15
5246.46 7.70014e-15 7.70014e-15
5252.74 7.4034e-15 7.4034e-15
5259.03 7.67942e-15 7.67942e-15
5265.31 7.39552e-15 7.39552e-15
5271.59 7.65917e-15 7.65917e-15
5277.88 7.3876e-15 7.3876e-15
5284.16 7.6394e-15 7.6394e-15
5290.44 7.37963e-15 7.37963e-15
5296.73 7.62008e-15 7.62008e-15
5303.01 7.37163e-15 7.37163e-15
5309.29 7.6012e-15 7.6012e-15
5315.57 7.3636e-15 7.3636e-15
5321.86 7.58276e-15 7.58276e-15
5328.14 7.35555e-15 7.35555e-15
5334.42 7.56473e-15 7.56473e-15
5340.71 7.34748e-15 7.34748e-15
5346.99 7.5471e-15 7.5471e-15
5353.27 7.33941e-15 7.33941e-15
5359.56 7.52987e-15 7.52987e-15
5365.84 7.33133e-15 7.33133e-15
5372.12 7.51302e-15 7.51302e-15
5378.41 7.32326e-15 7.32326e-15
5384.69 7.49655e-15 7.49655e-15
5390.97 7.31519e-15 7.31519e-15
5397.26 7.48044e-15 7.48044e-15
5403.54 7.30713e-15 7.30713e-15
5409.82 7.46469e-15 7.46469e-15
5416.11 7.29909e-15 7.29909e-15
5422.39 7.44928e-15 7.44928e-15
5428.67 7.29108e-15 7.29108e-15
5434.96 7.4342e-15 7.4342e-15
5441.24 7.28309e-15 7.28309e-15
5447.52 7.41946e-15 7.41946e-15
5453.8 7.27513e-15 7.27513e-15
5460.09 7.40504e-15 7.40504e-15
5466.37 7.2672e-15 7.2672e-15
5472.65 7.39093e-15 7.39093e-15
5478.94 7.25932e-15 7.25932e-15
5485.22 7.37712e-15 7.37712e-15
5491.5 7.25148e-15 7.25148e-15
5497.79 7.36361e-15 7.36361e-15
5504.07 7.24368e-15 7.24368e-15
5510.35 7.3504e-15 7.3504e-15
5516.64 7.23594e-15 7.23594e-15
5522.92 7.33747e-15 7.33747e-15
5529.2 7.22825e-15 7.22825e-15
5535.49 7.32482e-15 7.32482e-15
5541.77 7.22061e-15 7.22061e-15
5548.05 7.31244e-15 7.31244e-15
5554.34 7.21304e-15 7.21304e-15
5560.62 7.30033e-15 7.30033e-15
5566.9 7.20553e-15 7.20553e-15
5573.19 7.28848e-15 7.28848e-15
5579.47 7.19808e-15 7.19808e-15
5585.75 7.27689e-15 7.27689e-15
5592.03 7.1907e-15 7.1907e-15
5598.32 7.26554e-15 7.26554e-15
5604.6 7.1834e-15 7.1834e-15
5610.88 7.25445e-15 7.25445e-15
5617.17 7.17617e-15 7.17617e-15
5623.45 7.2436e-15 7.2436e-15
5629.73 7.16901e-15 7.16901e-15
5636.02 7.23298e-15 7.23298e-15
5642.3 7.16194e-15 7.16194e-15
5648.58 7.22259e-15 7.22259e-15
5654.87 7.15494e-15 7.15494e-15
5661.15 7.21244e-15 7.21244e-15
5667.43 7.14803e-15 7.14803e-15
5673.72 7.20251e-15 7.20251e-15
5680 7.1412e-15 7.1412e-15
5686.28 7.1928e-15 7.1928e-15
5692.57 7.13446e-15 7.13446e-15
5698.85 7.1833e-15 7.1833e-15
5705.13 7.12781e-15 7.12781e-15
5711.42 7.17402e-15 7.17402e-15
5717.7 7.12125e-15 7.12125e-15
5723.98 7.16495e-15 7.16495e-15
5730.27 7.11478e-15 7.11478e-15
5736.55 7.15609e-15 7.15609e-15
5742.83 7.10841e-15 7.10841e-15
5749.11 7.14743e-15 7.14743e-15
5755.4 7.10213e-15 7.10213e-15
5761.68 7.13897e-15 7.13897e-15
5767.96 7.09595e-15 7.09595e-15
5774.25 7.13071e-15 7.13071e-15
5780.53 7.08986e-15 7.08986e-15
5786.81 7.12264e-15 7.12264e-15
5793.1 7.08388e-15 7.08388e-15
5799.38 7.11476e-15 7.11476e-15
5805.66 7.07799e-15 7.07799e-15
5811.95 7.10708e-15 7.10708e-15
5818.23 7.07221e-15 7.07221e-15
5824.51 7.09958e-15 7.09958e-15
5830.8 7.06653e-15 7.06653e-15
5837.08 7.09226e-15 7.09226e-15
5843.36 7.06096e-15 7.06096e-15
5849.65 7.08513e-15 7.08513e-15
5855.93 7.05549e-15 7.05549e-15
5862.21 7.07818e-15 7.07818e-15
5868.5 7.05013e-15 7.05013e-15
5874.78 7.0714e-15 7.0714e-15
5881.06 7.04488e-15 7.04488e-15
5887.34 7.0648e-15 7.0648e-15
5893.63 7.03973e-15 7.03973e-15
5899.91 7.05837e-15 7.05837e-15
5906.19 7.03469e-15 7.03469e-15
5912.48 7.05212e-15 7.05212e-15
5918.76 7.02977e-15 7.02977e-15
5925.04 7.04604e-15 7.04604e-15
5931.33 7.02495e-15 7.02495e-15
5937.61 7.04012e-15 7.04012e-15
5943.89 7.02024e-15 7.02024e-15
5950.18 7.03437e-15 7.03437e-15
5956.46 7.01565e-15 7.01565e-15
5962.74 7.02879e-15 7.02879e-15
5969.03 7.01117e-15 7.01117e-15
5975.31 7.02337e-15 7.02337e-15
5981.59 7.0068e-15 7.0068e-15
5987.88 7.01811e-15 7.01811e-15
5994.16 7.00255e-15 7.00255e-15
6000.44 7.01301e-15 7.01301e-15
6006.73 6.99841e-15 6.99841e-15
6013.01 7.00807e-15 7.00807e-15
6019.29 6.99439e-15 6.99439e-15
6025.57 7.00329e-15 7.00329e-15
6031.86 6.99048e-15 6.99048e-15
6038.14 6.99867e-15 6.99867e-15
6044.42 6.98669e-15 6.98669e-15
6050.71 6.9942e-15 6.9942e-15
6056.99 6.98302e-15 6.98302e-15
6063.27 6.98989e-15 6.98989e-15
6069.56 6.97946e-15 6.97946e-15
6075.84 6.98573e-15 6.98573e-15
6082.12 6.97602e-15 6.97602e-15
6088.41 6.98172e-15 6.98172e-15
6094.69 6.9727e-15 6.9727e-15
6100.97 6.97786e-15 6.97786e-15
6107.26 6.96949e-15 6.96949e-15
6113.54 6.97416e-15 6.97416e-15
6119.82 6.96641e-15 6.96641e-15
6126.11 6.9706e-15 6.9706e-15
6132.39 6.96344e-15 6.96344e-15
6138.67 6.96719e-15 6.96719e-15
6144.96 6.96059e-15 6.96059e-15
6151.24 6.96393e-15 6.96393e-15
6157.52 6.95787e-15 6.95787e-15
6163.8 6.96082e-15 6.96082e-15
6170.09 6.95526e-15 6.95526e-15
6176.37 6.95785e-15 6.95785e-15
6182.65 6.95277e-15 6.95277e-15
6188.94 6.95503e-15 6.95503e-15
6195.22 6.9504e-15 6.9504e-15
6201.5 6.95235e-15 6.95235e-15
6207.79 6.94815e-15 6.94815e-15
6214.07 6.94982e-15 6.94982e-15
6220.35 6.94602e-15 6.94602e-15
6226.64 6.94743e-15 6.94743e-15
6232.92 6.94401e-15 6.94401e-15
6239.2 6.94519e-15 6.94519e-15
6245.49 6.94213e-15 6.94213e-15
6251.77 6.94308e-15 6.94308e-15
6258.05 6.94036e-15 6.94036e-15
6264.34 6.94112e-15 6.94112e-15
6270.62 6.93872e-15 6.93872e-15
6276.9 6.9393e-15 6.9393e-15
6283.19 6.93719e-15 6.93719e-15
6289.47 6.93763e-15 6.93763e-15
6295.75 6.93579e-15 6.93579e-15
6302.03 6.93609e-15 6.93609e-15
6308.32 6.93451e-15 6.93451e-15
6314.6 6.9347e-15 6.9347e-15
6320.88 6.93335e-15 6.93335e-15
6327.17 6.93344e-15 6.93344e-15
6333.45 6.93232e-15 6.93232e-15
6339.73 6.93233e-15 6.93233e-15
6346.02 6.9314e-15 6.9314e-15
6352.3 6.93135e-15 6.93135e-15
6358.58 6.93061e-15 6.93061e-15
6364.87 6.93052e-15 6.93052e-15
6371.15 6.92994e-15 6.92994e-15
6377.43 6.92982e-15 6.92982e-15
6383.72 6.92939e-15 6.92939e-15
6390 6.92926e-15 6.92926e-15
6396.28 6.92896e-15 6.92896e-15
6402.57 6.92885e-15 6.92885e-15
6408.85 6.92866e-15 6.92866e-15
6415.13 6.92857e-15 6.92857e-15
6421.42 6.92847e-15 6.92847e-15
6427.7 6.92843e-15 6.92843e-15
6433.98 6.92841e-15 6.92841e-15
