0 2.10149e-13 2.10149e-13
6.28319 0.227883 0.227883
12.5664 0.0175138 0.0175138
18.8496 0.00297442 0.00297442
25.1327 0.000703552 0.000703552
31.4159 0.000200066 0.000200066
37.6991 6.38262e-05 6.38262e-05
43.9823 2.21487e-05 2.21487e-05
50.2655 8.10157e-06 8.10157e-06
56.5487 3.13787e-06 3.13787e-06
62.8319 1.23295e-06 1.23295e-06
69.115 5.17213e-07 5.17213e-07
75.3982 2.08923e-07 2.08923e-07
81.6814 9.52391e-08 9.52391e-08
87.9646 3.74876e-08 3.74876e-08
94.2478 1.94018e-08 1.94018e-08
100.531 6.74666e-09 6.74666e-09
106.814 4.45368e-09 4.45368e-09
113.097 1.10587e-09 1.10587e-09
119.381 1.20977e-09 1.20977e-09
125.664 1.25847e-10 1.25847e-10
131.947 4.1702e-10 4.1702e-10
138.23 1.31122e-12 1.31122e-12
144.513 1.92086e-10 1.92086e-10
150.796 1.39374e-11 1.39374e-11
157.08 1.16756e-10 1.16756e-10
163.363 3.54623e-11 3.54623e-11
169.646 8.71922e-11 8.71922e-11
175.929 4.86683e-11 4.86683e-11
182.212 7.36893e-11 7.36893e-11
188.496 5.47981e-11 5.47981e-11
194.779 6.63599e-11 6.63599e-11
201.062 5.66211e-11 5.66211e-11
207.345 6.14885e-11 6.14885e-11
213.628 5.60343e-11 5.60343e-11
219.911 5.7588e-11 5.7588e-11
226.195 5.41435e-11 5.41435e-11
232.478 5.40668e-11 5.40668e-11
238.761 5.15757e-11 5.15757e-11
245.044 5.07124e-11 5.07124e-11
251.327 4.86921e-11 4.86921e-11
257.611 4.74705e-11 4.74705e-11
263.894 4.57063e-11 4.57063e-11
270.177 4.43475e-11 4.43475e-11
276.46 4.27475e-11 4.27475e-11
282.743 4.13669e-11 4.13669e-11
289.027 3.98936e-11 3.98936e-11
295.31 3.85516e-11 3.85516e-11
301.593 3.71898e-11 3.71898e-11
307.876 3.5917e-11 3.5917e-11
314.159 3.46597e-11 3.46597e-11
320.442 3.34703e-11 3.34703e-11
326.726 3.23126e-11 3.23126e-11
333.009 3.12115e-11 3.12115e-11
339.292 3.01485e-11 3.01485e-11
345.575 2.9135e-11 2.9135e-11
351.858 2.8161e-11 2.8161e-11
358.142 2.72314e-11 2.72314e-11
364.425 2.63403e-11 2.63403e-11
370.708 2.54892e-11 2.54892e-11
376.991 2.46744e-11 2.46744e-11
383.274 2.38958e-11 2.38958e-11
389.557 2.31507e-11 2.31507e-11
395.841 2.24384e-11 2.24384e-11
402.124 2.17567e-11 2.17567e-11
408.407 2.11045e-11 2.11045e-11
414.69 2.04801e-11 2.04801e-11
420.973 1.98823e-11 1.98823e-11
427.257 1.93095e-11 1.93095e-11
433.54 1.87608e-11 1.87608e-11
439.823 1.82346e-11 1.82346e-11
446.106 1.773e-11 1.773e-11
452.389 1.72459e-11 1.72459e-11
458.673 1.67811e-11 1.67811e-11
464.956 1.63347e-11 1.63347e-11
471.239 1.59058e-11 1.59058e-11
477.522 1.54936e-11 1.54936e-11
483.805 1.50971e-11 1.50971e-11
490.088 1.47156e-11 1.47156e-11
496.372 1.43484e-11 1.43484e-11
502.655 1.39947e-11 1.39947e-11
508.938 1.3654e-11 1.3654e-11
515.221 1.33256e-11 1.33256e-11
521.504 1.3009e-11 1.3009e-11
527.788 1.27035e-11 1.27035e-11
534.071 1.24087e-11 1.24087e-11
540.354 1.21241e-11 1.21241e-11
546.637 1.18491e-11 1.18491e-11
552.92 1.15835e-11 1.15835e-11
559.203 1.13268e-11 1.13268e-11
565.487 1.10785e-11 1.10785e-11
571.77 1.08383e-11 1.08383e-11
578.053 1.06059e-11 1.06059e-11
584.336 1.0381e-11 1.0381e-11
590.619 1.01631e-11 1.01631e-11
596.903 9.95211e-12 9.95211e-12
603.186 9.74764e-12 9.74764e-12
609.469 9.54944e-12 9.54944e-12
615.752 9.35727e-12 9.35727e-12
622.035 9.17088e-12 9.17088e-12
628.319 8.99004e-12 8.99004e-12
634.602 8.81454e-12 8.81454e-12
640.885 8.64416e-12 8.64416e-12
647.168 8.47871e-12 8.47871e-12
653.451 8.318e-12 8.318e-12
659.734 8.16185e-12 8.16185e-12
666.018 8.0101e-12 8.0101e-12
672.301 7.86257e-12 7.86257e-12
678.584 7.71911e-12 7.71911e-12
684.867 7.57958e-12 7.57958e-12
691.15 7.44382e-12 7.44382e-12
697.434 7.31172e-12 7.31172e-12
703.717 7.18313e-12 7.18313e-12
710 7.05794e-12 7.05794e-12
716.283 6.93602e-12 6.93602e-12
722.566 6.81727e-12 6.81727e-12
728.849 6.70156e-12 6.70156e-12
735.133 6.58881e-12 6.58881e-12
741.416 6.47891e-12 6.47891e-12
747.699 6.37177e-12 6.37177e-12
753.982 6.26729e-12 6.26729e-12
760.265 6.16538e-12 6.16538e-12
766.549 6.06597e-12 6.06597e-12
772.832 5.96897e-12 5.96897e-12
779.115 5.87431e-12 5.87431e-12
785.398 5.7819e-12 5.7819e-12
791.681 5.69169e-12 5.69169e-12
797.965 5.60359e-12 5.60359e-12
804.248 5.51755e-12 5.51755e-12
810.531 5.4335e-12 5.4335e-12
816.814 5.35139e-12 5.35139e-12
823.097 5.27114e-12 5.27114e-12
829.38 5.19271e-12 5.19271e-12
835.664 5.11604e-12 5.11604e-12
841.947 5.04107e-12 5.04107e-12
848.23 4.96777e-12 4.96777e-12
854.513 4.89608e-12 4.89608e-12
860.796 4.82595e-12 4.82595e-12
867.08 4.75733e-12 4.75733e-12
873.363 4.6902e-12 4.6902e-12
879.646 4.62449e-12 4.62449e-12
885.929 4.56018e-12 4.56018e-12
892.212 4.49721e-12 4.49721e-12
898.495 4.43557e-12 4.43557e-12
904.779 4.3752e-12 4.3752e-12
911.062 4.31608e-12 4.31608e-12
917.345 4.25817e-12 4.25817e-12
923.628 4.20143e-12 4.20143e-12
929.911 4.14584e-12 4.14584e-12
936.195 4.09137e-12 4.09137e-12
942.478 4.03798e-12 4.03798e-12
948.761 3.98564e-12 3.98564e-12
955.044 3.93434e-12 3.93434e-12
961.327 3.88404e-12 3.88404e-12
967.611 3.83471e-12 3.83471e-12
973.894 3.78634e-12 3.78634e-12
980.177 3.73889e-12 3.73889e-12
986.46 3.69235e-12 3.69235e-12
992.743 3.64668e-12 3.64668e-12
999.026 3.60188e-12 3.60188e-12
1005.31 3.55791e-12 3.55791e-12
1011.59 3.51476e-12 3.51476e-12
1017.88 3.4724e-12 3.4724e-12
1024.16 3.43083e-12 3.43083e-12
1030.44 3.39001e-12 3.39001e-12
1036.73 3.34993e-12 3.34993e-12
1043.01 3.31057e-12 3.31057e-12
1049.29 3.27191e-12 3.27191e-12
1055.58 3.23395e-12 3.23395e-12
1061.86 3.19665e-12 3.19665e-12
1068.14 3.16002e-12 3.16002e-12
1074.42 3.12402e-12 3.12402e-12
1080.71 3.08865e-12 3.08865e-12
1086.99 3.05389e-12 3.05389e-12
1093.27 3.01973e-12 3.01973e-12
1099.56 2.98615e-12 2.98615e-12
1105.84 2.95314e-12 2.95314e-12
1112.12 2.92069e-12 2.92069e-12
1118.41 2.88879e-12 2.88879e-12
1124.69 2.85742e-12 2.85742e-12
1130.97 2.82657e-12 2.82657e-12
1137.26 2.79623e-12 2.79623e-12
1143.54 2.76639e-12 2.76639e-12
1149.82 2.73704e-12 2.73704e-12
1156.11 2.70816e-12 2.70816e-12
1162.39 2.67975e-12 2.67975e-12
1168.67 2.6518e-12 2.6518e-12
1174.96 2.6243e-12 2.6243e-12
1181.24 2.59723e-12 2.59723e-12
1187.52 2.57059e-12 2.57059e-12
1193.81 2.54438e-12 2.54438e-12
1200.09 2.51857e-12 2.51857e-12
1206.37 2.49316e-12 2.49316e-12
1212.65 2.46815e-12 2.46815e-12
1218.94 2.44353e-12 2.44353e-12
1225.22 2.41928e-12 2.41928e-12
1231.5 2.3954e-12 2.3954e-12
1237.79 2.37189e-12 2.37189e-12
1244.07 2.34873e-12 2.34873e-12
1250.35 2.32592e-12 2.32592e-12
1256.64 2.30345e-12 2.30345e-12
1262.92 2.28132e-12 2.28132e-12
1269.2 2.25951e-12 2.25951e-12
1275.49 2.23803e-12 2.23803e-12
1281.77 2.21686e-12 2.21686e-12
1288.05 2.196e-12 2.196e-12
1294.34 2.17544e-12 2.17544e-12
1300.62 2.15518e-12 2.15518e-12
1306.9 2.13521e-12 2.13521e-12
1313.19 2.11553e-12 2.11553e-12
1319.47 2.09613e-12 2.09613e-12
1325.75 2.077e-12 2.077e-12
1332.04 2.05815e-12 2.05815e-12
1338.32 2.03956e-12 2.03956e-12
1344.6 2.02123e-12 2.02123e-12
1350.88 2.00315e-12 2.00315e-12
1357.17 1.98533e-12 1.98533e-12
1363.45 1.96775e-12 1.96775e-12
1369.73 1.95041e-12 1.95041e-12
1376.02 1.93332e-12 1.93332e-12
1382.3 1.91645e-12 1.91645e-12
1388.58 1.89981e-12 1.89981e-12
1394.87 1.8834e-12 1.8834e-12
1401.15 1.8672e-12 1.8672e-12
1407.43 1.85123e-12 1.85123e-12
1413.72 1.83546e-12 1.83546e-12
1420 1.81991e-12 1.81991e-12
1426.28 1.80456e-12 1.80456e-12
1432.57 1.78941e-12 1.78941e-12
1438.85 1.77446e-12 1.77446e-12
1445.13 1.75971e-12 1.75971e-12
1451.42 1.74515e-12 1.74515e-12
1457.7 1.73077e-12 1.73077e-12
1463.98 1.71658e-12 1.71658e-12
1470.27 1.70257e-12 1.70257e-12
1476.55 1.68874e-12 1.68874e-12
1482.83 1.67509e-12 1.67509e-12
1489.11 1.66161e-12 1.66161e-12
1495.4 1.6483e-12 1.6483e-12
1501.68 1.63515e-12 1.63515e-12
1507.96 1.62217e-12 1.62217e-12
1514.25 1.60935e-12 1.60935e-12
1520.53 1.59669e-12 1.59669e-12
1526.81 1.58419e-12 1.58419e-12
1533.1 1.57184e-12 1.57184e-12
1539.38 1.55964e-12 1.55964e-12
1545.66 1.54759e-12 1.54759e-12
1551.95 1.53569e-12 1.53569e-12
1558.23 1.52393e-12 1.52393e-12
1564.51 1.51231e-12 1.51231e-12
1570.8 1.50083e-12 1.50083e-12
1577.08 1.48949e-12 1.48949e-12
1583.36 1.47828e-12 1.47828e-12
1589.65 1.46721e-12 1.46721e-12
1595.93 1.45626e-12 1.45626e-12
1602.21 1.44545e-12 1.44545e-12
1608.5 1.43476e-12 1.43476e-12
1614.78 1.4242e-12 1.4242e-12
1621.06 1.41376e-12 1.41376e-12
1627.34 1.40344e-12 1.40344e-12
1633.63 1.39324e-12 1.39324e-12
1639.91 1.38316e-12 1.38316e-12
1646.19 1.37319e-12 1.37319e-12
1652.48 1.36334e-12 1.36334e-12
1658.76 1.3536e-12 1.3536e-12
1665.04 1.34397e-12 1.34397e-12
1671.33 1.33444e-12 1.33444e-12
1677.61 1.32503e-12 1.32503e-12
1683.89 1.31572e-12 1.31572e-12
1690.18 1.30651e-12 1.30651e-12
1696.46 1.29741e-12 1.29741e-12
1702.74 1.2884e-12 1.2884e-12
1709.03 1.2795e-12 1.2795e-12
1715.31 1.2707e-12 1.2707e-12
1721.59 1.26199e-12 1.26199e-12
1727.88 1.25337e-12 1.25337e-12
1734.16 1.24485e-12 1.24485e-12
1740.44 1.23643e-12 1.23643e-12
1746.73 1.22809e-12 1.22809e-12
1753.01 1.21984e-12 1.21984e-12
1759.29 1.21168e-12 1.21168e-12
1765.58 1.20361e-12 1.20361e-12
1771.86 1.19563e-12 1.19563e-12
1778.14 1.18773e-12 1.18773e-12
1784.42 1.17991e-12 1.17991e-12
1790.71 1.17217e-12 1.17217e-12
1796.99 1.16452e-12 1.16452e-12
1803.27 1.15695e-12 1.15695e-12
1809.56 1.14945e-12 1.14945e-12
1815.84 1.14204e-12 1.14204e-12
1822.12 1.1347e-12 1.1347e-12
1828.41 1.12743e-12 1.12743e-12
1834.69 1.12025e-12 1.12025e-12
1840.97 1.11313e-12 1.11313e-12
1847.26 1.10609e-12 1.10609e-12
1853.54 1.09912e-12 1.09912e-12
1859.82 1.09222e-12 1.09222e-12
1866.11 1.08539e-12 1.08539e-12
1872.39 1.07863e-12 1.07863e-12
1878.67 1.07193e-12 1.07193e-12
1884.96 1.06531e-12 1.06531e-12
1891.24 1.05875e-12 1.05875e-12
1897.52 1.05225e-12 1.05225e-12
1903.81 1.04582e-12 1.04582e-12
1910.09 1.03946e-12 1.03946e-12
1916.37 1.03316e-12 1.03316e-12
1922.65 1.02691e-12 1.02691e-12
1928.94 1.02073e-12 1.02073e-12
1935.22 1.01461e-12 1.01461e-12
1941.5 1.00855e-12 1.00855e-12
1947.79 1.00255e-12 1.00255e-12
1954.07 9.96609e-13 9.96609e-13
1960.35 9.90723e-13 9.90723e-13
1966.64 9.84893e-13 9.84893e-13
1972.92 9.7912e-13 9.7912e-13
1979.2 9.73402e-13 9.73402e-13
1985.49 9.67738e-13 9.67738e-13
1991.77 9.62128e-13 9.62128e-13
1998.05 9.56571e-13 9.56571e-13
2004.34 9.51066e-13 9.51066e-13
2010.62 9.45614e-13 9.45614e-13
2016.9 9.40212e-13 9.40212e-13
2023.19 9.34861e-13 9.34861e-13
2029.47 9.2956e-13 9.2956e-13
2035.75 9.24309e-13 9.24309e-13
2042.04 9.19106e-13 9.19106e-13
2048.32 9.13951e-13 9.13951e-13
2054.6 9.08843e-13 9.08843e-13
2060.88 9.03783e-13 9.03783e-13
2067.17 8.98769e-13 8.98769e-13
2073.45 8.938e-13 8.938e-13
2079.73 8.88877e-13 8.88877e-13
2086.02 8.83999e-13 8.83999e-13
2092.3 8.79165e-13 8.79165e-13
2098.58 8.74374e-13 8.74374e-13
2104.87 8.69627e-13 8.69627e-13
2111.15 8.64922e-13 8.64922e-13
2117.43 8.60259e-13 8.60259e-13
2123.72 8.55638e-13 8.55638e-13
2130 8.51058e-13 8.51058e-13
2136.28 8.46519e-13 8.46519e-13
2142.57 8.4202e-13 8.4202e-13
2148.85 8.37561e-13 8.37561e-13
2155.13 8.33141e-13 8.33141e-13
2161.42 8.28759e-13 8.28759e-13
2167.7 8.24416e-13 8.24416e-13
2173.98 8.20111e-13 8.20111e-13
2180.27 8.15843e-13 8.15843e-13
2186.55 8.11613e-13 8.11613e-13
2192.83 8.07419e-13 8.07419e-13
2199.11 8.03261e-13 8.03261e-13
2205.4 7.99139e-13 7.99139e-13
2211.68 7.95052e-13 7.95052e-13
2217.96 7.91e-13 7.91e-13
2224.25 7.86983e-13 7.86983e-13
2230.53 7.83e-13 7.83e-13
2236.81 7.79051e-13 7.79051e-13
2243.1 7.75135e-13 7.75135e-13
2249.38 7.71253e-13 7.71253e-13
2255.66 7.67403e-13 7.67403e-13
2261.95 7.63585e-13 7.63585e-13
2268.23 7.598e-13 7.598e-13
2274.51 7.56046e-13 7.56046e-13
2280.8 7.52323e-13 7.52323e-13
2287.08 7.48632e-13 7.48632e-13
2293.36 7.4497e-13 7.4497e-13
2299.65 7.4134e-13 7.4134e-13
2305.93 7.37739e-13 7.37739e-13
2312.21 7.34167e-13 7.34167e-13
2318.5 7.30625e-13 7.30625e-13
2324.78 7.27112e-13 7.27112e-13
2331.06 7.23628e-13 7.23628e-13
2337.34 7.20172e-13 7.20172e-13
2343.63 7.16744e-13 7.16744e-13
2349.91 7.13344e-13 7.13344e-13
2356.19 7.09971e-13 7.09971e-13
2362.48 7.06626e-13 7.06626e-13
2368.76 7.03307e-13 7.03307e-13
2375.04 7.00015e-13 7.00015e-13
2381.33 6.9675e-13 6.9675e-13
2387.61 6.9351e-13 6.9351e-13
2393.89 6.90296e-13 6.90296e-13
2400.18 6.87108e-13 6.87108e-13
2406.46 6.83945e-13 6.83945e-13
2412.74 6.80807e-13 6.80807e-13
2419.03 6.77693e-13 6.77693e-13
2425.31 6.74604e-13 6.74604e-13
2431.59 6.7154e-13 6.7154e-13
2437.88 6.68499e-13 6.68499e-13
2444.16 6.65482e-13 6.65482e-13
2450.44 6.62489e-13 6.62489e-13
2456.73 6.59518e-13 6.59518e-13
2463.01 6.56571e-13 6.56571e-13
2469.29 6.53647e-13 6.53647e-13
2475.58 6.50745e-13 6.50745e-13
2481.86 6.47865e-13 6.47865e-13
2488.14 6.45008e-13 6.45008e-13
2494.42 6.42172e-13 6.42172e-13
2500.71 6.39359e-13 6.39359e-13
2506.99 6.36566e-13 6.36566e-13
2513.27 6.33795e-13 6.33795e-13
2519.56 6.31045e-13 6.31045e-13
2525.84 6.28315e-13 6.28315e-13
2532.12 6.25606e-13 6.25606e-13
2538.41 6.22918e-13 6.22918e-13
2544.69 6.2025e-13 6.2025e-13
2550.97 6.17602e-13 6.17602e-13
2557.26 6.14973e-13 6.14973e-13
2563.54 6.12364e-13 6.12364e-13
2569.82 6.09775e-13 6.09775e-13
2576.11 6.07205e-13 6.07205e-13
2582.39 6.04654e-13 6.04654e-13
2588.67 6.02122e-13 6.02122e-13
2594.96 5.99608e-13 5.99608e-13
2601.24 5.97113e-13 5.97113e-13
2607.52 5.94637e-13 5.94637e-13
2613.81 5.92178e-13 5.92178e-13
2620.09 5.89738e-13 5.89738e-13
2626.37 5.87315e-13 5.87315e-13
2632.65 5.8491e-13 5.8491e-13
2638.94 5.82523e-13 5.82523e-13
2645.22 5.80152e-13 5.80152e-13
2651.5 5.77799e-13 5.77799e-13
2657.79 5.75463e-13 5.75463e-13
2664.07 5.73144e-13 5.73144e-13
2670.35 5.70841e-13 5.70841e-13
2676.64 5.68555e-13 5.68555e-13
2682.92 5.66285e-13 5.66285e-13
2689.2 5.64032e-13 5.64032e-13
2695.49 5.61794e-13 5.61794e-13
2701.77 5.59573e-13 5.59573e-13
2708.05 5.57367e-13 5.57367e-13
2714.34 5.55177e-13 5.55177e-13
2720.62 5.53002e-13 5.53002e-13
2726.9 5.50843e-13 5.50843e-13
2733.19 5.48699e-13 5.48699e-13
2739.47 5.4657e-13 5.4657e-13
2745.75 5.44456e-13 5.44456e-13
2752.04 5.42356e-13 5.42356e-13
2758.32 5.40272e-13 5.40272e-13
2764.6 5.38202e-13 5.38202e-13
2770.88 5.36146e-13 5.36146e-13
2777.17 5.34104e-13 5.34104e-13
2783.45 5.32077e-13 5.32077e-13
2789.73 5.30064e-13 5.30064e-13
2796.02 5.28064e-13 5.28064e-13
2802.3 5.26078e-13 5.26078e-13
2808.58 5.24106e-13 5.24106e-13
2814.87 5.22148e-13 5.22148e-13
2821.15 5.20203e-13 5.20203e-13
2827.43 5.18271e-13 5.18271e-13
2833.72 5.16352e-13 5.16352e-13
2840 5.14446e-13 5.14446e-13
2846.28 5.12554e-13 5.12554e-13
2852.57 5.10674e-13 5.10674e-13
2858.85 5.08807e-13 5.08807e-13
2865.13 5.06952e-13 5.06952e-13
2871.42 5.0511e-13 5.0511e-13
2877.7 5.0328e-13 5.0328e-13
2883.98 5.01463e-13 5.01463e-13
2890.27 4.99658e-13 4.99658e-13
2896.55 4.97864e-13 4.97864e-13
2902.83 4.96083e-13 4.96083e-13
2909.11 4.94314e-13 4.94314e-13
2915.4 4.92556e-13 4.92556e-13
2921.68 4.9081e-13 4.9081e-13
2927.96 4.89076e-13 4.89076e-13
2934.25 4.87353e-13 4.87353e-13
2940.53 4.85642e-13 4.85642e-13
2946.81 4.83941e-13 4.83941e-13
2953.1 4.82252e-13 4.82252e-13
2959.38 4.80574e-13 4.80574e-13
2965.66 4.78907e-13 4.78907e-13
2971.95 4.77251e-13 4.77251e-13
2978.23 4.75606e-13 4.75606e-13
2984.51 4.73972e-13 4.73972e-13
2990.8 4.72348e-13 4.72348e-13
2997.08 4.70734e-13 4.70734e-13
3003.36 4.69131e-13 4.69131e-13
3009.65 4.67539e-13 4.67539e-13
3015.93 4.65957e-13 4.65957e-13
3022.21 4.64384e-13 4.64384e-13
3028.5 4.62822e-13 4.62822e-13
3034.78 4.61271e-13 4.61271e-13
3041.06 4.59729e-13 4.59729e-13
3047.34 4.58196e-13 4.58196e-13
3053.63 4.56674e-13 4.56674e-13
3059.91 4.55162e-13 4.55162e-13
3066.19 4.53659e-13 4.53659e-13
3072.48 4.52165e-13 4.52165e-13
3078.76 4.50681e-13 4.50681e-13
3085.04 4.49207e-13 4.49207e-13
3091.33 4.47742e-13 4.47742e-13
3097.61 4.46286e-13 4.46286e-13
3103.89 4.44839e-13 4.44839e-13
3110.18 4.43401e-13 4.43401e-13
3116.46 4.41973e-13 4.41973e-13
3122.74 4.40553e-13 4.40553e-13
3129.03 4.39142e-13 4.39142e-13
3135.31 4.3774e-13 4.3774e-13
3141.59 4.36347e-13 4.36347e-13
3147.88 4.34963e-13 4.34963e-13
3154.16 4.33587e-13 4.33587e-13
3160.44 4.32219e-13 4.32219e-13
3166.73 4.30861e-13 4.30861e-13
3173.01 4.2951e-13 4.2951e-13
3179.29 4.28168e-13 4.28168e-13
3185.57 4.26834e-13 4.26834e-13
3191.86 4.25509e-13 4.25509e-13
3198.14 4.24191e-13 4.24191e-13
3204.42 4.22882e-13 4.22882e-13
3210.71 4.21581e-13 4.21581e-13
3216.99 4.20287e-13 4.20287e-13
3223.27 4.19002e-13 4.19002e-13
3229.56 4.17724e-13 4.17724e-13
3235.84 4.16454e-13 4.16454e-13
3242.12 4.15192e-13 4.15192e-13
3248.41 4.13938e-13 4.13938e-13
3254.69 4.12691e-13 4.12691e-13
3260.97 4.11452e-13 4.11452e-13
3267.26 4.1022e-13 4.1022e-13
3273.54 4.08996e-13 4.08996e-13
3279.82 4.07779e-13 4.07779e-13
3286.11 4.0657e-13 4.0657e-13
3292.39 4.05368e-13 4.05368e-13
3298.67 4.04173e-13 4.04173e-13
3304.96 4.02985e-13 4.02985e-13
3311.24 4.01804e-13 4.01804e-13
3317.52 4.0063e-13 4.0063e-13
3323.81 3.99464e-13 3.99464e-13
3330.09 3.98304e-13 3.98304e-13
3336.37 3.97151e-13 3.97151e-13
3342.65 3.96005e-13 3.96005e-13
3348.94 3.94866e-13 3.94866e-13
3355.22 3.93734e-13 3.93734e-13
3361.5 3.92608e-13 3.92608e-13
3367.79 3.91489e-13 3.91489e-13
3374.07 3.90377e-13 3.90377e-13
3380.35 3.89271e-13 3.89271e-13
3386.64 3.88172e-13 3.88172e-13
3392.92 3.87079e-13 3.87079e-13
3399.2 3.85992e-13 3.85992e-13
3405.49 3.84912e-13 3.84912e-13
3411.77 3.83839e-13 3.83839e-13
3418.05 3.82771e-13 3.82771e-13
3424.34 3.8171e-13 3.8171e-13
3430.62 3.80655e-13 3.80655e-13
3436.9 3.79606e-13 3.79606e-13
3443.19 3.78563e-13 3.78563e-13
3449.47 3.77527e-13 3.77527e-13
3455.75 3.76496e-13 3.76496e-13
3462.04 3.75471e-13 3.75471e-13
3468.32 3.74453e-13 3.74453e-13
3474.6 3.7344e-13 3.7344e-13
3480.88 3.72433e-13 3.72433e-13
3487.17 3.71432e-13 3.71432e-13
3493.45 3.70436e-13 3.70436e-13
3499.73 3.69447e-13 3.69447e-13
3506.02 3.68463e-13 3.68463e-13
3512.3 3.67484e-13 3.67484e-13
3518.58 3.66512e-13 3.66512e-13
3524.87 3.65545e-13 3.65545e-13
3531.15 3.64583e-13 3.64583e-13
3537.43 3.63627e-13 3.63627e-13
3543.72 3.62676e-13 3.62676e-13
3550 3.61731e-13 3.61731e-13
3556.28 3.60791e-13 3.60791e-13
3562.57 3.59857e-13 3.59857e-13
3568.85 3.58928e-13 3.58928e-13
3575.13 3.58004e-13 3.58004e-13
3581.42 3.57085e-13 3.57085e-13
3587.7 3.56172e-13 3.56172e-13
3593.98 3.55263e-13 3.55263e-13
3600.27 3.5436e-13 3.5436e-13
3606.55 3.53462e-13 3.53462e-13
3612.83 3.52569e-13 3.52569e-13
3619.11 3.51681e-13 3.51681e-13
3625.4 3.50798e-13 3.50798e-13
3631.68 3.4992e-13 3.4992e-13
3637.96 3.49047e-13 3.49047e-13
3644.25 3.48179e-13 3.48179e-13
3650.53 3.47316e-13 3.47316e-13
3656.81 3.46458e-13 3.46458e-13
3663.1 3.45604e-13 3.45604e-13
3669.38 3.44755e-13 3.44755e-13
3675.66 3.43911e-13 3.43911e-13
3681.95 3.43071e-13 3.43071e-13
3688.23 3.42237e-13 3.42237e-13
3694.51 3.41407e-13 3.41407e-13
3700.8 3.40581e-13 3.40581e-13
3707.08 3.3976e-13 3.3976e-13
3713.36 3.38944e-13 3.38944e-13
3719.65 3.38132e-13 3.38132e-13
3725.93 3.37325e-13 3.37325e-13
3732.21 3.36522e-13 3.36522e-13
3738.5 3.35724e-13 3.35724e-13
3744.78 3.3493e-13 3.3493e-13
3751.06 3.3414e-13 3.3414e-13
3757.34 3.33355e-13 3.33355e-13
3763.63 3.32574e-13 3.32574e-13
3769.91 3.31797e-13 3.31797e-13
3776.19 3.31025e-13 3.31025e-13
3782.48 3.30257e-13 3.30257e-13
3788.76 3.29493e-13 3.29493e-13
3795.04 3.28733e-13 3.28733e-13
3801.33 3.27978e-13 3.27978e-13
3807.61 3.27227e-13 3.27227e-13
3813.89 3.26479e-13 3.26479e-13
3820.18 3.25736e-13 3.25736e-13
3826.46 3.24997e-13 3.24997e-13
3832.74 3.24262e-13 3.24262e-13
3839.03 3.23531e-13 3.23531e-13
3845.31 3.22804e-13 3.22804e-13
3851.59 3.22081e-13 3.22081e-13
3857.88 3.21362e-13 3.21362e-13
3864.16 3.20646e-13 3.20646e-13
3870.44 3.19935e-13 3.19935e-13
3876.73 3.19227e-13 3.19227e-13
3883.01 3.18524e-13 3.18524e-13
3889.29 3.17824e-13 3.17824e-13
3895.57 3.17128e-13 3.17128e-13
3901.86 3.16436e-13 3.16436e-13
3908.14 3.15747e-13 3.15747e-13
3914.42 3.15062e-13 3.15062e-13
3920.71 3.14381e-13 3.14381e-13
3926.99 3.13704e-13 3.13704e-13
3933.27 3.1303e-13 3.1303e-13
3939.56 3.1236e-13 3.1236e-13
3945.84 3.11693e-13 3.11693e-13
3952.12 3.1103e-13 3.1103e-13
3958.41 3.10371e-13 3.10371e-13
3964.69 3.09715e-13 3.09715e-13
3970.97 3.09063e-13 3.09063e-13
3977.26 3.08414e-13 3.08414e-13
3983.54 3.07769e-13 3.07769e-13
3989.82 3.07127e-13 3.07127e-13
3996.11 3.06489e-13 3.06489e-13
4002.39 3.05854e-13 3.05854e-13
4008.67 3.05222e-13 3.05222e-13
4014.96 3.04594e-13 3.04594e-13
4021.24 3.03969e-13 3.03969e-13
4027.52 3.03348e-13 3.03348e-13
4033.8 3.0273e-13 3.0273e-13
4040.09 3.02115e-13 3.02115e-13
4046.37 3.01504e-13 3.01504e-13
4052.65 3.00895e-13 3.00895e-13
4058.94 3.0029e-13 3.0029e-13
4065.22 2.99689e-13 2.99689e-13
4071.5 2.9909e-13 2.9909e-13
4077.79 2.98495e-13 2.98495e-13
4084.07 2.97903e-13 2.97903e-13
4090.35 2.97314e-13 2.97314e-13
4096.64 2.96728e-13 2.96728e-13
4102.92 2.96145e-13 2.96145e-13
4109.2 2.95565e-13 2.95565e-13
4115.49 2.94989e-13 2.94989e-13
4121.77 2.94415e-13 2.94415e-13
4128.05 2.93845e-13 2.93845e-13
4134.34 2.93277e-13 2.93277e-13
4140.62 2.92713e-13 2.92713e-13
4146.9 2.92152e-13 2.92152e-13
4153.19 2.91593e-13 2.91593e-13
4159.47 2.91038e-13 2.91038e-13
4165.75 2.90485e-13 2.90485e-13
4172.04 2.89936e-13 2.89936e-13
4178.32 2.89389e-13 2.89389e-13
4184.6 2.88845e-13 2.88845e-13
4190.88 2.88305e-13 2.88305e-13
4197.17 2.87767e-13 2.87767e-13
4203.45 2.87232e-13 2.87232e-13
4209.73 2.86699e-13 2.86699e-13
4216.02 2.8617e-13 2.8617e-13
4222.3 2.85643e-13 2.85643e-13
4228.58 2.85119e-13 2.85119e-13
4234.87 2.84598e-13 2.84598e-13
4241.15 2.8408e-13 2.8408e-13
4247.43 2.83564e-13 2.83564e-13
4253.72 2.83052e-13 2.83052e-13
4260 2.82541e-13 2.82541e-13
4266.28 2.82034e-13 2.82034e-13
4272.57 2.81529e-13 2.81529e-13
4278.85 2.81027e-13 2.81027e-13
4285.13 2.80528e-13 2.80528e-13
4291.42 2.80031e-13 2.80031e-13
4297.7 2.79537e-13 2.79537e-13
4303.98 2.79046e-13 2.79046e-13
4310.27 2.78557e-13 2.78557e-13
4316.55 2.7807e-13 2.7807e-13
4322.83 2.77587e-13 2.77587e-13
4329.11 2.77106e-13 2.77106e-13
4335.4 2.76627e-13 2.76627e-13
4341.68 2.76151e-13 2.76151e-13
4347.96 2.75677e-13 2.75677e-13
4354.25 2.75206e-13 2.75206e-13
4360.53 2.74738e-13 2.74738e-13
4366.81 2.74272e-13 2.74272e-13
4373.1 2.73808e-13 2.73808e-13
4379.38 2.73347e-13 2.73347e-13
4385.66 2.72889e-13 2.72889e-13
4391.95 2.72432e-13 2.72432e-13
4398.23 2.71978e-13 2.71978e-13
4404.51 2.71527e-13 2.71527e-13
4410.8 2.71078e-13 2.71078e-13
4417.08 2.70631e-13 2.70631e-13
4423.36 2.70187e-13 2.70187e-13
4429.65 2.69745e-13 2.69745e-13
4435.93 2.69306e-13 2.69306e-13
4442.21 2.68869e-13 2.68869e-13
4448.5 2.68434e-13 2.68434e-13
4454.78 2.68001e-13 2.68001e-13
4461.06 2.67571e-13 2.67571e-13
4467.34 2.67143e-13 2.67143e-13
4473.63 2.66717e-13 2.66717e-13
4479.91 2.66294e-13 2.66294e-13
4486.19 2.65873e-13 2.65873e-13
4492.48 2.65454e-13 2.65454e-13
4498.76 2.65037e-13 2.65037e-13
4505.04 2.64623e-13 2.64623e-13
4511.33 2.64211e-13 2.64211e-13
4517.61 2.63801e-13 2.63801e-13
4523.89 2.63393e-13 2.63393e-13
4530.18 2.62987e-13 2.62987e-13
4536.46 2.62584e-13 2.62584e-13
4542.74 2.62182e-13 2.62182e-13
4549.03 2.61783e-13 2.61783e-13
4555.31 2.61386e-13 2.61386e-13
4561.59 2.60991e-13 2.60991e-13
4567.88 2.60598e-13 2.60598e-13
4574.16 2.60208e-13 2.60208e-13
4580.44 2.59819e-13 2.59819e-13
4586.73 2.59433e-13 2.59433e-13
4593.01 2.59048e-13 2.59048e-13
4599.29 2.58666e-13 2.58666e-13
4605.57 2.58286e-13 2.58286e-13
4611.86 2.57907e-13 2.57907e-13
4618.14 2.57531e-13 2.57531e-13
4624.42 2.57157e-13 2.57157e-13
4630.71 2.56785e-13 2.56785e-13
4636.99 2.56415e-13 2.56415e-13
4643.27 2.56047e-13 2.56047e-13
4649.56 2.55681e-13 2.55681e-13
4655.84 2.55317e-13 2.55317e-13
4662.12 2.54954e-13 2.54954e-13
4668.41 2.54594e-13 2.54594e-13
4674.69 2.54236e-13 2.54236e-13
4680.97 2.5388e-13 2.5388e-13
4687.26 2.53525e-13 2.53525e-13
4693.54 2.53173e-13 2.53173e-13
4699.82 2.52823e-13 2.52823e-13
4706.11 2.52474e-13 2.52474e-13
4712.39 2.52127e-13 2.52127e-13
4718.67 2.51783e-13 2.51783e-13
4724.96 2.5144e-13 2.5144e-13
4731.24 2.51099e-13 2.51099e-13
4737.52 2.5076e-13 2.5076e-13
4743.8 2.50422e-13 2.50422e-13
4750.09 2.50087e-13 2.50087e-13
4756.37 2.49753e-13 2.49753e-13
4762.65 2.49422e-13 2.49422e-13
4768.94 2.49092e-13 2.49092e-13
4775.22 2.48764e-13 2.48764e-13
4781.5 2.48437e-13 2.48437e-13
4787.79 2.48113e-13 2.48113e-13
4794.07 2.4779e-13 2.4779e-13
4800.35 2.4747e-13 2.4747e-13
4806.64 2.47151e-13 2.47151e-13
4812.92 2.46833e-13 2.46833e-13
4819.2 2.46518e-13 2.46518e-13
4825.49 2.46204e-13 2.46204e-13
4831.77 2.45892e-13 2.45892e-13
4838.05 2.45582e-13 2.45582e-13
4844.34 2.45273e-13 2.45273e-13
4850.62 2.44967e-13 2.44967e-13
4856.9 2.44661e-13 2.44661e-13
4863.19 2.44358e-13 2.44358e-13
4869.47 2.44057e-13 2.44057e-13
4875.75 2.43757e-13 2.43757e-13
4882.03 2.43458e-13 2.43458e-13
4888.32 2.43162e-13 2.43162e-13
4894.6 2.42867e-13 2.42867e-13
4900.88 2.42574e-13 2.42574e-13
4907.17 2.42282e-13 2.42282e-13
4913.45 2.41993e-13 2.41993e-13
4919.73 2.41704e-13 2.41704e-13
4926.02 2.41418e-13 2.41418e-13
4932.3 2.41133e-13 2.41133e-13
4938.58 2.4085e-13 2.4085e-13
4944.87 2.40568e-13 2.40568e-13
4951.15 2.40288e-13 2.40288e-13
4957.43 2.4001e-13 2.4001e-13
4963.72 2.39733e-13 2.39733e-13
4970 2.39458e-13 2.39458e-13
4976.28 2.39184e-13 2.39184e-13
4982.57 2.38912e-13 2.38912e-13
4988.85 2.38642e-13 2.38642e-13
4995.13 2.38373e-13 2.38373e-13
5001.42 2.38106e-13 2.38106e-13
5007.7 2.3784e-13 2.3784e-13
5013.98 2.37576e-13 2.37576e-13
5020.27 2.37314e-13 2.37314e-13
5026.55 2.37053e-13 2.37053e-13
5032.83 2.36793e-13 2.36793e-13
5039.11 2.36535e-13 2.36535e-13
5045.4 2.36279e-13 2.36279e-13
5051.68 2.36024e-13 2.36024e-13
5057.96 2.35771e-13 2.35771e-13
5064.25 2.35519e-13 2.35519e-13
5070.53 2.35269e-13 2.35269e-13
5076.81 2.3502e-13 2.3502e-13
5083.1 2.34773e-13 2.34773e-13
5089.38 2.34527e-13 2.34527e-13
5095.66 2.34283e-13 2.34283e-13
5101.95 2.3404e-13 2.3404e-13
5108.23 2.33798e-13 2.33798e-13
5114.51 2.33558e-13 2.33558e-13
5120.8 2.3332e-13 2.3332e-13
5127.08 2.33083e-13 2.33083e-13
5133.36 2.32848e-13 2.32848e-13
5139.65 2.32614e-13 2.32614e-13
5145.93 2.32381e-13 2.32381e-13
5152.21 2.3215e-13 2.3215e-13
5158.5 2.3192e-13 2.3192e-13
5164.78 2.31692e-13 2.31692e-13
5171.06 2.31465e-13 2.31465e-13
5177.34 2.31239e-13 2.31239e-13
5183.63 2.31015e-13 2.31015e-13
5189.91 2.30793e-13 2.30793e-13
5196.19 2.30572e-13 2.30572e-13
5202.48 2.30352e-13 2.30352e-13
5208.76 2.30133e-13 2.30133e-13
5215.04 2.29916e-13 2.29916e-13
5221.33 2.29701e-13 2.29701e-13
5227.61 2.29486e-13 2.29486e-13
5233.89 2.29274e-13 2.29274e-13
5240.18 2.29062e-13 2.29062e-13
5246.46 2.28852e-13 2.28852e-13
5252.74 2.28643e-13 2.28643e-13
5259.03 2.28436e-13 2.28436e-13
5265.31 2.2823e-13 2.2823e-13
5271.59 2.28025e-13 2.28025e-13
5277.88 2.27822e-13 2.27822e-13
5284.16 2.2762e-13 2.2762e-13
5290.44 2.27419e-13 2.27419e-13
5296.73 2.2722e-13 2.2722e-13
5303.01 2.27022e-13 2.27022e-13
5309.29 2.26825e-13 2.26825e-13
5315.57 2.2663e-13 2.2663e-13
5321.86 2.26435e-13 2.26435e-13
5328.14 2.26243e-13 2.26243e-13
5334.42 2.26051e-13 2.26051e-13
5340.71 2.25861e-13 2.25861e-13
5346.99 2.25672e-13 2.25672e-13
5353.27 2.25485e-13 2.25485e-13
5359.56 2.25299e-13 2.25299e-13
5365.84 2.25114e-13 2.25114e-13
5372.12 2.2493e-13 2.2493e-13
5378.41 2.24748e-13 2.24748e-13
5384.69 2.24567e-13 2.24567e-13
5390.97 2.24387e-13 2.24387e-13
5397.26 2.24208e-13 2.24208e-13
5403.54 2.24031e-13 2.24031e-13
5409.82 2.23855e-13 2.23855e-13
5416.11 2.2368e-13 2.2368e-13
5422.39 2.23507e-13 2.23507e-13
5428.67 2.23334e-13 2.23334e-13
5434.96 2.23163e-13 2.23163e-13
5441.24 2.22994e-13 2.22994e-13
5447.52 2.22825e-13 2.22825e-13
5453.8 2.22658e-13 2.22658e-13
5460.09 2.22492e-13 2.22492e-13
5466.37 2.22327e-13 2.22327e-13
5472.65 2.22163e-13 2.22163e-13
5478.94 2.22001e-13 2.22001e-13
5485.22 2.2184e-13 2.2184e-13
5491.5 2.2168e-13 2.2168e-13
5497.79 2.21521e-13 2.21521e-13
5504.07 2.21364e-13 2.21364e-13
5510.35 2.21208e-13 2.21208e-13
5516.64 2.21052e-13 2.21052e-13
5522.92 2.20899e-13 2.20899e-13
5529.2 2.20746e-13 2.20746e-13
5535.49 2.20594e-13 2.20594e-13
5541.77 2.20444e-13 2.20444e-13
5548.05 2.20295e-13 2.20295e-13
5554.34 2.20147e-13 2.20147e-13
5560.62 2.2e-13 2.2e-13
5566.9 2.19855e-13 2.19855e-13
5573.19 2.19711e-13 2.19711e-13
5579.47 2.19567e-13 2.19567e-13
5585.75 2.19425e-13 2.19425e-13
5592.03 2.19284e-13 2.19284e-13
5598.32 2.19145e-13 2.19145e-13
5604.6 2.19006e-13 2.19006e-13
5610.88 2.18869e-13 2.18869e-13
5617.17 2.18733e-13 2.18733e-13
5623.45 2.18598e-13 2.18598e-13
5629.73 2.18464e-13 2.18464e-13
5636.02 2.18331e-13 2.18331e-13
5642.3 2.18199e-13 2.18199e-13
5648.58 2.18069e-13 2.18069e-13
5654.87 2.1794e-13 2.1794e-13
5661.15 2.17812e-13 2.17812e-13
5667.43 2.17685e-13 2.17685e-13
5673.72 2.17559e-13 2.17559e-13
5680 2.17434e-13 2.17434e-13
5686.28 2.1731e-13 2.1731e-13
5692.57 2.17188e-13 2.17188e-13
5698.85 2.17066e-13 2.17066e-13
5705.13 2.16946e-13 2.16946e-13
5711.42 2.16827e-13 2.16827e-13
5717.7 2.16709e-13 2.16709e-13
5723.98 2.16592e-13 2.16592e-13
5730.27 2.16476e-13 2.16476e-13
5736.55 2.16362e-13 2.16362e-13
5742.83 2.16248e-13 2.16248e-13
5749.11 2.16136e-13 2.16136e-13
5755.4 2.16024e-13 2.16024e-13
5761.68 2.15914e-13 2.15914e-13
5767.96 2.15805e-13 2.15805e-13
5774.25 2.15697e-13 2.15697e-13
5780.53 2.1559e-13 2.1559e-13
5786.81 2.15484e-13 2.15484e-13
5793.1 2.15379e-13 2.15379e-13
5799.38 2.15275e-13 2.15275e-13
5805.66 2.15173e-13 2.15173e-13
5811.95 2.15071e-13 2.15071e-13
5818.23 2.14971e-13 2.14971e-13
5824.51 2.14871e-13 2.14871e-13
5830.8 2.14773e-13 2.14773e-13
5837.08 2.14676e-13 2.14676e-13
5843.36 2.1458e-13 2.1458e-13
5849.65 2.14485e-13 2.14485e-13
5855.93 2.14391e-13 2.14391e-13
5862.21 2.14298e-13 2.14298e-13
5868.5 2.14206e-13 2.14206e-13
5874.78 2.14115e-13 2.14115e-13
5881.06 2.14026e-13 2.14026e-13
5887.34 2.13937e-13 2.13937e-13
5893.63 2.13849e-13 2.13849e-13
5899.91 2.13763e-13 2.13763e-13
5906.19 2.13677e-13 2.13677e-13
5912.48 2.13593e-13 2.13593e-13
5918.76 2.1351e-13 2.1351e-13
5925.04 2.13427e-13 2.13427e-13
5931.33 2.13346e-13 2.13346e-13
5937.61 2.13266e-13 2.13266e-13
5943.89 2.13187e-13 2.13187e-13
5950.18 2.13109e-13 2.13109e-13
5956.46 2.13031e-13 2.13031e-13
5962.74 2.12955e-13 2.12955e-13
5969.03 2.1288e-13 2.1288e-13
5975.31 2.12807e-13 2.12807e-13
5981.59 2.12734e-13 2.12734e-13
5987.88 2.12662e-13 2.12662e-13
5994.16 2.12591e-13 2.12591e-13
6000.44 2.12521e-13 2.12521e-13
6006.73 2.12452e-13 2.12452e-13
6013.01 2.12385e-13 2.12385e-13
6019.29 2.12318e-13 2.12318e-13
6025.57 2.12252e-13 2.12252e-13
6031.86 2.12188e-13 2.12188e-13
6038.14 2.12124e-13 2.12124e-13
6044.42 2.12062e-13 2.12062e-13
6050.71 2.12e-13 2.12e-13
6056.99 2.11939e-13 2.11939e-13
6063.27 2.1188e-13 2.1188e-13
6069.56 2.11822e-13 2.11822e-13
6075.84 2.11764e-13 2.11764e-13
6082.12 2.11708e-13 2.11708e-13
6088.41 2.11652e-13 2.11652e-13
6094.69 2.11598e-13 2.11598e-13
6100.97 2.11544e-13 2.11544e-13
6107.26 2.11492e-13 2.11492e-13
6113.54 2.11441e-13 2.11441e-13
6119.82 2.1139e-13 2.1139e-13
6126.11 2.11341e-13 2.11341e-13
6132.39 2.11293e-13 2.11293e-13
6138.67 2.11245e-13 2.11245e-13
6144.96 2.11199e-13 2.11199e-13
6151.24 2.11154e-13 2.11154e-13
6157.52 2.11109e-13 2.11109e-13
6163.8 2.11066e-13 2.11066e-13
6170.09 2.11024e-13 2.11024e-13
6176.37 2.10983e-13 2.10983e-13
6182.65 2.10942e-13 2.10942e-13
6188.94 2.10903e-13 2.10903e-13
6195.22 2.10865e-13 2.10865e-13
6201.5 2.10828e-13 2.10828e-13
6207.79 2.10791e-13 2.10791e-13
6214.07 2.10756e-13 2.10756e-13
6220.35 2.10722e-13 2.10722e-13
6226.64 2.10689e-13 2.10689e-13
6232.92 2.10656e-13 2.10656e-13
6239.2 2.10625e-13 2.10625e-13
6245.49 2.10595e-13 2.10595e-13
6251.77 2.10566e-13 2.10566e-13
6258.05 2.10537e-13 2.10537e-13
6264.34 2.1051e-13 2.1051e-13
6270.62 2.10484e-13 2.10484e-13
6276.9 2.10459e-13 2.10459e-13
6283.19 2.10434e-13 2.10434e-13
6289.47 2.10411e-13 2.10411e-13
6295.75 2.10389e-13 2.10389e-13
6302.03 2.10367e-13 2.10367e-13
6308.32 2.10347e-13 2.10347e-13
6314.6 2.10328e-13 2.10328e-13
6320.88 2.1031e-13 2.1031e-13
6327.17 2.10292e-13 2.10292e-13
6333.45 2.10276e-13 2.10276e-13
6339.73 2.10261e-13 2.10261e-13
6346.02 2.10246e-13 2.10246e-13
6352.3 2.10233e-13 2.10233e-13
6358.58 2.1022e-13 2.1022e-13
6364.87 2.10209e-13 2.10209e-13
6371.15 2.10199e-13 2.10199e-13
6377.43 2.10189e-13 2.10189e-13
6383.72 2.10181e-13 2.10181e-13
6390 2.10173e-13 2.10173e-13
6396.28 2.10167e-13 2.10167e-13
6402.57 2.10162e-13 2.10162e-13
6408.85 2.10157e-13 2.10157e-13
6415.13 2.10154e-13 2.10154e-13
6421.42 2.10151e-13 2.10151e-13
6427.7 2.1015e-13 2.1015e-13
6433.98 2.10149e-13 2.10149e-13
