0 1.17873e-14 1.17873e-14
6.28319 0.0210564 0.0210564
12.5664 0.00523532 0.00523532
18.8496 0.00232537 0.00232537
25.1327 0.00130548 0.00130548
31.4159 0.000836189 0.000836189
37.6991 0.000579262 0.000579262
43.9823 0.000426036 0.000426036
50.2655 0.000325269 0.000325269
56.5487 0.000257251 0.000257251
62.8319 0.000207739 0.000207739
69.115 0.000171816 0.000171816
75.3982 0.000143902 0.000143902
81.6814 0.000122682 0.000122682
87.9646 0.000105413 0.000105413
94.2478 9.18571e-05 9.18571e-05
100.531 8.04342e-05 8.04342e-05
106.814 7.12577e-05 7.12577e-05
113.097 6.331e-05 6.331e-05
119.381 5.68152e-05 5.68152e-05
125.664 5.10623e-05 5.10623e-05
131.947 4.63001e-05 4.63001e-05
138.23 4.20016e-05 4.20016e-05
144.513 3.8408e-05 3.8408e-05
150.796 3.51113e-05 3.51113e-05
157.08 3.23342e-05 3.23342e-05
163.363 2.97502e-05 2.97502e-05
169.646 2.75605e-05 2.75605e-05
175.929 2.54974e-05 2.54974e-05
182.212 2.37411e-05 2.37411e-05
188.496 2.20675e-05 2.20675e-05
194.779 2.0638e-05 2.0638e-05
201.062 1.92615e-05 1.92615e-05
207.345 1.80828e-05 1.80828e-05
213.628 1.69371e-05 1.69371e-05
219.911 1.59541e-05 1.59541e-05
226.195 1.49902e-05 1.49902e-05
232.478 1.41622e-05 1.41622e-05
238.761 1.33437e-05 1.33437e-05
245.044 1.264e-05 1.264e-05
251.327 1.1939e-05 1.1939e-05
257.611 1.1336e-05 1.1336e-05
263.894 1.07311e-05 1.07311e-05
270.177 1.02108e-05 1.02108e-05
276.46 9.68529e-06 9.68529e-06
282.743 9.23335e-06 9.23335e-06
289.027 8.77389e-06 8.77389e-06
295.31 8.37899e-06 8.37899e-06
301.593 7.97504e-06 7.97504e-06
307.876 7.6281e-06 7.6281e-06
314.159 7.27113e-06 7.27113e-06
320.442 6.96481e-06 6.96481e-06
326.726 6.64786e-06 6.64786e-06
333.009 6.37617e-06 6.37617e-06
339.292 6.09352e-06 6.09352e-06
345.575 5.85154e-06 5.85154e-06
351.858 5.59847e-06 5.59847e-06
358.142 5.38211e-06 5.38211e-06
364.425 5.1547e-06 5.1547e-06
370.708 4.96055e-06 4.96055e-06
376.991 4.75549e-06 4.75549e-06
383.274 4.5807e-06 4.5807e-06
389.557 4.39521e-06 4.39521e-06
395.841 4.23736e-06 4.23736e-06
402.124 4.06907e-06 4.06907e-06
408.407 3.92611e-06 3.92611e-06
414.69 3.77302e-06 3.77302e-06
420.973 3.6432e-06 3.6432e-06
427.257 3.50358e-06 3.50358e-06
433.54 3.3854e-06 3.3854e-06
439.823 3.25775e-06 3.25775e-06
446.106 3.14992e-06 3.14992e-06
452.389 3.03296e-06 3.03296e-06
458.673 2.93435e-06 2.93435e-06
464.956 2.82696e-06 2.82696e-06
471.239 2.73661e-06 2.73661e-06
477.522 2.63782e-06 2.63782e-06
483.805 2.55488e-06 2.55488e-06
490.088 2.46383e-06 2.46383e-06
496.372 2.38754e-06 2.38754e-06
502.655 2.30349e-06 2.30349e-06
508.938 2.23322e-06 2.23322e-06
515.221 2.15549e-06 2.15549e-06
521.504 2.09065e-06 2.09065e-06
527.788 2.01867e-06 2.01867e-06
534.071 1.95876e-06 1.95876e-06
540.354 1.892e-06 1.892e-06
546.637 1.83656e-06 1.83656e-06
552.92 1.77457e-06 1.77457e-06
559.203 1.72321e-06 1.72321e-06
565.487 1.66556e-06 1.66556e-06
571.77 1.61791e-06 1.61791e-06
578.053 1.56425e-06 1.56425e-06
584.336 1.52e-06 1.52e-06
590.619 1.46999e-06 1.46999e-06
596.903 1.42885e-06 1.42885e-06
603.186 1.38219e-06 1.38219e-06
609.469 1.3439e-06 1.3439e-06
615.752 1.30032e-06 1.30032e-06
622.035 1.26465e-06 1.26465e-06
628.319 1.22391e-06 1.22391e-06
634.602 1.19066e-06 1.19066e-06
640.885 1.15254e-06 1.15254e-06
647.168 1.12151e-06 1.12151e-06
653.451 1.08581e-06 1.08581e-06
659.734 1.05683e-06 1.05683e-06
666.018 1.02338e-06 1.02338e-06
672.301 9.96284e-07 9.96284e-07
678.584 9.64913e-07 9.64913e-07
684.867 9.3957e-07 9.3957e-07
691.15 9.10127e-07 9.10127e-07
697.434 8.86406e-07 8.86406e-07
703.717 8.58753e-07 8.58753e-07
710 8.36536e-07 8.36536e-07
716.283 8.10549e-07 8.10549e-07
722.566 7.89727e-07 7.89727e-07
728.849 7.65289e-07 7.65289e-07
735.133 7.45766e-07 7.45766e-07
741.416 7.22772e-07 7.22772e-07
747.699 7.04454e-07 7.04454e-07
753.982 6.82807e-07 6.82807e-07
760.265 6.65613e-07 6.65613e-07
766.549 6.45223e-07 6.45223e-07
772.832 6.29076e-07 6.29076e-07
779.115 6.09861e-07 6.09861e-07
785.398 5.9469e-07 5.9469e-07
791.681 5.76573e-07 5.76573e-07
797.965 5.62313e-07 5.62313e-07
804.248 5.45224e-07 5.45224e-07
810.531 5.31816e-07 5.31816e-07
816.814 5.15689e-07 5.15689e-07
823.097 5.03076e-07 5.03076e-07
829.38 4.87852e-07 4.87852e-07
835.664 4.75984e-07 4.75984e-07
841.947 4.61606e-07 4.61606e-07
848.23 4.50434e-07 4.50434e-07
854.513 4.3685e-07 4.3685e-07
860.796 4.26331e-07 4.26331e-07
867.08 4.13493e-07 4.13493e-07
873.363 4.03585e-07 4.03585e-07
879.646 3.91448e-07 3.91448e-07
885.929 3.82113e-07 3.82113e-07
892.212 3.70635e-07 3.70635e-07
898.495 3.61838e-07 3.61838e-07
904.779 3.5098e-07 3.5098e-07
911.062 3.42688e-07 3.42688e-07
917.345 3.32413e-07 3.32413e-07
923.628 3.24595e-07 3.24595e-07
929.911 3.1487e-07 3.1487e-07
936.195 3.07497e-07 3.07497e-07
942.478 2.9829e-07 2.9829e-07
948.761 2.91336e-07 2.91336e-07
955.044 2.82616e-07 2.82616e-07
961.327 2.76055e-07 2.76055e-07
967.611 2.67795e-07 2.67795e-07
973.894 2.61606e-07 2.61606e-07
980.177 2.53779e-07 2.53779e-07
986.46 2.47938e-07 2.47938e-07
992.743 2.40521e-07 2.40521e-07
999.026 2.35008e-07 2.35008e-07
1005.31 2.27978e-07 2.27978e-07
1011.59 2.22773e-07 2.22773e-07
1017.88 2.16108e-07 2.16108e-07
1024.16 2.11194e-07 2.11194e-07
1030.44 2.04874e-07 2.04874e-07
1036.73 2.00235e-07 2.00235e-07
1043.01 1.9424e-07 1.9424e-07
1049.29 1.89859e-07 1.89859e-07
1055.58 1.84172e-07 1.84172e-07
1061.86 1.80035e-07 1.80035e-07
1068.14 1.7464e-07 1.7464e-07
1074.42 1.70732e-07 1.70732e-07
1080.71 1.65612e-07 1.65612e-07
1086.99 1.61921e-07 1.61921e-07
1093.27 1.57062e-07 1.57062e-07
1099.56 1.53576e-07 1.53576e-07
1105.84 1.48963e-07 1.48963e-07
1112.12 1.45669e-07 1.45669e-07
1118.41 1.4129e-07 1.4129e-07
1124.69 1.38178e-07 1.38178e-07
1130.97 1.3402e-07 1.3402e-07
1137.26 1.3108e-07 1.3108e-07
1143.54 1.27131e-07 1.27131e-07
1149.82 1.24354e-07 1.24354e-07
1156.11 1.20603e-07 1.20603e-07
1162.39 1.17979e-07 1.17979e-07
1168.67 1.14416e-07 1.14416e-07
1174.96 1.11936e-07 1.11936e-07
1181.24 1.08551e-07 1.08551e-07
1187.52 1.06208e-07 1.06208e-07
1193.81 1.02992e-07 1.02992e-07
1200.09 1.00778e-07 1.00778e-07
1206.37 9.77212e-08 9.77212e-08
1212.65 9.56294e-08 9.56294e-08
1218.94 9.27245e-08 9.27245e-08
1225.22 9.07478e-08 9.07478e-08
1231.5 8.79867e-08 8.79867e-08
1237.79 8.61189e-08 8.61189e-08
1244.07 8.34941e-08 8.34941e-08
1250.35 8.17293e-08 8.17293e-08
1256.64 7.92338e-08 7.92338e-08
1262.92 7.75662e-08 7.75662e-08
1269.2 7.51935e-08 7.51935e-08
1275.49 7.36179e-08 7.36179e-08
1281.77 7.13616e-08 7.13616e-08
1288.05 6.98728e-08 6.98728e-08
1294.34 6.77271e-08 6.77271e-08
1300.62 6.63205e-08 6.63205e-08
1306.9 6.42796e-08 6.42796e-08
1313.19 6.29507e-08 6.29507e-08
1319.47 6.10094e-08 6.10094e-08
1325.75 5.97539e-08 5.97539e-08
1332.04 5.79072e-08 5.79072e-08
1338.32 5.67211e-08 5.67211e-08
1344.6 5.49641e-08 5.49641e-08
1350.88 5.38437e-08 5.38437e-08
1357.17 5.21719e-08 5.21719e-08
1363.45 5.11136e-08 5.11136e-08
1369.73 4.95228e-08 4.95228e-08
1376.02 4.85231e-08 4.85231e-08
1382.3 4.70093e-08 4.70093e-08
1388.58 4.60651e-08 4.60651e-08
1394.87 4.46243e-08 4.46243e-08
1401.15 4.37326e-08 4.37326e-08
1407.43 4.23613e-08 4.23613e-08
1413.72 4.15192e-08 4.15192e-08
1420 4.02138e-08 4.02138e-08
1426.28 3.94187e-08 3.94187e-08
1432.57 3.81759e-08 3.81759e-08
1438.85 3.74252e-08 3.74252e-08
1445.13 3.6242e-08 3.6242e-08
1451.42 3.55332e-08 3.55332e-08
1457.7 3.44066e-08 3.44066e-08
1463.98 3.37376e-08 3.37376e-08
1470.27 3.26648e-08 3.26648e-08
1476.55 3.20333e-08 3.20333e-08
1482.83 3.10117e-08 3.10117e-08
1489.11 3.04157e-08 3.04157e-08
1495.4 2.94427e-08 2.94427e-08
1501.68 2.88802e-08 2.88802e-08
1507.96 2.79534e-08 2.79534e-08
1514.25 2.74228e-08 2.74228e-08
1520.53 2.654e-08 2.654e-08
1526.81 2.60393e-08 2.60393e-08
1533.1 2.51983e-08 2.51983e-08
1539.38 2.4726e-08 2.4726e-08
1545.66 2.39248e-08 2.39248e-08
1551.95 2.34793e-08 2.34793e-08
1558.23 2.27159e-08 2.27159e-08
1564.51 2.22958e-08 2.22958e-08
1570.8 2.15684e-08 2.15684e-08
1577.08 2.11723e-08 2.11723e-08
1583.36 2.04791e-08 2.04791e-08
1589.65 2.01057e-08 2.01057e-08
1595.93 1.9445e-08 1.9445e-08
1602.21 1.90931e-08 1.90931e-08
1608.5 1.84634e-08 1.84634e-08
1614.78 1.81317e-08 1.81317e-08
1621.06 1.75315e-08 1.75315e-08
1627.34 1.7219e-08 1.7219e-08
1633.63 1.66468e-08 1.66468e-08
1639.91 1.63524e-08 1.63524e-08
1646.19 1.58069e-08 1.58069e-08
1652.48 1.55296e-08 1.55296e-08
1658.76 1.50096e-08 1.50096e-08
1665.04 1.47484e-08 1.47484e-08
1671.33 1.42525e-08 1.42525e-08
1677.61 1.40067e-08 1.40067e-08
1683.89 1.35338e-08 1.35338e-08
1690.18 1.33024e-08 1.33024e-08
1696.46 1.28515e-08 1.28515e-08
1702.74 1.26337e-08 1.26337e-08
1709.03 1.22036e-08 1.22036e-08
1715.31 1.19987e-08 1.19987e-08
1721.59 1.15885e-08 1.15885e-08
1727.88 1.13958e-08 1.13958e-08
1734.16 1.10045e-08 1.10045e-08
1740.44 1.08233e-08 1.08233e-08
1746.73 1.045e-08 1.045e-08
1753.01 1.02796e-08 1.02796e-08
1759.29 9.92349e-09 9.92349e-09
1765.58 9.76338e-09 9.76338e-09
1771.86 9.42358e-09 9.42358e-09
1778.14 9.27316e-09 9.27316e-09
1784.42 8.94892e-09 8.94892e-09
1790.71 8.80765e-09 8.80765e-09
1796.99 8.49822e-09 8.49822e-09
1803.27 8.36558e-09 8.36558e-09
1809.56 8.07027e-09 8.07027e-09
1815.84 7.94578e-09 7.94578e-09
1822.12 7.66392e-09 7.66392e-09
1828.41 7.54712e-09 7.54712e-09
1834.69 7.27807e-09 7.27807e-09
1840.97 7.16852e-09 7.16852e-09
1847.26 6.91168e-09 6.91168e-09
1853.54 6.80899e-09 6.80899e-09
1859.82 6.56377e-09 6.56377e-09
1866.11 6.46754e-09 6.46754e-09
1872.39 6.23341e-09 6.23341e-09
1878.67 6.14327e-09 6.14327e-09
1884.96 5.91971e-09 5.91971e-09
1891.24 5.83531e-09 5.83531e-09
1897.52 5.62181e-09 5.62181e-09
1903.81 5.54284e-09 5.54284e-09
1910.09 5.33894e-09 5.33894e-09
1916.37 5.26507e-09 5.26507e-09
1922.65 5.07032e-09 5.07032e-09
1928.94 5.00127e-09 5.00127e-09
1935.22 4.81523e-09 4.81523e-09
1941.5 4.75072e-09 4.75072e-09
1947.79 4.573e-09 4.573e-09
1954.07 4.51277e-09 4.51277e-09
1960.35 4.34297e-09 4.34297e-09
1966.64 4.28677e-09 4.28677e-09
1972.92 4.12453e-09 4.12453e-09
1979.2 4.07212e-09 4.07212e-09
1985.49 3.91709e-09 3.91709e-09
1991.77 3.86825e-09 3.86825e-09
1998.05 3.72009e-09 3.72009e-09
2004.34 3.67462e-09 3.67462e-09
2010.62 3.53302e-09 3.53302e-09
2016.9 3.49071e-09 3.49071e-09
2023.19 3.35536e-09 3.35536e-09
2029.47 3.31603e-09 3.31603e-09
2035.75 3.18665e-09 3.18665e-09
2042.04 3.15011e-09 3.15011e-09
2048.32 3.02642e-09 3.02642e-09
2054.6 2.99253e-09 2.99253e-09
2060.88 2.87427e-09 2.87427e-09
2067.17 2.84285e-09 2.84285e-09
2073.45 2.72976e-09 2.72976e-09
2079.73 2.70067e-09 2.70067e-09
2086.02 2.59253e-09 2.59253e-09
2092.3 2.56563e-09 2.56563e-09
2098.58 2.46221e-09 2.46221e-09
2104.87 2.43736e-09 2.43736e-09
2111.15 2.33844e-09 2.33844e-09
2117.43 2.31552e-09 2.31552e-09
2123.72 2.2209e-09 2.2209e-09
2130 2.19979e-09 2.19979e-09
2136.28 2.10927e-09 2.10927e-09
2142.57 2.08986e-09 2.08986e-09
2148.85 2.00325e-09 2.00325e-09
2155.13 1.98544e-09 1.98544e-09
2161.42 1.90257e-09 1.90257e-09
2167.7 1.88625e-09 1.88625e-09
2173.98 1.80695e-09 1.80695e-09
2180.27 1.79203e-09 1.79203e-09
2186.55 1.71614e-09 1.71614e-09
2192.83 1.70254e-09 1.70254e-09
2199.11 1.62989e-09 1.62989e-09
2205.4 1.61752e-09 1.61752e-09
2211.68 1.54798e-09 1.54798e-09
2217.96 1.53676e-09 1.53676e-09
2224.25 1.47019e-09 1.47019e-09
2230.53 1.46004e-09 1.46004e-09
2236.81 1.39631e-09 1.39631e-09
2243.1 1.38717e-09 1.38717e-09
2249.38 1.32614e-09 1.32614e-09
2255.66 1.31794e-09 1.31794e-09
2261.95 1.2595e-09 1.2595e-09
2268.23 1.25218e-09 1.25218e-09
2274.51 1.19621e-09 1.19621e-09
2280.8 1.18971e-09 1.18971e-09
2287.08 1.1361e-09 1.1361e-09
2293.36 1.13036e-09 1.13036e-09
2299.65 1.07901e-09 1.07901e-09
2305.93 1.07399e-09 1.07399e-09
2312.21 1.02479e-09 1.02479e-09
2318.5 1.02043e-09 1.02043e-09
2324.78 9.73299e-10 9.73299e-10
2331.06 9.69553e-10 9.69553e-10
2337.34 9.24391e-10 9.24391e-10
2343.63 9.21219e-10 9.21219e-10
2349.91 8.77941e-10 8.77941e-10
2356.19 8.75302e-10 8.75302e-10
2362.48 8.33824e-10 8.33824e-10
2368.76 8.3168e-10 8.3168e-10
2375.04 7.91925e-10 7.91925e-10
2381.33 7.90239e-10 7.90239e-10
2387.61 7.5213e-10 7.5213e-10
2393.89 7.50869e-10 7.50869e-10
2400.18 7.14334e-10 7.14334e-10
2406.46 7.13466e-10 7.13466e-10
2412.74 6.78437e-10 6.78437e-10
2419.03 6.77933e-10 6.77933e-10
2425.31 6.44344e-10 6.44344e-10
2431.59 6.44174e-10 6.44174e-10
2437.88 6.11963e-10 6.11963e-10
2444.16 6.12102e-10 6.12102e-10
2450.44 5.81209e-10 5.81209e-10
2456.73 5.81631e-10 5.81631e-10
2463.01 5.51999e-10 5.51999e-10
2469.29 5.52682e-10 5.52682e-10
2475.58 5.24257e-10 5.24257e-10
2481.86 5.25178e-10 5.25178e-10
2488.14 4.97908e-10 4.97908e-10
2494.42 4.99048e-10 4.99048e-10
2500.71 4.72883e-10 4.72883e-10
2506.99 4.74222e-10 4.74222e-10
2513.27 4.49115e-10 4.49115e-10
2519.56 4.50634e-10 4.50634e-10
2525.84 4.2654e-10 4.2654e-10
2532.12 4.28224e-10 4.28224e-10
2538.41 4.05099e-10 4.05099e-10
2544.69 4.06932e-10 4.06932e-10
2550.97 3.84735e-10 3.84735e-10
2557.26 3.86702e-10 3.86702e-10
2563.54 3.65394e-10 3.65394e-10
2569.82 3.67482e-10 3.67482e-10
2576.11 3.47024e-10 3.47024e-10
2582.39 3.49219e-10 3.49219e-10
2588.67 3.29577e-10 3.29577e-10
2594.96 3.31868e-10 3.31868e-10
2601.24 3.13006e-10 3.13006e-10
2607.52 3.15381e-10 3.15381e-10
2613.81 2.97268e-10 2.97268e-10
2620.09 2.99717e-10 2.99717e-10
2626.37 2.82319e-10 2.82319e-10
2632.65 2.84833e-10 2.84833e-10
2638.94 2.68122e-10 2.68122e-10
2645.22 2.70691e-10 2.70691e-10
2651.5 2.54638e-10 2.54638e-10
2657.79 2.57253e-10 2.57253e-10
2664.07 2.4183e-10 2.4183e-10
2670.35 2.44485e-10 2.44485e-10
2676.64 2.29667e-10 2.29667e-10
2682.92 2.32353e-10 2.32353e-10
2689.2 2.18114e-10 2.18114e-10
2695.49 2.20826e-10 2.20826e-10
2701.77 2.07141e-10 2.07141e-10
2708.05 2.09872e-10 2.09872e-10
2714.34 1.96719e-10 1.96719e-10
2720.62 1.99464e-10 1.99464e-10
2726.9 1.86821e-10 1.86821e-10
2733.19 1.89574e-10 1.89574e-10
2739.47 1.77421e-10 1.77421e-10
2745.75 1.80176e-10 1.80176e-10
2752.04 1.68492e-10 1.68492e-10
2758.32 1.71246e-10 1.71246e-10
2764.6 1.60012e-10 1.60012e-10
2770.88 1.6276e-10 1.6276e-10
2777.17 1.51958e-10 1.51958e-10
2783.45 1.54697e-10 1.54697e-10
2789.73 1.44308e-10 1.44308e-10
2796.02 1.47034e-10 1.47034e-10
2802.3 1.37043e-10 1.37043e-10
2808.58 1.39753e-10 1.39753e-10
2814.87 1.30143e-10 1.30143e-10
2821.15 1.32834e-10 1.32834e-10
2827.43 1.23589e-10 1.23589e-10
2833.72 1.26258e-10 1.26258e-10
2840 1.17365e-10 1.17365e-10
2846.28 1.2001e-10 1.2001e-10
2852.57 1.11453e-10 1.11453e-10
2858.85 1.14072e-10 1.14072e-10
2865.13 1.05839e-10 1.05839e-10
2871.42 1.08429e-10 1.08429e-10
2877.7 1.00507e-10 1.00507e-10
2883.98 1.03067e-10 1.03067e-10
2890.27 9.54422e-11 9.54422e-11
2896.55 9.79712e-11 9.79712e-11
2902.83 9.06323e-11 9.06323e-11
2909.11 9.31283e-11 9.31283e-11
2915.4 8.60643e-11 8.60643e-11
2921.68 8.8526e-11 8.8526e-11
2927.96 8.17258e-11 8.17258e-11
2934.25 8.41522e-11 8.41522e-11
2940.53 7.76054e-11 7.76054e-11
2946.81 7.99955e-11 7.99955e-11
2953.1 7.36922e-11 7.36922e-11
2959.38 7.60451e-11 7.60451e-11
2965.66 6.99757e-11 6.99757e-11
2971.95 7.22907e-11 7.22907e-11
2978.23 6.6446e-11 6.6446e-11
2984.51 6.87227e-11 6.87227e-11
2990.8 6.30939e-11 6.30939e-11
2997.08 6.53316e-11 6.53316e-11
3003.36 5.99103e-11 5.99103e-11
3009.65 6.21087e-11 6.21087e-11
3015.93 5.68868e-11 5.68868e-11
3022.21 5.90457e-11 5.90457e-11
3028.5 5.40154e-11 5.40154e-11
3034.78 5.61345e-11 5.61345e-11
3041.06 5.12884e-11 5.12884e-11
3047.34 5.33676e-11 5.33676e-11
3053.63 4.86986e-11 4.86986e-11
3059.91 5.07378e-11 5.07378e-11
3066.19 4.62391e-11 4.62391e-11
3072.48 4.82384e-11 4.82384e-11
3078.76 4.39034e-11 4.39034e-11
3085.04 4.58628e-11 4.58628e-11
3091.33 4.16851e-11 4.16851e-11
3097.61 4.36048e-11 4.36048e-11
3103.89 3.95786e-11 3.95786e-11
3110.18 4.14587e-11 4.14587e-11
3116.46 3.7578e-11 3.7578e-11
3122.74 3.94188e-11 3.94188e-11
3129.03 3.56782e-11 3.56782e-11
3135.31 3.74798e-11 3.74798e-11
3141.59 3.3874e-11 3.3874e-11
3147.88 3.56369e-11 3.56369e-11
3154.16 3.21607e-11 3.21607e-11
3160.44 3.38851e-11 3.38851e-11
3166.73 3.05336e-11 3.05336e-11
3173.01 3.222e-11 3.222e-11
3179.29 2.89885e-11 2.89885e-11
3185.57 3.06372e-11 3.06372e-11
3191.86 2.75212e-11 2.75212e-11
3198.14 2.91327e-11 2.91327e-11
3204.42 2.61279e-11 2.61279e-11
3210.71 2.77026e-11 2.77026e-11
3216.99 2.48047e-11 2.48047e-11
3223.27 2.63431e-11 2.63431e-11
3229.56 2.35482e-11 2.35482e-11
3235.84 2.50508e-11 2.50508e-11
3242.12 2.23551e-11 2.23551e-11
3248.41 2.38224e-11 2.38224e-11
3254.69 2.12221e-11 2.12221e-11
3260.97 2.26546e-11 2.26546e-11
3267.26 2.01463e-11 2.01463e-11
3273.54 2.15445e-11 2.15445e-11
3279.82 1.91246e-11 1.91246e-11
3286.11 2.04892e-11 2.04892e-11
3292.39 1.81546e-11 1.81546e-11
3298.67 1.9486e-11 1.9486e-11
3304.96 1.72334e-11 1.72334e-11
3311.24 1.85323e-11 1.85323e-11
3317.52 1.63588e-11 1.63588e-11
3323.81 1.76256e-11 1.76256e-11
3330.09 1.55282e-11 1.55282e-11
3336.37 1.67636e-11 1.67636e-11
3342.65 1.47396e-11 1.47396e-11
3348.94 1.59441e-11 1.59441e-11
3355.22 1.39908e-11 1.39908e-11
3361.5 1.51651e-11 1.51651e-11
3367.79 1.32799e-11 1.32799e-11
3374.07 1.44244e-11 1.44244e-11
3380.35 1.26048e-11 1.26048e-11
3386.64 1.37202e-11 1.37202e-11
3392.92 1.19638e-11 1.19638e-11
3399.2 1.30506e-11 1.30506e-11
3405.49 1.13553e-11 1.13553e-11
3411.77 1.24141e-11 1.24141e-11
3418.05 1.07774e-11 1.07774e-11
3424.34 1.18088e-11 1.18088e-11
3430.62 1.02288e-11 1.02288e-11
3436.9 1.12334e-11 1.12334e-11
3443.19 9.70797e-12 9.70797e-12
3449.47 1.06862e-11 1.06862e-11
3455.75 9.21345e-12 9.21345e-12
3462.04 1.0166e-11 1.0166e-11
3468.32 8.74395e-12 8.74395e-12
3474.6 9.67134e-12 9.67134e-12
3480.88 8.29821e-12 8.29821e-12
3487.17 9.20099e-12 9.20099e-12
3493.45 7.87503e-12 7.87503e-12
3499.73 8.75375e-12 8.75375e-12
3506.02 7.47328e-12 7.47328e-12
3512.3 8.32848e-12 8.32848e-12
3518.58 7.09187e-12 7.09187e-12
3524.87 7.92408e-12 7.92408e-12
3531.15 6.72979e-12 6.72979e-12
3537.43 7.53954e-12 7.53954e-12
3543.72 6.38606e-12 6.38606e-12
3550 7.17386e-12 7.17386e-12
3556.28 6.05975e-12 6.05975e-12
3562.57 6.82612e-12 6.82612e-12
3568.85 5.74999e-12 5.74999e-12
3575.13 6.49543e-12 6.49543e-12
3581.42 5.45594e-12 5.45594e-12
3587.7 6.18095e-12 6.18095e-12
3593.98 5.17681e-12 5.17681e-12
3600.27 5.88188e-12 5.88188e-12
3606.55 4.91185e-12 4.91185e-12
3612.83 5.59746e-12 5.59746e-12
3619.11 4.66034e-12 4.66034e-12
3625.4 5.32697e-12 5.32697e-12
3631.68 4.42161e-12 4.42161e-12
3637.96 5.06971e-12 5.06971e-12
3644.25 4.195e-12 4.195e-12
3650.53 4.82504e-12 4.82504e-12
3656.81 3.97992e-12 3.97992e-12
3663.1 4.59234e-12 4.59234e-12
3669.38 3.77577e-12 3.77577e-12
3675.66 4.37102e-12 4.37102e-12
3681.95 3.582e-12 3.582e-12
3688.23 4.16051e-12 4.16051e-12
3694.51 3.3981e-12 3.3981e-12
3700.8 3.96028e-12 3.96028e-12
3707.08 3.22355e-12 3.22355e-12
3713.36 3.76984e-12 3.76984e-12
3719.65 3.0579e-12 3.0579e-12
3725.93 3.58868e-12 3.58868e-12
3732.21 2.90069e-12 2.90069e-12
3738.5 3.41637e-12 3.41637e-12
3744.78 2.75149e-12 2.75149e-12
3751.06 3.25246e-12 3.25246e-12
3757.34 2.60989e-12 2.60989e-12
3763.63 3.09654e-12 3.09654e-12
3769.91 2.47552e-12 2.47552e-12
3776.19 2.94822e-12 2.94822e-12
3782.48 2.34801e-12 2.34801e-12
3788.76 2.80712e-12 2.80712e-12
3795.04 2.22701e-12 2.22701e-12
3801.33 2.67289e-12 2.67289e-12
3807.61 2.11219e-12 2.11219e-12
3813.89 2.5452e-12 2.5452e-12
3820.18 2.00324e-12 2.00324e-12
3826.46 2.42371e-12 2.42371e-12
3832.74 1.89987e-12 1.89987e-12
3839.03 2.30813e-12 2.30813e-12
3845.31 1.80178e-12 1.80178e-12
3851.59 2.19817e-12 2.19817e-12
3857.88 1.70871e-12 1.70871e-12
3864.16 2.09355e-12 2.09355e-12
3870.44 1.6204e-12 1.6204e-12
3876.73 1.994e-12 1.994e-12
3883.01 1.53663e-12 1.53663e-12
3889.29 1.89929e-12 1.89929e-12
3895.57 1.45715e-12 1.45715e-12
3901.86 1.80917e-12 1.80917e-12
3908.14 1.38174e-12 1.38174e-12
3914.42 1.72341e-12 1.72341e-12
3920.71 1.31021e-12 1.31021e-12
3926.99 1.64181e-12 1.64181e-12
3933.27 1.24235e-12 1.24235e-12
3939.56 1.56417e-12 1.56417e-12
3945.84 1.17797e-12 1.17797e-12
3952.12 1.49028e-12 1.49028e-12
3958.41 1.11691e-12 1.11691e-12
3964.69 1.41996e-12 1.41996e-12
3970.97 1.05899e-12 1.05899e-12
3977.26 1.35304e-12 1.35304e-12
3983.54 1.00405e-12 1.00405e-12
3989.82 1.28935e-12 1.28935e-12
3996.11 9.51945e-13 9.51945e-13
4002.39 1.22874e-12 1.22874e-12
4008.67 9.02524e-13 9.02524e-13
4014.96 1.17106e-12 1.17106e-12
4021.24 8.55652e-13 8.55652e-13
4027.52 1.11615e-12 1.11615e-12
4033.8 8.112e-13 8.112e-13
4040.09 1.06389e-12 1.06389e-12
4046.37 7.69045e-13 7.69045e-13
4052.65 1.01415e-12 1.01415e-12
4058.94 7.29069e-13 7.29069e-13
4065.22 9.66802e-13 9.66802e-13
4071.5 6.91161e-13 6.91161e-13
4077.79 9.21731e-13 9.21731e-13
4084.07 6.55216e-13 6.55216e-13
4090.35 8.78827e-13 8.78827e-13
4096.64 6.21134e-13 6.21134e-13
4102.92 8.37984e-13 8.37984e-13
4109.2 5.88819e-13 5.88819e-13
4115.49 7.99102e-13 7.99102e-13
4121.77 5.58181e-13 5.58181e-13
4128.05 7.62085e-13 7.62085e-13
4134.34 5.29134e-13 5.29134e-13
4140.62 7.26842e-13 7.26842e-13
4146.9 5.01598e-13 5.01598e-13
4153.19 6.93288e-13 6.93288e-13
4159.47 4.75494e-13 4.75494e-13
4165.75 6.6134e-13 6.6134e-13
4172.04 4.5075e-13 4.5075e-13
4178.32 6.3092e-13 6.3092e-13
4184.6 4.27295e-13 4.27295e-13
4190.88 6.01955e-13 6.01955e-13
4197.17 4.05064e-13 4.05064e-13
4203.45 5.74373e-13 5.74373e-13
4209.73 3.83993e-13 3.83993e-13
4216.02 5.48107e-13 5.48107e-13
4222.3 3.64024e-13 3.64024e-13
4228.58 5.23094e-13 5.23094e-13
4234.87 3.451e-13 3.451e-13
4241.15 4.99273e-13 4.99273e-13
4247.43 3.27167e-13 3.27167e-13
4253.72 4.76586e-13 4.76586e-13
4260 3.10173e-13 3.10173e-13
4266.28 4.54978e-13 4.54978e-13
4272.57 2.94072e-13 2.94072e-13
4278.85 4.34398e-13 4.34398e-13
4285.13 2.78816e-13 2.78816e-13
4291.42 4.14795e-13 4.14795e-13
4297.7 2.64362e-13 2.64362e-13
4303.98 3.96123e-13 3.96123e-13
4310.27 2.50669e-13 2.50669e-13
4316.55 3.78336e-13 3.78336e-13
4322.83 2.37698e-13 2.37698e-13
4329.11 3.61391e-13 3.61391e-13
4335.4 2.25411e-13 2.25411e-13
4341.68 3.45249e-13 3.45249e-13
4347.96 2.13774e-13 2.13774e-13
4354.25 3.2987e-13 3.2987e-13
4360.53 2.02751e-13 2.02751e-13
4366.81 3.15217e-13 3.15217e-13
4373.1 1.92312e-13 1.92312e-13
4379.38 3.01256e-13 3.01256e-13
4385.66 1.82427e-13 1.82427e-13
4391.95 2.87954e-13 2.87954e-13
4398.23 1.73066e-13 1.73066e-13
4404.51 2.75278e-13 2.75278e-13
4410.8 1.64203e-13 1.64203e-13
4417.08 2.63199e-13 2.63199e-13
4423.36 1.55811e-13 1.55811e-13
4429.65 2.51688e-13 2.51688e-13
4435.93 1.47866e-13 1.47866e-13
4442.21 2.40718e-13 2.40718e-13
4448.5 1.40346e-13 1.40346e-13
4454.78 2.30263e-13 2.30263e-13
4461.06 1.33227e-13 1.33227e-13
4467.34 2.20297e-13 2.20297e-13
4473.63 1.26489e-13 1.26489e-13
4479.91 2.10799e-13 2.10799e-13
4486.19 1.20112e-13 1.20112e-13
4492.48 2.01745e-13 2.01745e-13
4498.76 1.14077e-13 1.14077e-13
4505.04 1.93113e-13 1.93113e-13
4511.33 1.08367e-13 1.08367e-13
4517.61 1.84885e-13 1.84885e-13
4523.89 1.02964e-13 1.02964e-13
4530.18 1.77041e-13 1.77041e-13
4536.46 9.78518e-14 9.78518e-14
4542.74 1.69562e-13 1.69562e-13
4549.03 9.30159e-14 9.30159e-14
4555.31 1.6243e-13 1.6243e-13
4561.59 8.84415e-14 8.84415e-14
4567.88 1.55631e-13 1.55631e-13
4574.16 8.4115e-14 8.4115e-14
4580.44 1.49147e-13 1.49147e-13
4586.73 8.00231e-14 8.00231e-14
4593.01 1.42963e-13 1.42963e-13
4599.29 7.61537e-14 7.61537e-14
4605.57 1.37066e-13 1.37066e-13
4611.86 7.24949e-14 7.24949e-14
4618.14 1.31442e-13 1.31442e-13
4624.42 6.90357e-14 6.90357e-14
4630.71 1.26077e-13 1.26077e-13
4636.99 6.57655e-14 6.57655e-14
4643.27 1.2096e-13 1.2096e-13
4649.56 6.26743e-14 6.26743e-14
4655.84 1.16079e-13 1.16079e-13
4662.12 5.97527e-14 5.97527e-14
4668.41 1.11422e-13 1.11422e-13
4674.69 5.69916e-14 5.69916e-14
4680.97 1.0698e-13 1.0698e-13
4687.26 5.43825e-14 5.43825e-14
4693.54 1.02741e-13 1.02741e-13
4699.82 5.19174e-14 5.19174e-14
4706.11 9.8697e-14 9.8697e-14
4712.39 4.95886e-14 4.95886e-14
4718.67 9.48379e-14 9.48379e-14
4724.96 4.73888e-14 4.73888e-14
4731.24 9.11552e-14 9.11552e-14
4737.52 4.53111e-14 4.53111e-14
4743.8 8.76407e-14 8.76407e-14
4750.09 4.33489e-14 4.33489e-14
4756.37 8.42864e-14 8.42864e-14
4762.65 4.14962e-14 4.14962e-14
4768.94 8.10848e-14 8.10848e-14
4775.22 3.97471e-14 3.97471e-14
4781.5 7.80288e-14 7.80288e-14
4787.79 3.80959e-14 3.80959e-14
4794.07 7.51116e-14 7.51116e-14
4800.35 3.65374e-14 3.65374e-14
4806.64 7.23266e-14 7.23266e-14
4812.92 3.50666e-14 3.50666e-14
4819.2 6.96676e-14 6.96676e-14
4825.49 3.36788e-14 3.36788e-14
4831.77 6.71289e-14 6.71289e-14
4838.05 3.23695e-14 3.23695e-14
4844.34 6.47047e-14 6.47047e-14
4850.62 3.11344e-14 3.11344e-14
4856.9 6.23898e-14 6.23898e-14
4863.19 2.99696e-14 2.99696e-14
4869.47 6.01791e-14 6.01791e-14
4875.75 2.88711e-14 2.88711e-14
4882.03 5.80676e-14 5.80676e-14
4888.32 2.78354e-14 2.78354e-14
4894.6 5.60509e-14 5.60509e-14
4900.88 2.6859e-14 2.6859e-14
4907.17 5.41245e-14 5.41245e-14
4913.45 2.59388e-14 2.59388e-14
4919.73 5.22842e-14 5.22842e-14
4926.02 2.50716e-14 2.50716e-14
4932.3 5.05261e-14 5.05261e-14
4938.58 2.42545e-14 2.42545e-14
4944.87 4.88463e-14 4.88463e-14
4951.15 2.34847e-14 2.34847e-14
4957.43 4.72413e-14 4.72413e-14
4963.72 2.27598e-14 2.27598e-14
4970 4.57075e-14 4.57075e-14
4976.28 2.20771e-14 2.20771e-14
4982.57 4.42418e-14 4.42418e-14
4988.85 2.14343e-14 2.14343e-14
4995.13 4.2841e-14 4.2841e-14
5001.42 2.08293e-14 2.08293e-14
5007.7 4.1502e-14 4.1502e-14
5013.98 2.02598e-14 2.02598e-14
5020.27 4.02221e-14 4.02221e-14
5026.55 1.97241e-14 1.97241e-14
5032.83 3.89986e-14 3.89986e-14
5039.11 1.922e-14 1.922e-14
5045.4 3.78289e-14 3.78289e-14
5051.68 1.8746e-14 1.8746e-14
5057.96 3.67105e-14 3.67105e-14
5064.25 1.83002e-14 1.83002e-14
5070.53 3.56411e-14 3.56411e-14
5076.81 1.78812e-14 1.78812e-14
5083.1 3.46185e-14 3.46185e-14
5089.38 1.74873e-14 1.74873e-14
5095.66 3.36405e-14 3.36405e-14
5101.95 1.71172e-14 1.71172e-14
5108.23 3.27051e-14 3.27051e-14
5114.51 1.67695e-14 1.67695e-14
5120.8 3.18104e-14 3.18104e-14
5127.08 1.6443e-14 1.6443e-14
5133.36 3.09545e-14 3.09545e-14
5139.65 1.61364e-14 1.61364e-14
5145.93 3.01357e-14 3.01357e-14
5152.21 1.58486e-14 1.58486e-14
5158.5 2.93523e-14 2.93523e-14
5164.78 1.55785e-14 1.55785e-14
5171.06 2.86027e-14 2.86027e-14
5177.34 1.53251e-14 1.53251e-14
5183.63 2.78854e-14 2.78854e-14
5189.91 1.50874e-14 1.50874e-14
5196.19 2.71989e-14 2.71989e-14
5202.48 1.48645e-14 1.48645e-14
5208.76 2.65419e-14 2.65419e-14
5215.04 1.46556e-14 1.46556e-14
5221.33 2.59131e-14 2.59131e-14
5227.61 1.44598e-14 1.44598e-14
5233.89 2.53111e-14 2.53111e-14
5240.18 1.42764e-14 1.42764e-14
5246.46 2.47348e-14 2.47348e-14
5252.74 1.41047e-14 1.41047e-14
5259.03 2.4183e-14 2.4183e-14
5265.31 1.39438e-14 1.39438e-14
5271.59 2.36547e-14 2.36547e-14
5277.88 1.37933e-14 1.37933e-14
5284.16 2.31488e-14 2.31488e-14
5290.44 1.36525e-14 1.36525e-14
5296.73 2.26643e-14 2.26643e-14
5303.01 1.35208e-14 1.35208e-14
5309.29 2.22003e-14 2.22003e-14
5315.57 1.33977e-14 1.33977e-14
5321.86 2.17558e-14 2.17558e-14
5328.14 1.32826e-14 1.32826e-14
5334.42 2.133e-14 2.133e-14
5340.71 1.31751e-14 1.31751e-14
5346.99 2.09222e-14 2.09222e-14
5353.27 1.30746e-14 1.30746e-14
5359.56 2.05314e-14 2.05314e-14
5365.84 1.29809e-14 1.29809e-14
5372.12 2.01569e-14 2.01569e-14
5378.41 1.28934e-14 1.28934e-14
5384.69 1.97981e-14 1.97981e-14
5390.97 1.28118e-14 1.28118e-14
5397.26 1.94543e-14 1.94543e-14
5403.54 1.27358e-14 1.27358e-14
5409.82 1.91247e-14 1.91247e-14
5416.11 1.26648e-14 1.26648e-14
5422.39 1.88088e-14 1.88088e-14
5428.67 1.25988e-14 1.25988e-14
5434.96 1.85061e-14 1.85061e-14
5441.24 1.25373e-14 1.25373e-14
5447.52 1.82158e-14 1.82158e-14
5453.8 1.248e-14 1.248e-14
5460.09 1.79375e-14 1.79375e-14
5466.37 1.24268e-14 1.24268e-14
5472.65 1.76707e-14 1.76707e-14
5478.94 1.23773e-14 1.23773e-14
5485.22 1.74148e-14 1.74148e-14
5491.5 1.23313e-14 1.23313e-14
5497.79 1.71695e-14 1.71695e-14
5504.07 1.22885e-14 1.22885e-14
5510.35 1.69342e-14 1.69342e-14
5516.64 1.22488e-14 1.22488e-14
5522.92 1.67085e-14 1.67085e-14
5529.2 1.2212e-14 1.2212e-14
5535.49 1.64921e-14 1.64921e-14
5541.77 1.21778e-14 1.21778e-14
5548.05 1.62844e-14 1.62844e-14
5554.34 1.21462e-14 1.21462e-14
5560.62 1.60853e-14 1.60853e-14
5566.9 1.21169e-14 1.21169e-14
5573.19 1.58942e-14 1.58942e-14
5579.47 1.20897e-14 1.20897e-14
5585.75 1.57109e-14 1.57109e-14
5592.03 1.20646e-14 1.20646e-14
5598.32 1.5535e-14 1.5535e-14
5604.6 1.20414e-14 1.20414e-14
5610.88 1.53662e-14 1.53662e-14
5617.17 1.20199e-14 1.20199e-14
5623.45 1.52042e-14 1.52042e-14
5629.73 1.20001e-14 1.20001e-14
5636.02 1.50488e-14 1.50488e-14
5642.3 1.19818e-14 1.19818e-14
5648.58 1.48997e-14 1.48997e-14
5654.87 1.1965e-14 1.1965e-14
5661.15 1.47565e-14 1.47565e-14
5667.43 1.19495e-14 1.19495e-14
5673.72 1.46192e-14 1.46192e-14
5680 1.19351e-14 1.19351e-14
5686.28 1.44873e-14 1.44873e-14
5692.57 1.1922e-14 1.1922e-14
5698.85 1.43608e-14 1.43608e-14
5705.13 1.19099e-14 1.19099e-14
5711.42 1.42393e-14 1.42393e-14
5717.7 1.18988e-14 1.18988e-14
5723.98 1.41227e-14 1.41227e-14
5730.27 1.18886e-14 1.18886e-14
5736.55 1.40109e-14 1.40109e-14
5742.83 1.18792e-14 1.18792e-14
5749.11 1.39035e-14 1.39035e-14
5755.4 1.18706e-14 1.18706e-14
5761.68 1.38004e-14 1.38004e-14
5767.96 1.18628e-14 1.18628e-14
5774.25 1.37014e-14 1.37014e-14
5780.53 1.18556e-14 1.18556e-14
5786.81 1.36065e-14 1.36065e-14
5793.1 1.1849e-14 1.1849e-14
5799.38 1.35153e-14 1.35153e-14
5805.66 1.1843e-14 1.1843e-14
5811.95 1.34279e-14 1.34279e-14
5818.23 1.18376e-14 1.18376e-14
5824.51 1.33439e-14 1.33439e-14
5830.8 1.18326e-14 1.18326e-14
5837.08 1.32634e-14 1.32634e-14
5843.36 1.1828e-14 1.1828e-14
5849.65 1.31861e-14 1.31861e-14
5855.93 1.18239e-14 1.18239e-14
5862.21 1.3112e-14 1.3112e-14
5868.5 1.18202e-14 1.18202e-14
5874.78 1.30409e-14 1.30409e-14
5881.06 1.18168e-14 1.18168e-14
5887.34 1.29727e-14 1.29727e-14
5893.63 1.18137e-14 1.18137e-14
5899.91 1.29072e-14 1.29072e-14
5906.19 1.18109e-14 1.18109e-14
5912.48 1.28445e-14 1.28445e-14
5918.76 1.18084e-14 1.18084e-14
5925.04 1.27844e-14 1.27844e-14
5931.33 1.18061e-14 1.18061e-14
5937.61 1.27268e-14 1.27268e-14
5943.89 1.1804e-14 1.1804e-14
5950.18 1.26715e-14 1.26715e-14
5956.46 1.18022e-14 1.18022e-14
5962.74 1.26186e-14 1.26186e-14
5969.03 1.18005e-14 1.18005e-14
5975.31 1.2568e-14 1.2568e-14
5981.59 1.1799e-14 1.1799e-14
5987.88 1.25195e-14 1.25195e-14
5994.16 1.17977e-14 1.17977e-14
6000.44 1.24731e-14 1.24731e-14
6006.73 1.17965e-14 1.17965e-14
6013.01 1.24287e-14 1.24287e-14
6019.29 1.17954e-14 1.17954e-14
6025.57 1.23863e-14 1.23863e-14
6031.86 1.17944e-14 1.17944e-14
6038.14 1.23457e-14 1.23457e-14
6044.42 1.17936e-14 1.17936e-14
6050.71 1.2307e-14 1.2307e-14
6056.99 1.17928e-14 1.17928e-14
6063.27 1.227e-14 1.227e-14
6069.56 1.17921e-14 1.17921e-14
6075.84 1.22347e-14 1.22347e-14
6082.12 1.17915e-14 1.17915e-14
6088.41 1.22011e-14 1.22011e-14
6094.69 1.1791e-14 1.1791e-14
6100.97 1.21691e-14 1.21691e-14
6107.26 1.17905e-14 1.17905e-14
6113.54 1.21387e-14 1.21387e-14
6119.82 1.17901e-14 1.17901e-14
6126.11 1.21097e-14 1.21097e-14
6132.39 1.17897e-14 1.17897e-14
6138.67 1.20823e-14 1.20823e-14
6144.96 1.17894e-14 1.17894e-14
6151.24 1.20562e-14 1.20562e-14
6157.52 1.17891e-14 1.17891e-14
6163.8 1.20316e-14 1.20316e-14
6170.09 1.17889e-14 1.17889e-14
6176.37 1.20083e-14 1.20083e-14
6182.65 1.17887e-14 1.17887e-14
6188.94 1.19863e-14 1.19863e-14
6195.22 1.17885e-14 1.17885e-14
6201.5 1.19656e-14 1.19656e-14
6207.79 1.17883e-14 1.17883e-14
6214.07 1.19462e-14 1.19462e-14
6220.35 1.17881e-14 1.17881e-14
6226.64 1.1928e-14 1.1928e-14
6232.92 1.1788e-14 1.1788e-14
6239.2 1.1911e-14 1.1911e-14
6245.49 1.17879e-14 1.17879e-14
6251.77 1.18952e-14 1.18952e-14
6258.05 1.17878e-14 1.17878e-14
6264.34 1.18805e-14 1.18805e-14
6270.62 1.17877e-14 1.17877e-14
6276.9 1.1867e-14 1.1867e-14
6283.19 1.17877e-14 1.17877e-14
6289.47 1.18545e-14 1.18545e-14
6295.75 1.17876e-14 1.17876e-14
6302.03 1.18432e-14 1.18432e-14
6308.32 1.17876e-14 1.17876e-14
6314.6 1.1833e-14 1.1833e-14
6320.88 1.17875e-14 1.17875e-14
6327.17 1.18238e-14 1.18238e-14
6333.45 1.17875e-14 1.17875e-14
6339.73 1.18157e-14 1.18157e-14
6346.02 1.17874e-14 1.17874e-14
6352.3 1.18086e-14 1.18086e-14
6358.58 1.17874e-14 1.17874e-14
6364.87 1.18025e-14 1.18025e-14
6371.15 1.17874e-14 1.17874e-14
6377.43 1.17975e-14 1.17975e-14
6383.72 1.17874e-14 1.17874e-14
6390 1.17935e-14 1.17935e-14
6396.28 1.17874e-14 1.17874e-14
6402.57 1.17905e-14 1.17905e-14
6408.85 1.17874e-14 1.17874e-14
6415.13 1.17885e-14 1.17885e-14
6421.42 1.17873e-14 1.17873e-14
6427.7 1.17875e-14 1.17875e-14
6433.98 1.17873e-14 1.17873e-14
