0 1.51359e-13 1.51359e-13
6.28319 0.203444 0.203444
12.5664 0.0285757 0.0285757
18.8496 0.00863468 0.00863468
25.1327 0.00358629 0.00358629
31.4159 0.0017762 0.0017762
37.6991 0.000982717 0.000982717
43.9823 0.00058797 0.00058797
50.2655 0.000371593 0.000371593
56.5487 0.000245791 0.000245791
62.8319 0.000167665 0.000167665
69.115 0.000118058 0.000118058
75.3982 8.45823e-05 8.45823e-05
81.6814 6.21742e-05 6.21742e-05
87.9646 4.60726e-05 4.60726e-05
94.2478 3.49574e-05 3.49574e-05
100.531 2.65386e-05 2.65386e-05
106.814 2.06377e-05 2.06377e-05
113.097 1.59492e-05 1.59492e-05
119.381 1.26523e-05 1.26523e-05
125.664 9.90908e-06 9.90908e-06
131.947 7.99278e-06 7.99278e-06
138.23 6.32281e-06 6.32281e-06
144.513 5.17372e-06 5.17372e-06
150.796 4.12352e-06 4.12352e-06
157.08 3.41707e-06 3.41707e-06
163.363 2.73848e-06 2.73848e-06
169.646 2.29534e-06 2.29534e-06
175.929 1.84668e-06 1.84668e-06
182.212 1.56417e-06 1.56417e-06
188.496 1.26162e-06 1.26162e-06
194.779 1.07917e-06 1.07917e-06
201.062 8.71607e-07 8.71607e-07
207.345 7.52593e-07 7.52593e-07
213.628 6.08016e-07 6.08016e-07
219.911 5.29808e-07 5.29808e-07
226.195 4.27726e-07 4.27726e-07
232.478 3.76091e-07 3.76091e-07
238.761 3.03118e-07 3.03118e-07
245.044 2.68959e-07 2.68959e-07
251.327 2.16202e-07 2.16202e-07
257.611 1.9363e-07 1.9363e-07
263.894 1.55086e-07 1.55086e-07
270.177 1.4024e-07 1.4024e-07
276.46 1.11803e-07 1.11803e-07
282.743 1.02129e-07 1.02129e-07
289.027 8.09549e-08 8.09549e-08
295.31 7.47492e-08 7.47492e-08
301.593 5.8845e-08 5.8845e-08
307.876 5.49637e-08 5.49637e-08
314.159 4.29185e-08 4.29185e-08
320.442 4.05896e-08 4.05896e-08
326.726 3.13949e-08 3.13949e-08
333.009 3.00956e-08 3.00956e-08
339.292 2.30237e-08 2.30237e-08
345.575 2.23997e-08 2.23997e-08
351.858 1.69212e-08 1.69212e-08
358.142 1.6732e-08 1.6732e-08
364.425 1.24586e-08 1.24586e-08
370.708 1.25417e-08 1.25417e-08
376.991 9.18633e-09 9.18633e-09
383.274 9.43224e-09 9.43224e-09
389.557 6.78108e-09 6.78108e-09
395.841 7.11683e-09 7.11683e-09
402.124 5.00948e-09 5.00948e-09
408.407 5.38701e-09 5.38701e-09
414.69 3.70233e-09 3.70233e-09
420.973 4.09057e-09 4.09057e-09
427.257 2.73648e-09 2.73648e-09
433.54 3.116e-09 3.116e-09
439.823 2.02199e-09 2.02199e-09
446.106 2.3812e-09 2.3812e-09
452.389 1.49302e-09 1.49302e-09
458.673 1.82559e-09 1.82559e-09
464.956 1.1012e-09 1.1012e-09
471.239 1.40427e-09 1.40427e-09
477.522 8.10898e-10 8.10898e-10
483.805 1.08388e-09 1.08388e-09
490.088 5.95856e-10 5.95856e-10
496.372 8.39555e-10 8.39555e-10
502.655 4.36644e-10 4.36644e-10
508.938 6.52704e-10 6.52704e-10
515.221 3.18878e-10 3.18878e-10
521.504 5.09396e-10 5.09396e-10
527.788 2.3189e-10 2.3189e-10
534.071 3.99162e-10 3.99162e-10
540.354 1.67759e-10 1.67759e-10
546.637 3.14113e-10 3.14113e-10
552.92 1.206e-10 1.206e-10
559.203 2.48293e-10 2.48293e-10
565.487 8.60329e-11 8.60329e-11
571.77 1.97191e-10 1.97191e-10
578.053 6.07999e-11 6.07999e-11
584.336 1.57386e-10 1.57386e-10
590.619 4.24758e-11 4.24758e-11
596.903 1.26274e-10 1.26274e-10
603.186 2.92556e-11 2.92556e-11
609.469 1.0187e-10 1.0187e-10
615.752 1.97964e-11 1.97964e-11
622.035 8.26564e-11 8.26564e-11
628.319 1.30993e-11 1.30993e-11
634.602 6.74716e-11 6.74716e-11
640.885 8.42273e-12 8.42273e-12
647.168 5.54227e-11 5.54227e-11
653.451 5.2164e-12 5.2164e-12
659.734 4.58227e-11 4.58227e-11
666.018 3.073e-12 3.073e-12
672.301 3.8141e-11 3.8141e-11
678.584 1.69169e-12 1.69169e-12
684.867 3.19671e-11 3.19671e-11
691.15 8.51007e-13 8.51007e-13
697.434 2.69825e-11 2.69825e-11
703.717 3.88552e-13 3.88552e-13
710 2.29393e-11 2.29393e-11
716.283 1.85812e-13 1.85812e-13
722.566 1.9644e-11 1.9644e-11
728.849 1.56841e-13 1.56841e-13
735.133 1.69451e-11 1.69451e-11
741.416 2.39799e-13 2.39799e-13
747.699 1.47238e-11 1.47238e-11
753.982 3.90629e-13 3.90629e-13
760.265 1.28864e-11 1.28864e-11
766.549 5.78353e-13 5.78353e-13
772.832 1.13588e-11 1.13588e-11
779.115 7.81562e-13 7.81562e-13
785.398 1.00823e-11 1.00823e-11
791.681 9.85811e-13 9.85811e-13
797.965 9.01025e-12 9.01025e-12
804.248 1.18168e-12 1.18168e-12
810.531 8.10519e-12 8.10519e-12
816.814 1.36336e-12 1.36336e-12
823.097 7.33723e-12 7.33723e-12
829.38 1.52758e-12 1.52758e-12
835.664 6.68227e-12 6.68227e-12
841.947 1.67285e-12 1.67285e-12
848.23 6.12085e-12 6.12085e-12
854.513 1.79886e-12 1.79886e-12
860.796 5.63719e-12 5.63719e-12
867.08 1.90613e-12 1.90613e-12
873.363 5.21842e-12 5.21842e-12
879.646 1.99568e-12 1.99568e-12
885.929 4.85404e-12 4.85404e-12
892.212 2.06882e-12 2.06882e-12
898.495 4.53542e-12 4.53542e-12
904.779 2.12699e-12 2.12699e-12
911.062 4.25548e-12 4.25548e-12
917.345 2.1717e-12 2.1717e-12
923.628 4.00832e-12 4.00832e-12
929.911 2.20445e-12 2.20445e-12
936.195 3.78909e-12 3.78909e-12
942.478 2.22663e-12 2.22663e-12
948.761 3.59372e-12 3.59372e-12
955.044 2.23959e-12 2.23959e-12
961.327 3.41881e-12 3.41881e-12
967.611 2.24454e-12 2.24454e-12
973.894 3.26152e-12 3.26152e-12
980.177 2.2426e-12 2.2426e-12
986.46 3.11945e-12 3.11945e-12
992.743 2.23477e-12 2.23477e-12
999.026 2.99058e-12 2.99058e-12
1005.31 2.22194e-12 2.22194e-12
1011.59 2.87319e-12 2.87319e-12
1017.88 2.2049e-12 2.2049e-12
1024.16 2.76582e-12 2.76582e-12
1030.44 2.18436e-12 2.18436e-12
1036.73 2.66723e-12 2.66723e-12
1043.01 2.16092e-12 2.16092e-12
1049.29 2.57636e-12 2.57636e-12
1055.58 2.13512e-12 2.13512e-12
1061.86 2.49231e-12 2.49231e-12
1068.14 2.10743e-12 2.10743e-12
1074.42 2.41427e-12 2.41427e-12
1080.71 2.07824e-12 2.07824e-12
1086.99 2.34159e-12 2.34159e-12
1093.27 2.0479e-12 2.0479e-12
1099.56 2.27367e-12 2.27367e-12
1105.84 2.01672e-12 2.01672e-12
1112.12 2.21002e-12 2.21002e-12
1118.41 1.98493e-12 1.98493e-12
1124.69 2.15019e-12 2.15019e-12
1130.97 1.95276e-12 1.95276e-12
1137.26 2.0938e-12 2.0938e-12
1143.54 1.9204e-12 1.9204e-12
1149.82 2.04052e-12 2.04052e-12
1156.11 1.88799e-12 1.88799e-12
1162.39 1.99005e-12 1.99005e-12
1168.67 1.85567e-12 1.85567e-12
1174.96 1.94214e-12 1.94214e-12
1181.24 1.82355e-12 1.82355e-12
1187.52 1.89657e-12 1.89657e-12
1193.81 1.79172e-12 1.79172e-12
1200.09 1.85313e-12 1.85313e-12
1206.37 1.76024e-12 1.76024e-12
1212.65 1.81164e-12 1.81164e-12
1218.94 1.72919e-12 1.72919e-12
1225.22 1.77197e-12 1.77197e-12
1231.5 1.6986e-12 1.6986e-12
1237.79 1.73395e-12 1.73395e-12
1244.07 1.66852e-12 1.66852e-12
1250.35 1.69748e-12 1.69748e-12
1256.64 1.63898e-12 1.63898e-12
1262.92 1.66244e-12 1.66244e-12
1269.2 1.60999e-12 1.60999e-12
1275.49 1.62873e-12 1.62873e-12
1281.77 1.58158e-12 1.58158e-12
1288.05 1.59626e-12 1.59626e-12
1294.34 1.55376e-12 1.55376e-12
1300.62 1.56496e-12 1.56496e-12
1306.9 1.52652e-12 1.52652e-12
1313.19 1.53475e-12 1.53475e-12
1319.47 1.49989e-12 1.49989e-12
1325.75 1.50557e-12 1.50557e-12
1332.04 1.47384e-12 1.47384e-12
1338.32 1.47735e-12 1.47735e-12
1344.6 1.44839e-12 1.44839e-12
1350.88 1.45005e-12 1.45005e-12
1357.17 1.42352e-12 1.42352e-12
1363.45 1.42361e-12 1.42361e-12
1369.73 1.39923e-12 1.39923e-12
1376.02 1.39799e-12 1.39799e-12
1382.3 1.37551e-12 1.37551e-12
1388.58 1.37315e-12 1.37315e-12
1394.87 1.35235e-12 1.35235e-12
1401.15 1.34905e-12 1.34905e-12
1407.43 1.32974e-12 1.32974e-12
1413.72 1.32566e-12 1.32566e-12
1420 1.30767e-12 1.30767e-12
1426.28 1.30293e-12 1.30293e-12
1432.57 1.28613e-12 1.28613e-12
1438.85 1.28085e-12 1.28085e-12
1445.13 1.2651e-12 1.2651e-12
1451.42 1.25938e-12 1.25938e-12
1457.7 1.24457e-12 1.24457e-12
1463.98 1.2385e-12 1.2385e-12
1470.27 1.22454e-12 1.22454e-12
1476.55 1.21819e-12 1.21819e-12
1482.83 1.20498e-12 1.20498e-12
1489.11 1.19841e-12 1.19841e-12
1495.4 1.18589e-12 1.18589e-12
1501.68 1.17915e-12 1.17915e-12
1507.96 1.16726e-12 1.16726e-12
1514.25 1.1604e-12 1.1604e-12
1520.53 1.14906e-12 1.14906e-12
1526.81 1.14212e-12 1.14212e-12
1533.1 1.1313e-12 1.1313e-12
1539.38 1.1243e-12 1.1243e-12
1545.66 1.11395e-12 1.11395e-12
1551.95 1.10693e-12 1.10693e-12
1558.23 1.09701e-12 1.09701e-12
1564.51 1.08999e-12 1.08999e-12
1570.8 1.08046e-12 1.08046e-12
1577.08 1.07347e-12 1.07347e-12
1583.36 1.06429e-12 1.06429e-12
1589.65 1.05734e-12 1.05734e-12
1595.93 1.0485e-12 1.0485e-12
1602.21 1.04161e-12 1.04161e-12
1608.5 1.03307e-12 1.03307e-12
1614.78 1.02624e-12 1.02624e-12
1621.06 1.01799e-12 1.01799e-12
1627.34 1.01124e-12 1.01124e-12
1633.63 1.00326e-12 1.00326e-12
1639.91 9.96584e-13 9.96584e-13
1646.19 9.88855e-13 9.88855e-13
1652.48 9.82268e-13 9.82268e-13
1658.76 9.74773e-13 9.74773e-13
1665.04 9.68281e-13 9.68281e-13
1671.33 9.61005e-13 9.61005e-13
1677.61 9.5461e-13 9.5461e-13
1683.89 9.47542e-13 9.47542e-13
1690.18 9.41248e-13 9.41248e-13
1696.46 9.34375e-13 9.34375e-13
1702.74 9.28183e-13 9.28183e-13
1709.03 9.21495e-13 9.21495e-13
1715.31 9.15408e-13 9.15408e-13
1721.59 9.08896e-13 9.08896e-13
1727.88 9.02913e-13 9.02913e-13
1734.16 8.96568e-13 8.96568e-13
1740.44 8.9069e-13 8.9069e-13
1746.73 8.84504e-13 8.84504e-13
1753.01 8.78732e-13 8.78732e-13
1759.29 8.72697e-13 8.72697e-13
1765.58 8.6703e-13 8.6703e-13
1771.86 8.6114e-13 8.6114e-13
1778.14 8.55577e-13 8.55577e-13
1784.42 8.49827e-13 8.49827e-13
1790.71 8.44366e-13 8.44366e-13
1796.99 8.38749e-13 8.38749e-13
1803.27 8.33391e-13 8.33391e-13
1809.56 8.27902e-13 8.27902e-13
1815.84 8.22644e-13 8.22644e-13
1822.12 8.17278e-13 8.17278e-13
1828.41 8.12119e-13 8.12119e-13
1834.69 8.06872e-13 8.06872e-13
1840.97 8.01811e-13 8.01811e-13
1847.26 7.96678e-13 7.96678e-13
1853.54 7.91713e-13 7.91713e-13
1859.82 7.86691e-13 7.86691e-13
1866.11 7.81819e-13 7.81819e-13
1872.39 7.76904e-13 7.76904e-13
1878.67 7.72125e-13 7.72125e-13
1884.96 7.67312e-13 7.67312e-13
1891.24 7.62624e-13 7.62624e-13
1897.52 7.57912e-13 7.57912e-13
1903.81 7.53312e-13 7.53312e-13
1910.09 7.48696e-13 7.48696e-13
1916.37 7.44183e-13 7.44183e-13
1922.65 7.39661e-13 7.39661e-13
1928.94 7.35234e-13 7.35234e-13
1935.22 7.30803e-13 7.30803e-13
1941.5 7.26458e-13 7.26458e-13
1947.79 7.22116e-13 7.22116e-13
1954.07 7.17853e-13 7.17853e-13
1960.35 7.13596e-13 7.13596e-13
1966.64 7.09413e-13 7.09413e-13
1972.92 7.05239e-13 7.05239e-13
1979.2 7.01134e-13 7.01134e-13
1985.49 6.97041e-13 6.97041e-13
1991.77 6.93012e-13 6.93012e-13
1998.05 6.88998e-13 6.88998e-13
2004.34 6.85043e-13 6.85043e-13
2010.62 6.81106e-13 6.81106e-13
2016.9 6.77224e-13 6.77224e-13
2023.19 6.73361e-13 6.73361e-13
2029.47 6.6955e-13 6.6955e-13
2035.75 6.6576e-13 6.6576e-13
2042.04 6.62019e-13 6.62019e-13
2048.32 6.58299e-13 6.58299e-13
2054.6 6.54626e-13 6.54626e-13
2060.88 6.50975e-13 6.50975e-13
2067.17 6.47369e-13 6.47369e-13
2073.45 6.43785e-13 6.43785e-13
2079.73 6.40243e-13 6.40243e-13
2086.02 6.36725e-13 6.36725e-13
2092.3 6.33247e-13 6.33247e-13
2098.58 6.29792e-13 6.29792e-13
2104.87 6.26376e-13 6.26376e-13
2111.15 6.22984e-13 6.22984e-13
2117.43 6.19628e-13 6.19628e-13
2123.72 6.16297e-13 6.16297e-13
2130 6.13001e-13 6.13001e-13
2136.28 6.09728e-13 6.09728e-13
2142.57 6.0649e-13 6.0649e-13
2148.85 6.03275e-13 6.03275e-13
2155.13 6.00094e-13 6.00094e-13
2161.42 5.96936e-13 5.96936e-13
2167.7 5.93809e-13 5.93809e-13
2173.98 5.90706e-13 5.90706e-13
2180.27 5.87634e-13 5.87634e-13
2186.55 5.84585e-13 5.84585e-13
2192.83 5.81565e-13 5.81565e-13
2199.11 5.78569e-13 5.78569e-13
2205.4 5.75601e-13 5.75601e-13
2211.68 5.72656e-13 5.72656e-13
2217.96 5.69739e-13 5.69739e-13
2224.25 5.66844e-13 5.66844e-13
2230.53 5.63976e-13 5.63976e-13
2236.81 5.61131e-13 5.61131e-13
2243.1 5.58311e-13 5.58311e-13
2249.38 5.55513e-13 5.55513e-13
2255.66 5.52741e-13 5.52741e-13
2261.95 5.4999e-13 5.4999e-13
2268.23 5.47264e-13 5.47264e-13
2274.51 5.4456e-13 5.4456e-13
2280.8 5.41879e-13 5.41879e-13
2287.08 5.39219e-13 5.39219e-13
2293.36 5.36582e-13 5.36582e-13
2299.65 5.33966e-13 5.33966e-13
2305.93 5.31373e-13 5.31373e-13
2312.21 5.288e-13 5.288e-13
2318.5 5.26249e-13 5.26249e-13
2324.78 5.23718e-13 5.23718e-13
2331.06 5.21209e-13 5.21209e-13
2337.34 5.18719e-13 5.18719e-13
2343.63 5.1625e-13 5.1625e-13
2349.91 5.13801e-13 5.13801e-13
2356.19 5.11372e-13 5.11372e-13
2362.48 5.08962e-13 5.08962e-13
2368.76 5.06572e-13 5.06572e-13
2375.04 5.042e-13 5.042e-13
2381.33 5.01848e-13 5.01848e-13
2387.61 4.99514e-13 4.99514e-13
2393.89 4.972e-13 4.972e-13
2400.18 4.94903e-13 4.94903e-13
2406.46 4.92625e-13 4.92625e-13
2412.74 4.90364e-13 4.90364e-13
2419.03 4.88122e-13 4.88122e-13
2425.31 4.85897e-13 4.85897e-13
2431.59 4.83689e-13 4.83689e-13
2437.88 4.81499e-13 4.81499e-13
2444.16 4.79326e-13 4.79326e-13
2450.44 4.7717e-13 4.7717e-13
2456.73 4.7503e-13 4.7503e-13
2463.01 4.72907e-13 4.72907e-13
2469.29 4.70801e-13 4.70801e-13
2475.58 4.68711e-13 4.68711e-13
2481.86 4.66637e-13 4.66637e-13
2488.14 4.64578e-13 4.64578e-13
2494.42 4.62536e-13 4.62536e-13
2500.71 4.60509e-13 4.60509e-13
2506.99 4.58498e-13 4.58498e-13
2513.27 4.56501e-13 4.56501e-13
2519.56 4.5452e-13 4.5452e-13
2525.84 4.52554e-13 4.52554e-13
2532.12 4.50603e-13 4.50603e-13
2538.41 4.48667e-13 4.48667e-13
2544.69 4.46745e-13 4.46745e-13
2550.97 4.44837e-13 4.44837e-13
2557.26 4.42944e-13 4.42944e-13
2563.54 4.41065e-13 4.41065e-13
2569.82 4.392e-13 4.392e-13
2576.11 4.37349e-13 4.37349e-13
2582.39 4.35511e-13 4.35511e-13
2588.67 4.33687e-13 4.33687e-13
2594.96 4.31877e-13 4.31877e-13
2601.24 4.3008e-13 4.3008e-13
2607.52 4.28296e-13 4.28296e-13
2613.81 4.26525e-13 4.26525e-13
2620.09 4.24767e-13 4.24767e-13
2626.37 4.23022e-13 4.23022e-13
2632.65 4.2129e-13 4.2129e-13
2638.94 4.1957e-13 4.1957e-13
2645.22 4.17863e-13 4.17863e-13
2651.5 4.16168e-13 4.16168e-13
2657.79 4.14485e-13 4.14485e-13
2664.07 4.12815e-13 4.12815e-13
2670.35 4.11156e-13 4.11156e-13
2676.64 4.09509e-13 4.09509e-13
2682.92 4.07875e-13 4.07875e-13
2689.2 4.06251e-13 4.06251e-13
2695.49 4.0464e-13 4.0464e-13
2701.77 4.0304e-13 4.0304e-13
2708.05 4.01451e-13 4.01451e-13
2714.34 3.99873e-13 3.99873e-13
2720.62 3.98307e-13 3.98307e-13
2726.9 3.96752e-13 3.96752e-13
2733.19 3.95207e-13 3.95207e-13
2739.47 3.93674e-13 3.93674e-13
2745.75 3.92151e-13 3.92151e-13
2752.04 3.90639e-13 3.90639e-13
2758.32 3.89137e-13 3.89137e-13
2764.6 3.87646e-13 3.87646e-13
2770.88 3.86165e-13 3.86165e-13
2777.17 3.84695e-13 3.84695e-13
2783.45 3.83234e-13 3.83234e-13
2789.73 3.81784e-13 3.81784e-13
2796.02 3.80344e-13 3.80344e-13
2802.3 3.78914e-13 3.78914e-13
2808.58 3.77493e-13 3.77493e-13
2814.87 3.76083e-13 3.76083e-13
2821.15 3.74682e-13 3.74682e-13
2827.43 3.7329e-13 3.7329e-13
2833.72 3.71908e-13 3.71908e-13
2840 3.70535e-13 3.70535e-13
2846.28 3.69172e-13 3.69172e-13
2852.57 3.67818e-13 3.67818e-13
2858.85 3.66473e-13 3.66473e-13
2865.13 3.65137e-13 3.65137e-13
2871.42 3.63811e-13 3.63811e-13
2877.7 3.62493e-13 3.62493e-13
2883.98 3.61184e-13 3.61184e-13
2890.27 3.59883e-13 3.59883e-13
2896.55 3.58592e-13 3.58592e-13
2902.83 3.57309e-13 3.57309e-13
2909.11 3.56034e-13 3.56034e-13
2915.4 3.54768e-13 3.54768e-13
2921.68 3.53511e-13 3.53511e-13
2927.96 3.52262e-13 3.52262e-13
2934.25 3.51021e-13 3.51021e-13
2940.53 3.49788e-13 3.49788e-13
2946.81 3.48563e-13 3.48563e-13
2953.1 3.47347e-13 3.47347e-13
2959.38 3.46138e-13 3.46138e-13
2965.66 3.44937e-13 3.44937e-13
2971.95 3.43744e-13 3.43744e-13
2978.23 3.42559e-13 3.42559e-13
2984.51 3.41382e-13 3.41382e-13
2990.8 3.40212e-13 3.40212e-13
2997.08 3.3905e-13 3.3905e-13
3003.36 3.37896e-13 3.37896e-13
3009.65 3.36749e-13 3.36749e-13
3015.93 3.35609e-13 3.35609e-13
3022.21 3.34477e-13 3.34477e-13
3028.5 3.33351e-13 3.33351e-13
3034.78 3.32234e-13 3.32234e-13
3041.06 3.31123e-13 3.31123e-13
3047.34 3.30019e-13 3.30019e-13
3053.63 3.28923e-13 3.28923e-13
3059.91 3.27833e-13 3.27833e-13
3066.19 3.26751e-13 3.26751e-13
3072.48 3.25675e-13 3.25675e-13
3078.76 3.24606e-13 3.24606e-13
3085.04 3.23544e-13 3.23544e-13
3091.33 3.22489e-13 3.22489e-13
3097.61 3.2144e-13 3.2144e-13
3103.89 3.20398e-13 3.20398e-13
3110.18 3.19363e-13 3.19363e-13
3116.46 3.18334e-13 3.18334e-13
3122.74 3.17311e-13 3.17311e-13
3129.03 3.16295e-13 3.16295e-13
3135.31 3.15285e-13 3.15285e-13
3141.59 3.14282e-13 3.14282e-13
3147.88 3.13285e-13 3.13285e-13
3154.16 3.12293e-13 3.12293e-13
3160.44 3.11309e-13 3.11309e-13
3166.73 3.1033e-13 3.1033e-13
3173.01 3.09357e-13 3.09357e-13
3179.29 3.08391e-13 3.08391e-13
3185.57 3.0743e-13 3.0743e-13
3191.86 3.06475e-13 3.06475e-13
3198.14 3.05526e-13 3.05526e-13
3204.42 3.04583e-13 3.04583e-13
3210.71 3.03646e-13 3.03646e-13
3216.99 3.02714e-13 3.02714e-13
3223.27 3.01788e-13 3.01788e-13
3229.56 3.00868e-13 3.00868e-13
3235.84 2.99954e-13 2.99954e-13
3242.12 2.99045e-13 2.99045e-13
3248.41 2.98141e-13 2.98141e-13
3254.69 2.97243e-13 2.97243e-13
3260.97 2.9635e-13 2.9635e-13
3267.26 2.95463e-13 2.95463e-13
3273.54 2.94582e-13 2.94582e-13
3279.82 2.93705e-13 2.93705e-13
3286.11 2.92834e-13 2.92834e-13
3292.39 2.91968e-13 2.91968e-13
3298.67 2.91107e-13 2.91107e-13
3304.96 2.90252e-13 2.90252e-13
3311.24 2.89401e-13 2.89401e-13
3317.52 2.88556e-13 2.88556e-13
3323.81 2.87715e-13 2.87715e-13
3330.09 2.8688e-13 2.8688e-13
3336.37 2.8605e-13 2.8605e-13
3342.65 2.85224e-13 2.85224e-13
3348.94 2.84404e-13 2.84404e-13
3355.22 2.83588e-13 2.83588e-13
3361.5 2.82778e-13 2.82778e-13
3367.79 2.81972e-13 2.81972e-13
3374.07 2.8117e-13 2.8117e-13
3380.35 2.80374e-13 2.80374e-13
3386.64 2.79582e-13 2.79582e-13
3392.92 2.78795e-13 2.78795e-13
3399.2 2.78012e-13 2.78012e-13
3405.49 2.77234e-13 2.77234e-13
3411.77 2.76461e-13 2.76461e-13
3418.05 2.75692e-13 2.75692e-13
3424.34 2.74928e-13 2.74928e-13
3430.62 2.74168e-13 2.74168e-13
3436.9 2.73413e-13 2.73413e-13
3443.19 2.72661e-13 2.72661e-13
3449.47 2.71915e-13 2.71915e-13
3455.75 2.71172e-13 2.71172e-13
3462.04 2.70434e-13 2.70434e-13
3468.32 2.69701e-13 2.69701e-13
3474.6 2.68971e-13 2.68971e-13
3480.88 2.68246e-13 2.68246e-13
3487.17 2.67525e-13 2.67525e-13
3493.45 2.66808e-13 2.66808e-13
3499.73 2.66095e-13 2.66095e-13
3506.02 2.65386e-13 2.65386e-13
3512.3 2.64682e-13 2.64682e-13
3518.58 2.63981e-13 2.63981e-13
3524.87 2.63284e-13 2.63284e-13
3531.15 2.62592e-13 2.62592e-13
3537.43 2.61903e-13 2.61903e-13
3543.72 2.61218e-13 2.61218e-13
3550 2.60538e-13 2.60538e-13
3556.28 2.59861e-13 2.59861e-13
3562.57 2.59188e-13 2.59188e-13
3568.85 2.58518e-13 2.58518e-13
3575.13 2.57853e-13 2.57853e-13
3581.42 2.57191e-13 2.57191e-13
3587.7 2.56533e-13 2.56533e-13
3593.98 2.55879e-13 2.55879e-13
3600.27 2.55229e-13 2.55229e-13
3606.55 2.54582e-13 2.54582e-13
3612.83 2.53939e-13 2.53939e-13
3619.11 2.53299e-13 2.53299e-13
3625.4 2.52663e-13 2.52663e-13
3631.68 2.52031e-13 2.52031e-13
3637.96 2.51402e-13 2.51402e-13
3644.25 2.50777e-13 2.50777e-13
3650.53 2.50155e-13 2.50155e-13
3656.81 2.49537e-13 2.49537e-13
3663.1 2.48922e-13 2.48922e-13
3669.38 2.4831e-13 2.4831e-13
3675.66 2.47702e-13 2.47702e-13
3681.95 2.47098e-13 2.47098e-13
3688.23 2.46496e-13 2.46496e-13
3694.51 2.45899e-13 2.45899e-13
3700.8 2.45304e-13 2.45304e-13
3707.08 2.44713e-13 2.44713e-13
3713.36 2.44125e-13 2.44125e-13
3719.65 2.4354e-13 2.4354e-13
3725.93 2.42959e-13 2.42959e-13
3732.21 2.4238e-13 2.4238e-13
3738.5 2.41805e-13 2.41805e-13
3744.78 2.41233e-13 2.41233e-13
3751.06 2.40665e-13 2.40665e-13
3757.34 2.40099e-13 2.40099e-13
3763.63 2.39537e-13 2.39537e-13
3769.91 2.38977e-13 2.38977e-13
3776.19 2.38421e-13 2.38421e-13
3782.48 2.37868e-13 2.37868e-13
3788.76 2.37318e-13 2.37318e-13
3795.04 2.3677e-13 2.3677e-13
3801.33 2.36226e-13 2.36226e-13
3807.61 2.35685e-13 2.35685e-13
3813.89 2.35147e-13 2.35147e-13
3820.18 2.34612e-13 2.34612e-13
3826.46 2.34079e-13 2.34079e-13
3832.74 2.3355e-13 2.3355e-13
3839.03 2.33023e-13 2.33023e-13
3845.31 2.325e-13 2.325e-13
3851.59 2.31979e-13 2.31979e-13
3857.88 2.31461e-13 2.31461e-13
3864.16 2.30945e-13 2.30945e-13
3870.44 2.30433e-13 2.30433e-13
3876.73 2.29924e-13 2.29924e-13
3883.01 2.29417e-13 2.29417e-13
3889.29 2.28913e-13 2.28913e-13
3895.57 2.28411e-13 2.28411e-13
3901.86 2.27913e-13 2.27913e-13
3908.14 2.27417e-13 2.27417e-13
3914.42 2.26923e-13 2.26923e-13
3920.71 2.26433e-13 2.26433e-13
3926.99 2.25945e-13 2.25945e-13
3933.27 2.2546e-13 2.2546e-13
3939.56 2.24977e-13 2.24977e-13
3945.84 2.24497e-13 2.24497e-13
3952.12 2.24019e-13 2.24019e-13
3958.41 2.23545e-13 2.23545e-13
3964.69 2.23072e-13 2.23072e-13
3970.97 2.22602e-13 2.22602e-13
3977.26 2.22135e-13 2.22135e-13
3983.54 2.2167e-13 2.2167e-13
3989.82 2.21208e-13 2.21208e-13
3996.11 2.20748e-13 2.20748e-13
4002.39 2.20291e-13 2.20291e-13
4008.67 2.19836e-13 2.19836e-13
4014.96 2.19384e-13 2.19384e-13
4021.24 2.18934e-13 2.18934e-13
4027.52 2.18486e-13 2.18486e-13
4033.8 2.18041e-13 2.18041e-13
4040.09 2.17598e-13 2.17598e-13
4046.37 2.17158e-13 2.17158e-13
4052.65 2.1672e-13 2.1672e-13
4058.94 2.16284e-13 2.16284e-13
4065.22 2.1585e-13 2.1585e-13
4071.5 2.15419e-13 2.15419e-13
4077.79 2.14991e-13 2.14991e-13
4084.07 2.14564e-13 2.14564e-13
4090.35 2.1414e-13 2.1414e-13
4096.64 2.13718e-13 2.13718e-13
4102.92 2.13298e-13 2.13298e-13
4109.2 2.12881e-13 2.12881e-13
4115.49 2.12465e-13 2.12465e-13
4121.77 2.12052e-13 2.12052e-13
4128.05 2.11641e-13 2.11641e-13
4134.34 2.11233e-13 2.11233e-13
4140.62 2.10826e-13 2.10826e-13
4146.9 2.10422e-13 2.10422e-13
4153.19 2.1002e-13 2.1002e-13
4159.47 2.0962e-13 2.0962e-13
4165.75 2.09222e-13 2.09222e-13
4172.04 2.08826e-13 2.08826e-13
4178.32 2.08432e-13 2.08432e-13
4184.6 2.0804e-13 2.0804e-13
4190.88 2.07651e-13 2.07651e-13
4197.17 2.07263e-13 2.07263e-13
4203.45 2.06878e-13 2.06878e-13
4209.73 2.06495e-13 2.06495e-13
4216.02 2.06113e-13 2.06113e-13
4222.3 2.05734e-13 2.05734e-13
4228.58 2.05357e-13 2.05357e-13
4234.87 2.04981e-13 2.04981e-13
4241.15 2.04608e-13 2.04608e-13
4247.43 2.04237e-13 2.04237e-13
4253.72 2.03867e-13 2.03867e-13
4260 2.035e-13 2.035e-13
4266.28 2.03134e-13 2.03134e-13
4272.57 2.02771e-13 2.02771e-13
4278.85 2.02409e-13 2.02409e-13
4285.13 2.0205e-13 2.0205e-13
4291.42 2.01692e-13 2.01692e-13
4297.7 2.01336e-13 2.01336e-13
4303.98 2.00982e-13 2.00982e-13
4310.27 2.0063e-13 2.0063e-13
4316.55 2.0028e-13 2.0028e-13
4322.83 1.99931e-13 1.99931e-13
4329.11 1.99585e-13 1.99585e-13
4335.4 1.9924e-13 1.9924e-13
4341.68 1.98897e-13 1.98897e-13
4347.96 1.98556e-13 1.98556e-13
4354.25 1.98217e-13 1.98217e-13
4360.53 1.97879e-13 1.97879e-13
4366.81 1.97544e-13 1.97544e-13
4373.1 1.9721e-13 1.9721e-13
4379.38 1.96878e-13 1.96878e-13
4385.66 1.96547e-13 1.96547e-13
4391.95 1.96219e-13 1.96219e-13
4398.23 1.95892e-13 1.95892e-13
4404.51 1.95567e-13 1.95567e-13
4410.8 1.95243e-13 1.95243e-13
4417.08 1.94922e-13 1.94922e-13
4423.36 1.94602e-13 1.94602e-13
4429.65 1.94283e-13 1.94283e-13
4435.93 1.93967e-13 1.93967e-13
4442.21 1.93652e-13 1.93652e-13
4448.5 1.93339e-13 1.93339e-13
4454.78 1.93027e-13 1.93027e-13
4461.06 1.92717e-13 1.92717e-13
4467.34 1.92409e-13 1.92409e-13
4473.63 1.92102e-13 1.92102e-13
4479.91 1.91798e-13 1.91798e-13
4486.19 1.91494e-13 1.91494e-13
4492.48 1.91192e-13 1.91192e-13
4498.76 1.90892e-13 1.90892e-13
4505.04 1.90594e-13 1.90594e-13
4511.33 1.90297e-13 1.90297e-13
4517.61 1.90002e-13 1.90002e-13
4523.89 1.89708e-13 1.89708e-13
4530.18 1.89416e-13 1.89416e-13
4536.46 1.89125e-13 1.89125e-13
4542.74 1.88836e-13 1.88836e-13
4549.03 1.88549e-13 1.88549e-13
4555.31 1.88263e-13 1.88263e-13
4561.59 1.87978e-13 1.87978e-13
4567.88 1.87695e-13 1.87695e-13
4574.16 1.87414e-13 1.87414e-13
4580.44 1.87134e-13 1.87134e-13
4586.73 1.86856e-13 1.86856e-13
4593.01 1.86579e-13 1.86579e-13
4599.29 1.86303e-13 1.86303e-13
4605.57 1.86029e-13 1.86029e-13
4611.86 1.85757e-13 1.85757e-13
4618.14 1.85486e-13 1.85486e-13
4624.42 1.85217e-13 1.85217e-13
4630.71 1.84949e-13 1.84949e-13
4636.99 1.84682e-13 1.84682e-13
4643.27 1.84417e-13 1.84417e-13
4649.56 1.84153e-13 1.84153e-13
4655.84 1.83891e-13 1.83891e-13
4662.12 1.8363e-13 1.8363e-13
4668.41 1.83371e-13 1.83371e-13
4674.69 1.83113e-13 1.83113e-13
4680.97 1.82856e-13 1.82856e-13
4687.26 1.82601e-13 1.82601e-13
4693.54 1.82347e-13 1.82347e-13
4699.82 1.82095e-13 1.82095e-13
4706.11 1.81843e-13 1.81843e-13
4712.39 1.81594e-13 1.81594e-13
4718.67 1.81345e-13 1.81345e-13
4724.96 1.81099e-13 1.81099e-13
4731.24 1.80853e-13 1.80853e-13
4737.52 1.80609e-13 1.80609e-13
4743.8 1.80366e-13 1.80366e-13
4750.09 1.80124e-13 1.80124e-13
4756.37 1.79884e-13 1.79884e-13
4762.65 1.79645e-13 1.79645e-13
4768.94 1.79407e-13 1.79407e-13
4775.22 1.79171e-13 1.79171e-13
4781.5 1.78936e-13 1.78936e-13
4787.79 1.78702e-13 1.78702e-13
4794.07 1.7847e-13 1.7847e-13
4800.35 1.78239e-13 1.78239e-13
4806.64 1.78009e-13 1.78009e-13
4812.92 1.77781e-13 1.77781e-13
4819.2 1.77553e-13 1.77553e-13
4825.49 1.77327e-13 1.77327e-13
4831.77 1.77103e-13 1.77103e-13
4838.05 1.76879e-13 1.76879e-13
4844.34 1.76657e-13 1.76657e-13
4850.62 1.76436e-13 1.76436e-13
4856.9 1.76216e-13 1.76216e-13
4863.19 1.75998e-13 1.75998e-13
4869.47 1.75781e-13 1.75781e-13
4875.75 1.75565e-13 1.75565e-13
4882.03 1.7535e-13 1.7535e-13
4888.32 1.75136e-13 1.75136e-13
4894.6 1.74924e-13 1.74924e-13
4900.88 1.74713e-13 1.74713e-13
4907.17 1.74503e-13 1.74503e-13
4913.45 1.74294e-13 1.74294e-13
4919.73 1.74087e-13 1.74087e-13
4926.02 1.7388e-13 1.7388e-13
4932.3 1.73675e-13 1.73675e-13
4938.58 1.73471e-13 1.73471e-13
4944.87 1.73268e-13 1.73268e-13
4951.15 1.73067e-13 1.73067e-13
4957.43 1.72866e-13 1.72866e-13
4963.72 1.72667e-13 1.72667e-13
4970 1.72469e-13 1.72469e-13
4976.28 1.72272e-13 1.72272e-13
4982.57 1.72076e-13 1.72076e-13
4988.85 1.71881e-13 1.71881e-13
4995.13 1.71687e-13 1.71687e-13
5001.42 1.71495e-13 1.71495e-13
5007.7 1.71304e-13 1.71304e-13
5013.98 1.71113e-13 1.71113e-13
5020.27 1.70924e-13 1.70924e-13
5026.55 1.70736e-13 1.70736e-13
5032.83 1.70549e-13 1.70549e-13
5039.11 1.70364e-13 1.70364e-13
5045.4 1.70179e-13 1.70179e-13
5051.68 1.69995e-13 1.69995e-13
5057.96 1.69813e-13 1.69813e-13
5064.25 1.69632e-13 1.69632e-13
5070.53 1.69451e-13 1.69451e-13
5076.81 1.69272e-13 1.69272e-13
5083.1 1.69094e-13 1.69094e-13
5089.38 1.68917e-13 1.68917e-13
5095.66 1.68741e-13 1.68741e-13
5101.95 1.68566e-13 1.68566e-13
5108.23 1.68392e-13 1.68392e-13
5114.51 1.68219e-13 1.68219e-13
5120.8 1.68048e-13 1.68048e-13
5127.08 1.67877e-13 1.67877e-13
5133.36 1.67707e-13 1.67707e-13
5139.65 1.67539e-13 1.67539e-13
5145.93 1.67371e-13 1.67371e-13
5152.21 1.67205e-13 1.67205e-13
5158.5 1.67039e-13 1.67039e-13
5164.78 1.66875e-13 1.66875e-13
5171.06 1.66712e-13 1.66712e-13
5177.34 1.66549e-13 1.66549e-13
5183.63 1.66388e-13 1.66388e-13
5189.91 1.66227e-13 1.66227e-13
5196.19 1.66068e-13 1.66068e-13
5202.48 1.6591e-13 1.6591e-13
5208.76 1.65752e-13 1.65752e-13
5215.04 1.65596e-13 1.65596e-13
5221.33 1.65441e-13 1.65441e-13
5227.61 1.65287e-13 1.65287e-13
5233.89 1.65133e-13 1.65133e-13
5240.18 1.64981e-13 1.64981e-13
5246.46 1.64829e-13 1.64829e-13
5252.74 1.64679e-13 1.64679e-13
5259.03 1.6453e-13 1.6453e-13
5265.31 1.64381e-13 1.64381e-13
5271.59 1.64234e-13 1.64234e-13
5277.88 1.64087e-13 1.64087e-13
5284.16 1.63942e-13 1.63942e-13
5290.44 1.63797e-13 1.63797e-13
5296.73 1.63654e-13 1.63654e-13
5303.01 1.63511e-13 1.63511e-13
5309.29 1.6337e-13 1.6337e-13
5315.57 1.63229e-13 1.63229e-13
5321.86 1.63089e-13 1.63089e-13
5328.14 1.6295e-13 1.6295e-13
5334.42 1.62812e-13 1.62812e-13
5340.71 1.62675e-13 1.62675e-13
5346.99 1.62539e-13 1.62539e-13
5353.27 1.62404e-13 1.62404e-13
5359.56 1.6227e-13 1.6227e-13
5365.84 1.62137e-13 1.62137e-13
5372.12 1.62005e-13 1.62005e-13
5378.41 1.61873e-13 1.61873e-13
5384.69 1.61743e-13 1.61743e-13
5390.97 1.61613e-13 1.61613e-13
5397.26 1.61485e-13 1.61485e-13
5403.54 1.61357e-13 1.61357e-13
5409.82 1.6123e-13 1.6123e-13
5416.11 1.61104e-13 1.61104e-13
5422.39 1.6098e-13 1.6098e-13
5428.67 1.60855e-13 1.60855e-13
5434.96 1.60732e-13 1.60732e-13
5441.24 1.6061e-13 1.6061e-13
5447.52 1.60489e-13 1.60489e-13
5453.8 1.60368e-13 1.60368e-13
5460.09 1.60249e-13 1.60249e-13
5466.37 1.6013e-13 1.6013e-13
5472.65 1.60012e-13 1.60012e-13
5478.94 1.59895e-13 1.59895e-13
5485.22 1.59779e-13 1.59779e-13
5491.5 1.59664e-13 1.59664e-13
5497.79 1.5955e-13 1.5955e-13
5504.07 1.59436e-13 1.59436e-13
5510.35 1.59324e-13 1.59324e-13
5516.64 1.59212e-13 1.59212e-13
5522.92 1.59101e-13 1.59101e-13
5529.2 1.58991e-13 1.58991e-13
5535.49 1.58882e-13 1.58882e-13
5541.77 1.58774e-13 1.58774e-13
5548.05 1.58666e-13 1.58666e-13
5554.34 1.5856e-13 1.5856e-13
5560.62 1.58454e-13 1.58454e-13
5566.9 1.58349e-13 1.58349e-13
5573.19 1.58245e-13 1.58245e-13
5579.47 1.58142e-13 1.58142e-13
5585.75 1.5804e-13 1.5804e-13
5592.03 1.57938e-13 1.57938e-13
5598.32 1.57838e-13 1.57838e-13
5604.6 1.57738e-13 1.57738e-13
5610.88 1.57639e-13 1.57639e-13
5617.17 1.57541e-13 1.57541e-13
5623.45 1.57444e-13 1.57444e-13
5629.73 1.57347e-13 1.57347e-13
5636.02 1.57252e-13 1.57252e-13
5642.3 1.57157e-13 1.57157e-13
5648.58 1.57063e-13 1.57063e-13
5654.87 1.5697e-13 1.5697e-13
5661.15 1.56878e-13 1.56878e-13
5667.43 1.56786e-13 1.56786e-13
5673.72 1.56695e-13 1.56695e-13
5680 1.56606e-13 1.56606e-13
5686.28 1.56517e-13 1.56517e-13
5692.57 1.56428e-13 1.56428e-13
5698.85 1.56341e-13 1.56341e-13
5705.13 1.56254e-13 1.56254e-13
5711.42 1.56168e-13 1.56168e-13
5717.7 1.56083e-13 1.56083e-13
5723.98 1.55999e-13 1.55999e-13
5730.27 1.55916e-13 1.55916e-13
5736.55 1.55833e-13 1.55833e-13
5742.83 1.55751e-13 1.55751e-13
5749.11 1.5567e-13 1.5567e-13
5755.4 1.5559e-13 1.5559e-13
5761.68 1.55511e-13 1.55511e-13
5767.96 1.55432e-13 1.55432e-13
5774.25 1.55354e-13 1.55354e-13
5780.53 1.55277e-13 1.55277e-13
5786.81 1.55201e-13 1.55201e-13
5793.1 1.55126e-13 1.55126e-13
5799.38 1.55051e-13 1.55051e-13
5805.66 1.54977e-13 1.54977e-13
5811.95 1.54904e-13 1.54904e-13
5818.23 1.54832e-13 1.54832e-13
5824.51 1.5476e-13 1.5476e-13
5830.8 1.54689e-13 1.54689e-13
5837.08 1.54619e-13 1.54619e-13
5843.36 1.5455e-13 1.5455e-13
5849.65 1.54481e-13 1.54481e-13
5855.93 1.54414e-13 1.54414e-13
5862.21 1.54347e-13 1.54347e-13
5868.5 1.54281e-13 1.54281e-13
5874.78 1.54215e-13 1.54215e-13
5881.06 1.54151e-13 1.54151e-13
5887.34 1.54087e-13 1.54087e-13
5893.63 1.54024e-13 1.54024e-13
5899.91 1.53961e-13 1.53961e-13
5906.19 1.539e-13 1.539e-13
5912.48 1.53839e-13 1.53839e-13
5918.76 1.53779e-13 1.53779e-13
5925.04 1.5372e-13 1.5372e-13
5931.33 1.53661e-13 1.53661e-13
5937.61 1.53603e-13 1.53603e-13
5943.89 1.53546e-13 1.53546e-13
5950.18 1.5349e-13 1.5349e-13
5956.46 1.53435e-13 1.53435e-13
5962.74 1.5338e-13 1.5338e-13
5969.03 1.53326e-13 1.53326e-13
5975.31 1.53273e-13 1.53273e-13
5981.59 1.5322e-13 1.5322e-13
5987.88 1.53168e-13 1.53168e-13
5994.16 1.53117e-13 1.53117e-13
6000.44 1.53067e-13 1.53067e-13
6006.73 1.53018e-13 1.53018e-13
6013.01 1.52969e-13 1.52969e-13
6019.29 1.52921e-13 1.52921e-13
6025.57 1.52874e-13 1.52874e-13
6031.86 1.52827e-13 1.52827e-13
6038.14 1.52781e-13 1.52781e-13
6044.42 1.52736e-13 1.52736e-13
6050.71 1.52692e-13 1.52692e-13
6056.99 1.52648e-13 1.52648e-13
6063.27 1.52605e-13 1.52605e-13
6069.56 1.52563e-13 1.52563e-13
6075.84 1.52522e-13 1.52522e-13
6082.12 1.52481e-13 1.52481e-13
6088.41 1.52441e-13 1.52441e-13
6094.69 1.52402e-13 1.52402e-13
6100.97 1.52364e-13 1.52364e-13
6107.26 1.52326e-13 1.52326e-13
6113.54 1.52289e-13 1.52289e-13
6119.82 1.52253e-13 1.52253e-13
6126.11 1.52217e-13 1.52217e-13
6132.39 1.52182e-13 1.52182e-13
6138.67 1.52148e-13 1.52148e-13
6144.96 1.52115e-13 1.52115e-13
6151.24 1.52082e-13 1.52082e-13
6157.52 1.5205e-13 1.5205e-13
6163.8 1.52019e-13 1.52019e-13
6170.09 1.51989e-13 1.51989e-13
6176.37 1.51959e-13 1.51959e-13
6182.65 1.5193e-13 1.5193e-13
6188.94 1.51902e-13 1.51902e-13
6195.22 1.51874e-13 1.51874e-13
6201.5 1.51847e-13 1.51847e-13
6207.79 1.51821e-13 1.51821e-13
6214.07 1.51796e-13 1.51796e-13
6220.35 1.51771e-13 1.51771e-13
6226.64 1.51747e-13 1.51747e-13
6232.92 1.51724e-13 1.51724e-13
6239.2 1.51702e-13 1.51702e-13
6245.49 1.5168e-13 1.5168e-13
6251.77 1.51659e-13 1.51659e-13
6258.05 1.51638e-13 1.51638e-13
6264.34 1.51619e-13 1.51619e-13
6270.62 1.516e-13 1.516e-13
6276.9 1.51582e-13 1.51582e-13
6283.19 1.51564e-13 1.51564e-13
6289.47 1.51547e-13 1.51547e-13
6295.75 1.51531e-13 1.51531e-13
6302.03 1.51516e-13 1.51516e-13
6308.32 1.51501e-13 1.51501e-13
6314.6 1.51487e-13 1.51487e-13
6320.88 1.51474e-13 1.51474e-13
6327.17 1.51462e-13 1.51462e-13
6333.45 1.5145e-13 1.5145e-13
6339.73 1.51439e-13 1.51439e-13
6346.02 1.51429e-13 1.51429e-13
6352.3 1.51419e-13 1.51419e-13
6358.58 1.5141e-13 1.5141e-13
6364.87 1.51402e-13 1.51402e-13
6371.15 1.51394e-13 1.51394e-13
6377.43 1.51388e-13 1.51388e-13
6383.72 1.51382e-13 1.51382e-13
6390 1.51376e-13 1.51376e-13
6396.28 1.51372e-13 1.51372e-13
6402.57 1.51368e-13 1.51368e-13
6408.85 1.51364e-13 1.51364e-13
6415.13 1.51362e-13 1.51362e-13
6421.42 1.5136e-13 1.5136e-13
6427.7 1.51359e-13 1.51359e-13
6433.98 1.51359e-13 1.51359e-13
