0 9.97691e-15 9.97691e-15
6.28319 0.0178295 0.0178295
12.5664 0.00443772 0.00443772
18.8496 0.00197172 0.00197172
25.1327 0.00110683 0.00110683
31.4159 0.000708995 0.000708995
37.6991 0.000491071 0.000491071
43.9823 0.000361146 0.000361146
50.2655 0.000275683 0.000275683
56.5487 0.000217999 0.000217999
62.8319 0.000176009 0.000176009
69.115 0.000145543 0.000145543
75.3982 0.000121869 0.000121869
81.6814 0.000103872 0.000103872
87.9646 8.92268e-05 8.92268e-05
94.2478 7.77297e-05 7.77297e-05
100.531 6.80423e-05 6.80423e-05
106.814 6.02597e-05 6.02597e-05
113.097 5.35198e-05 5.35198e-05
119.381 4.80116e-05 4.80116e-05
125.664 4.31332e-05 4.31332e-05
131.947 3.90945e-05 3.90945e-05
138.23 3.54496e-05 3.54496e-05
144.513 3.24021e-05 3.24021e-05
150.796 2.9607e-05 2.9607e-05
157.08 2.7252e-05 2.7252e-05
163.363 2.50613e-05 2.50613e-05
169.646 2.32046e-05 2.32046e-05
175.929 2.14557e-05 2.14557e-05
182.212 1.99666e-05 1.99666e-05
188.496 1.85481e-05 1.85481e-05
194.779 1.73362e-05 1.73362e-05
201.062 1.61698e-05 1.61698e-05
207.345 1.51706e-05 1.51706e-05
213.628 1.41999e-05 1.41999e-05
219.911 1.33668e-05 1.33668e-05
226.195 1.25504e-05 1.25504e-05
232.478 1.18488e-05 1.18488e-05
238.761 1.11557e-05 1.11557e-05
245.044 1.05595e-05 1.05595e-05
251.327 9.96607e-06 9.96607e-06
257.611 9.45545e-06 9.45545e-06
263.894 8.94355e-06 8.94355e-06
270.177 8.50304e-06 8.50304e-06
276.46 8.05846e-06 8.05846e-06
282.743 7.67597e-06 7.67597e-06
289.027 7.28747e-06 7.28747e-06
295.31 6.95339e-06 6.95339e-06
301.593 6.612e-06 6.612e-06
307.876 6.31862e-06 6.31862e-06
314.159 6.01709e-06 6.01709e-06
320.442 5.75819e-06 5.75819e-06
326.726 5.49063e-06 5.49063e-06
333.009 5.26113e-06 5.26113e-06
339.292 5.02268e-06 5.02268e-06
345.575 4.8184e-06 4.8184e-06
351.858 4.60506e-06 4.60506e-06
358.142 4.42253e-06 4.42253e-06
364.425 4.23096e-06 4.23096e-06
370.708 4.06729e-06 4.06729e-06
376.991 3.8947e-06 3.8947e-06
383.274 3.74746e-06 3.74746e-06
389.557 3.59147e-06 3.59147e-06
395.841 3.45862e-06 3.45862e-06
402.124 3.31724e-06 3.31724e-06
408.407 3.19704e-06 3.19704e-06
414.69 3.06855e-06 3.06855e-06
420.973 2.9595e-06 2.9595e-06
427.257 2.84245e-06 2.84245e-06
433.54 2.74328e-06 2.74328e-06
439.823 2.63639e-06 2.63639e-06
446.106 2.54601e-06 2.54601e-06
452.389 2.44818e-06 2.44818e-06
458.673 2.36564e-06 2.36564e-06
464.956 2.27594e-06 2.27594e-06
471.239 2.20039e-06 2.20039e-06
477.522 2.11799e-06 2.11799e-06
483.805 2.04873e-06 2.04873e-06
490.088 1.97289e-06 1.97289e-06
496.372 1.90929e-06 1.90929e-06
502.655 1.83937e-06 1.83937e-06
508.938 1.78087e-06 1.78087e-06
515.221 1.71632e-06 1.71632e-06
521.504 1.66243e-06 1.66243e-06
527.788 1.60275e-06 1.60275e-06
534.071 1.55303e-06 1.55303e-06
540.354 1.49777e-06 1.49777e-06
546.637 1.45185e-06 1.45185e-06
552.92 1.40063e-06 1.40063e-06
559.203 1.35816e-06 1.35816e-06
565.487 1.31061e-06 1.31061e-06
571.77 1.27129e-06 1.27129e-06
578.053 1.22711e-06 1.22711e-06
584.336 1.19066e-06 1.19066e-06
590.619 1.14957e-06 1.14957e-06
596.903 1.11575e-06 1.11575e-06
603.186 1.07749e-06 1.07749e-06
609.469 1.04608e-06 1.04608e-06
615.752 1.01043e-06 1.01043e-06
622.035 9.81229e-07 9.81229e-07
628.319 9.47968e-07 9.47968e-07
634.602 9.20806e-07 9.20806e-07
640.885 8.89755e-07 8.89755e-07
647.168 8.64464e-07 8.64464e-07
653.451 8.35454e-07 8.35454e-07
659.734 8.11889e-07 8.11889e-07
666.018 7.84765e-07 7.84765e-07
672.301 7.62793e-07 7.62793e-07
678.584 7.37414e-07 7.37414e-07
684.867 7.16915e-07 7.16915e-07
691.15 6.93153e-07 6.93153e-07
697.434 6.74016e-07 6.74016e-07
703.717 6.51755e-07 6.51755e-07
710 6.33879e-07 6.33879e-07
716.283 6.13011e-07 6.13011e-07
722.566 5.96304e-07 5.96304e-07
728.849 5.76731e-07 5.76731e-07
735.133 5.61109e-07 5.61109e-07
741.416 5.42742e-07 5.42742e-07
747.699 5.28127e-07 5.28127e-07
753.982 5.10882e-07 5.10882e-07
760.265 4.97203e-07 4.97203e-07
766.549 4.81005e-07 4.81005e-07
772.832 4.68197e-07 4.68197e-07
779.115 4.52974e-07 4.52974e-07
785.398 4.40978e-07 4.40978e-07
791.681 4.26666e-07 4.26666e-07
797.965 4.15425e-07 4.15425e-07
804.248 4.01964e-07 4.01964e-07
810.531 3.91428e-07 3.91428e-07
816.814 3.78763e-07 3.78763e-07
823.097 3.68884e-07 3.68884e-07
829.38 3.56963e-07 3.56963e-07
835.664 3.47697e-07 3.47697e-07
841.947 3.36472e-07 3.36472e-07
848.23 3.27779e-07 3.27779e-07
854.513 3.17207e-07 3.17207e-07
860.796 3.0905e-07 3.0905e-07
867.08 2.99089e-07 2.99089e-07
873.363 2.91433e-07 2.91433e-07
879.646 2.82045e-07 2.82045e-07
885.929 2.74857e-07 2.74857e-07
892.212 2.66007e-07 2.66007e-07
898.495 2.59257e-07 2.59257e-07
904.779 2.50912e-07 2.50912e-07
911.062 2.44572e-07 2.44572e-07
917.345 2.367e-07 2.367e-07
923.628 2.30745e-07 2.30745e-07
929.911 2.23319e-07 2.23319e-07
936.195 2.17724e-07 2.17724e-07
942.478 2.10716e-07 2.10716e-07
948.761 2.05458e-07 2.05458e-07
955.044 1.98844e-07 1.98844e-07
961.327 1.93903e-07 1.93903e-07
967.611 1.87658e-07 1.87658e-07
973.894 1.83014e-07 1.83014e-07
980.177 1.77117e-07 1.77117e-07
986.46 1.72751e-07 1.72751e-07
992.743 1.67182e-07 1.67182e-07
999.026 1.63078e-07 1.63078e-07
1005.31 1.57816e-07 1.57816e-07
1011.59 1.53958e-07 1.53958e-07
1017.88 1.48987e-07 1.48987e-07
1024.16 1.45359e-07 1.45359e-07
1030.44 1.40661e-07 1.40661e-07
1036.73 1.3725e-07 1.3725e-07
1043.01 1.3281e-07 1.3281e-07
1049.29 1.29602e-07 1.29602e-07
1055.58 1.25405e-07 1.25405e-07
1061.86 1.22388e-07 1.22388e-07
1068.14 1.1842e-07 1.1842e-07
1074.42 1.15582e-07 1.15582e-07
1080.71 1.1183e-07 1.1183e-07
1086.99 1.09161e-07 1.09161e-07
1093.27 1.05613e-07 1.05613e-07
1099.56 1.03103e-07 1.03103e-07
1105.84 9.97459e-08 9.97459e-08
1112.12 9.73851e-08 9.73851e-08
1118.41 9.42098e-08 9.42098e-08
1124.69 9.19893e-08 9.19893e-08
1130.97 8.8985e-08 8.8985e-08
1137.26 8.68965e-08 8.68965e-08
1143.54 8.40537e-08 8.40537e-08
1149.82 8.20892e-08 8.20892e-08
1156.11 7.93989e-08 7.93989e-08
1162.39 7.75512e-08 7.75512e-08
1168.67 7.50048e-08 7.50048e-08
1174.96 7.3267e-08 7.3267e-08
1181.24 7.08566e-08 7.08566e-08
1187.52 6.92221e-08 6.92221e-08
1193.81 6.69401e-08 6.69401e-08
1200.09 6.54029e-08 6.54029e-08
1206.37 6.32423e-08 6.32423e-08
1212.65 6.17966e-08 6.17966e-08
1218.94 5.97506e-08 5.97506e-08
1225.22 5.83911e-08 5.83911e-08
1231.5 5.64534e-08 5.64534e-08
1237.79 5.5175e-08 5.5175e-08
1244.07 5.33397e-08 5.33397e-08
1250.35 5.21376e-08 5.21376e-08
1256.64 5.03992e-08 5.03992e-08
1262.92 4.92688e-08 4.92688e-08
1269.2 4.7622e-08 4.7622e-08
1275.49 4.65592e-08 4.65592e-08
1281.77 4.49989e-08 4.49989e-08
1288.05 4.39997e-08 4.39997e-08
1294.34 4.25213e-08 4.25213e-08
1300.62 4.1582e-08 4.1582e-08
1306.9 4.0181e-08 4.0181e-08
1313.19 3.92981e-08 3.92981e-08
1319.47 3.79704e-08 3.79704e-08
1325.75 3.71406e-08 3.71406e-08
1332.04 3.58821e-08 3.58821e-08
1338.32 3.51022e-08 3.51022e-08
1344.6 3.39093e-08 3.39093e-08
1350.88 3.31765e-08 3.31765e-08
1357.17 3.20456e-08 3.20456e-08
1363.45 3.1357e-08 3.1357e-08
1369.73 3.02848e-08 3.02848e-08
1376.02 2.96379e-08 2.96379e-08
1382.3 2.86213e-08 2.86213e-08
1388.58 2.80136e-08 2.80136e-08
1394.87 2.70496e-08 2.70496e-08
1401.15 2.64788e-08 2.64788e-08
1407.43 2.55645e-08 2.55645e-08
1413.72 2.50285e-08 2.50285e-08
1420 2.41614e-08 2.41614e-08
1426.28 2.36581e-08 2.36581e-08
1432.57 2.28356e-08 2.28356e-08
1438.85 2.2363e-08 2.2363e-08
1445.13 2.15828e-08 2.15828e-08
1451.42 2.11392e-08 2.11392e-08
1457.7 2.0399e-08 2.0399e-08
1463.98 1.99827e-08 1.99827e-08
1470.27 1.92804e-08 1.92804e-08
1476.55 1.88897e-08 1.88897e-08
1482.83 1.82233e-08 1.82233e-08
1489.11 1.78568e-08 1.78568e-08
1495.4 1.72243e-08 1.72243e-08
1501.68 1.68806e-08 1.68806e-08
1507.96 1.62803e-08 1.62803e-08
1514.25 1.5958e-08 1.5958e-08
1520.53 1.53882e-08 1.53882e-08
1526.81 1.5086e-08 1.5086e-08
1533.1 1.45451e-08 1.45451e-08
1539.38 1.42618e-08 1.42618e-08
1545.66 1.37484e-08 1.37484e-08
1551.95 1.34828e-08 1.34828e-08
1558.23 1.29954e-08 1.29954e-08
1564.51 1.27465e-08 1.27465e-08
1570.8 1.22837e-08 1.22837e-08
1577.08 1.20506e-08 1.20506e-08
1583.36 1.16111e-08 1.16111e-08
1589.65 1.13928e-08 1.13928e-08
1595.93 1.09754e-08 1.09754e-08
1602.21 1.07711e-08 1.07711e-08
1608.5 1.03746e-08 1.03746e-08
1614.78 1.01833e-08 1.01833e-08
1621.06 9.80674e-09 9.80674e-09
1627.34 9.6278e-09 9.6278e-09
1633.63 9.27003e-09 9.27003e-09
1639.91 9.10265e-09 9.10265e-09
1646.19 8.76274e-09 8.76274e-09
1652.48 8.60624e-09 8.60624e-09
1658.76 8.28327e-09 8.28327e-09
1665.04 8.13699e-09 8.13699e-09
1671.33 7.83008e-09 7.83008e-09
1677.61 7.6934e-09 7.6934e-09
1683.89 7.40172e-09 7.40172e-09
1690.18 7.27406e-09 7.27406e-09
1696.46 6.99684e-09 6.99684e-09
1702.74 6.87765e-09 6.87765e-09
1709.03 6.61413e-09 6.61413e-09
1715.31 6.5029e-09 6.5029e-09
1721.59 6.25239e-09 6.25239e-09
1727.88 6.14863e-09 6.14863e-09
1734.16 5.91046e-09 5.91046e-09
1740.44 5.81371e-09 5.81371e-09
1746.73 5.58725e-09 5.58725e-09
1753.01 5.49709e-09 5.49709e-09
1759.29 5.28174e-09 5.28174e-09
1765.58 5.19776e-09 5.19776e-09
1771.86 4.99295e-09 4.99295e-09
1778.14 4.91477e-09 4.91477e-09
1784.42 4.71997e-09 4.71997e-09
1790.71 4.64723e-09 4.64723e-09
1796.99 4.46193e-09 4.46193e-09
1803.27 4.39429e-09 4.39429e-09
1809.56 4.21801e-09 4.21801e-09
1815.84 4.15516e-09 4.15516e-09
1822.12 3.98743e-09 3.98743e-09
1828.41 3.92907e-09 3.92907e-09
1834.69 3.76947e-09 3.76947e-09
1840.97 3.71532e-09 3.71532e-09
1847.26 3.56344e-09 3.56344e-09
1853.54 3.51323e-09 3.51323e-09
1859.82 3.36867e-09 3.36867e-09
1866.11 3.32216e-09 3.32216e-09
1872.39 3.18456e-09 3.18456e-09
1878.67 3.1415e-09 3.1415e-09
1884.96 3.01052e-09 3.01052e-09
1891.24 2.9707e-09 2.9707e-09
1897.52 2.84599e-09 2.84599e-09
1903.81 2.8092e-09 2.8092e-09
1910.09 2.69046e-09 2.69046e-09
1916.37 2.65651e-09 2.65651e-09
1922.65 2.54343e-09 2.54343e-09
1928.94 2.51214e-09 2.51214e-09
1935.22 2.40445e-09 2.40445e-09
1941.5 2.37564e-09 2.37564e-09
1947.79 2.27306e-09 2.27306e-09
1954.07 2.24657e-09 2.24657e-09
1960.35 2.14885e-09 2.14885e-09
1966.64 2.12453e-09 2.12453e-09
1972.92 2.03143e-09 2.03143e-09
1979.2 2.00914e-09 2.00914e-09
1985.49 1.92043e-09 1.92043e-09
1991.77 1.90003e-09 1.90003e-09
1998.05 1.81549e-09 1.81549e-09
2004.34 1.79686e-09 1.79686e-09
2010.62 1.71629e-09 1.71629e-09
2016.9 1.69931e-09 1.69931e-09
2023.19 1.62251e-09 1.62251e-09
2029.47 1.60706e-09 1.60706e-09
2035.75 1.53386e-09 1.53386e-09
2042.04 1.51984e-09 1.51984e-09
2048.32 1.45005e-09 1.45005e-09
2054.6 1.43737e-09 1.43737e-09
2060.88 1.37082e-09 1.37082e-09
2067.17 1.35938e-09 1.35938e-09
2073.45 1.29592e-09 1.29592e-09
2079.73 1.28563e-09 1.28563e-09
2086.02 1.22511e-09 1.22511e-09
2092.3 1.2159e-09 1.2159e-09
2098.58 1.15816e-09 1.15816e-09
2104.87 1.14995e-09 1.14995e-09
2111.15 1.09488e-09 1.09488e-09
2117.43 1.0876e-09 1.0876e-09
2123.72 1.03505e-09 1.03505e-09
2130 1.02863e-09 1.02863e-09
2136.28 9.78493e-10 9.78493e-10
2142.57 9.72872e-10 9.72872e-10
2148.85 9.25023e-10 9.25023e-10
2155.13 9.20143e-10 9.20143e-10
2161.42 8.74473e-10 8.74473e-10
2167.7 8.70279e-10 8.70279e-10
2173.98 8.26685e-10 8.26685e-10
2180.27 8.23126e-10 8.23126e-10
2186.55 7.81507e-10 7.81507e-10
2192.83 7.78534e-10 7.78534e-10
2199.11 7.38797e-10 7.38797e-10
2205.4 7.36364e-10 7.36364e-10
2211.68 6.98419e-10 6.98419e-10
2217.96 6.96486e-10 6.96486e-10
2224.25 6.60247e-10 6.60247e-10
2230.53 6.58773e-10 6.58773e-10
2236.81 6.2416e-10 6.2416e-10
2243.1 6.23108e-10 6.23108e-10
2249.38 5.90043e-10 5.90043e-10
2255.66 5.8938e-10 5.8938e-10
2261.95 5.5779e-10 5.5779e-10
2268.23 5.57482e-10 5.57482e-10
2274.51 5.27298e-10 5.27298e-10
2280.8 5.27317e-10 5.27317e-10
2287.08 4.98472e-10 4.98472e-10
2293.36 4.98788e-10 4.98788e-10
2299.65 4.7122e-10 4.7122e-10
2305.93 4.71808e-10 4.71808e-10
2312.21 4.45456e-10 4.45456e-10
2318.5 4.46291e-10 4.46291e-10
2324.78 4.21099e-10 4.21099e-10
2331.06 4.22159e-10 4.22159e-10
2337.34 3.98073e-10 3.98073e-10
2343.63 3.99336e-10 3.99336e-10
2349.91 3.76304e-10 3.76304e-10
2356.19 3.77751e-10 3.77751e-10
2362.48 3.55724e-10 3.55724e-10
2368.76 3.57336e-10 3.57336e-10
2375.04 3.36268e-10 3.36268e-10
2381.33 3.38029e-10 3.38029e-10
2387.61 3.17875e-10 3.17875e-10
2393.89 3.19767e-10 3.19767e-10
2400.18 3.00487e-10 3.00487e-10
2406.46 3.02496e-10 3.02496e-10
2412.74 2.84048e-10 2.84048e-10
2419.03 2.86161e-10 2.86161e-10
2425.31 2.68507e-10 2.68507e-10
2431.59 2.70711e-10 2.70711e-10
2437.88 2.53815e-10 2.53815e-10
2444.16 2.56098e-10 2.56098e-10
2450.44 2.39926e-10 2.39926e-10
2456.73 2.42277e-10 2.42277e-10
2463.01 2.26795e-10 2.26795e-10
2469.29 2.29204e-10 2.29204e-10
2475.58 2.14382e-10 2.14382e-10
2481.86 2.1684e-10 2.1684e-10
2488.14 2.02646e-10 2.02646e-10
2494.42 2.05145e-10 2.05145e-10
2500.71 1.91552e-10 1.91552e-10
2506.99 1.94083e-10 1.94083e-10
2513.27 1.81064e-10 1.81064e-10
2519.56 1.83619e-10 1.83619e-10
2525.84 1.71149e-10 1.71149e-10
2532.12 1.73722e-10 1.73722e-10
2538.41 1.61776e-10 1.61776e-10
2544.69 1.64361e-10 1.64361e-10
2550.97 1.52915e-10 1.52915e-10
2557.26 1.55506e-10 1.55506e-10
2563.54 1.44538e-10 1.44538e-10
2569.82 1.4713e-10 1.4713e-10
2576.11 1.36619e-10 1.36619e-10
2582.39 1.39208e-10 1.39208e-10
2588.67 1.29133e-10 1.29133e-10
2594.96 1.31713e-10 1.31713e-10
2601.24 1.22056e-10 1.22056e-10
2607.52 1.24624e-10 1.24624e-10
2613.81 1.15366e-10 1.15366e-10
2620.09 1.17918e-10 1.17918e-10
2626.37 1.09041e-10 1.09041e-10
2632.65 1.11574e-10 1.11574e-10
2638.94 1.03063e-10 1.03063e-10
2645.22 1.05574e-10 1.05574e-10
2651.5 9.74107e-11 9.74107e-11
2657.79 9.98973e-11 9.98973e-11
2664.07 9.20678e-11 9.20678e-11
2670.35 9.45275e-11 9.45275e-11
2676.64 8.70171e-11 8.70171e-11
2682.92 8.94476e-11 8.94476e-11
2689.2 8.22426e-11 8.22426e-11
2695.49 8.46421e-11 8.46421e-11
2701.77 7.77292e-11 7.77292e-11
2708.05 8.00961e-11 8.00961e-11
2714.34 7.34626e-11 7.34626e-11
2720.62 7.57954e-11 7.57954e-11
2726.9 6.94295e-11 6.94295e-11
2733.19 7.17268e-11 7.17268e-11
2739.47 6.5617e-11 6.5617e-11
2745.75 6.78778e-11 6.78778e-11
2752.04 6.20131e-11 6.20131e-11
2758.32 6.42364e-11 6.42364e-11
2764.6 5.86064e-11 5.86064e-11
2770.88 6.07914e-11 6.07914e-11
2777.17 5.53861e-11 5.53861e-11
2783.45 5.75322e-11 5.75322e-11
2789.73 5.23421e-11 5.23421e-11
2796.02 5.44487e-11 5.44487e-11
2802.3 4.94647e-11 4.94647e-11
2808.58 5.15314e-11 5.15314e-11
2814.87 4.67448e-11 4.67448e-11
2821.15 4.87713e-11 4.87713e-11
2827.43 4.41738e-11 4.41738e-11
2833.72 4.61599e-11 4.61599e-11
2840 4.17437e-11 4.17437e-11
2846.28 4.36892e-11 4.36892e-11
2852.57 3.94466e-11 3.94466e-11
2858.85 4.13516e-11 4.13516e-11
2865.13 3.72754e-11 3.72754e-11
2871.42 3.91398e-11 3.91398e-11
2877.7 3.52231e-11 3.52231e-11
2883.98 3.70471e-11 3.70471e-11
2890.27 3.32832e-11 3.32832e-11
2896.55 3.5067e-11 3.5067e-11
2902.83 3.14497e-11 3.14497e-11
2909.11 3.31934e-11 3.31934e-11
2915.4 2.97166e-11 2.97166e-11
2921.68 3.14206e-11 3.14206e-11
2927.96 2.80786e-11 2.80786e-11
2934.25 2.97432e-11 2.97432e-11
2940.53 2.65304e-11 2.65304e-11
2946.81 2.81559e-11 2.81559e-11
2953.1 2.50671e-11 2.50671e-11
2959.38 2.6654e-11 2.6654e-11
2965.66 2.3684e-11 2.3684e-11
2971.95 2.52328e-11 2.52328e-11
2978.23 2.23769e-11 2.23769e-11
2984.51 2.38879e-11 2.38879e-11
2990.8 2.11414e-11 2.11414e-11
2997.08 2.26152e-11 2.26152e-11
3003.36 1.99738e-11 1.99738e-11
3009.65 2.14109e-11 2.14109e-11
3015.93 1.88702e-11 1.88702e-11
3022.21 2.02713e-11 2.02713e-11
3028.5 1.78273e-11 1.78273e-11
3034.78 1.91928e-11 1.91928e-11
3041.06 1.68416e-11 1.68416e-11
3047.34 1.81721e-11 1.81721e-11
3053.63 1.59101e-11 1.59101e-11
3059.91 1.72062e-11 1.72062e-11
3066.19 1.50297e-11 1.50297e-11
3072.48 1.62921e-11 1.62921e-11
3078.76 1.41978e-11 1.41978e-11
3085.04 1.54269e-11 1.54269e-11
3091.33 1.34116e-11 1.34116e-11
3097.61 1.46082e-11 1.46082e-11
3103.89 1.26686e-11 1.26686e-11
3110.18 1.38333e-11 1.38333e-11
3116.46 1.19664e-11 1.19664e-11
3122.74 1.30999e-11 1.30999e-11
3129.03 1.13029e-11 1.13029e-11
3135.31 1.24057e-11 1.24057e-11
3141.59 1.06759e-11 1.06759e-11
3147.88 1.17487e-11 1.17487e-11
3154.16 1.00835e-11 1.00835e-11
3160.44 1.11268e-11 1.11268e-11
3166.73 9.52362e-12 9.52362e-12
3173.01 1.05382e-11 1.05382e-11
3179.29 8.9946e-12 8.9946e-12
3185.57 9.98111e-12 9.98111e-12
3191.86 8.49474e-12 8.49474e-12
3198.14 9.45375e-12 9.45375e-12
3204.42 8.02242e-12 8.02242e-12
3210.71 8.95456e-12 8.95456e-12
3216.99 7.57615e-12 7.57615e-12
3223.27 8.48203e-12 8.48203e-12
3229.56 7.15448e-12 7.15448e-12
3235.84 8.03472e-12 8.03472e-12
3242.12 6.75608e-12 6.75608e-12
3248.41 7.61128e-12 7.61128e-12
3254.69 6.37967e-12 6.37967e-12
3260.97 7.21043e-12 7.21043e-12
3267.26 6.02404e-12 6.02404e-12
3273.54 6.83095e-12 6.83095e-12
3279.82 5.68806e-12 5.68806e-12
3286.11 6.4717e-12 6.4717e-12
3292.39 5.37063e-12 5.37063e-12
3298.67 6.13159e-12 6.13159e-12
3304.96 5.07075e-12 5.07075e-12
3311.24 5.80959e-12 5.80959e-12
3317.52 4.78746e-12 4.78746e-12
3323.81 5.50473e-12 5.50473e-12
3330.09 4.51983e-12 4.51983e-12
3336.37 5.21609e-12 5.21609e-12
3342.65 4.26702e-12 4.26702e-12
3348.94 4.9428e-12 4.9428e-12
3355.22 4.0282e-12 4.0282e-12
3361.5 4.68404e-12 4.68404e-12
3367.79 3.80262e-12 3.80262e-12
3374.07 4.43903e-12 4.43903e-12
3380.35 3.58953e-12 3.58953e-12
3386.64 4.20703e-12 4.20703e-12
3392.92 3.38826e-12 3.38826e-12
3399.2 3.98735e-12 3.98735e-12
3405.49 3.19815e-12 3.19815e-12
3411.77 3.77933e-12 3.77933e-12
3418.05 3.0186e-12 3.0186e-12
3424.34 3.58233e-12 3.58233e-12
3430.62 2.84901e-12 2.84901e-12
3436.9 3.39579e-12 3.39579e-12
3443.19 2.68884e-12 2.68884e-12
3449.47 3.21912e-12 3.21912e-12
3455.75 2.53758e-12 2.53758e-12
3462.04 3.05181e-12 3.05181e-12
3468.32 2.39473e-12 2.39473e-12
3474.6 2.89335e-12 2.89335e-12
3480.88 2.25983e-12 2.25983e-12
3487.17 2.74328e-12 2.74328e-12
3493.45 2.13244e-12 2.13244e-12
3499.73 2.60114e-12 2.60114e-12
3506.02 2.01215e-12 2.01215e-12
3512.3 2.46651e-12 2.46651e-12
3518.58 1.89856e-12 1.89856e-12
3524.87 2.33899e-12 2.33899e-12
3531.15 1.7913e-12 1.7913e-12
3537.43 2.21819e-12 2.21819e-12
3543.72 1.69004e-12 1.69004e-12
3550 2.10377e-12 2.10377e-12
3556.28 1.59443e-12 1.59443e-12
3562.57 1.99539e-12 1.99539e-12
3568.85 1.50416e-12 1.50416e-12
3575.13 1.89271e-12 1.89271e-12
3581.42 1.41894e-12 1.41894e-12
3587.7 1.79544e-12 1.79544e-12
3593.98 1.33849e-12 1.33849e-12
3600.27 1.70328e-12 1.70328e-12
3606.55 1.26255e-12 1.26255e-12
3612.83 1.61597e-12 1.61597e-12
3619.11 1.19086e-12 1.19086e-12
3625.4 1.53325e-12 1.53325e-12
3631.68 1.12319e-12 1.12319e-12
3637.96 1.45487e-12 1.45487e-12
3644.25 1.05932e-12 1.05932e-12
3650.53 1.38061e-12 1.38061e-12
3656.81 9.99042e-13 9.99042e-13
3663.1 1.31024e-12 1.31024e-12
3669.38 9.4215e-13 9.4215e-13
3675.66 1.24355e-12 1.24355e-12
3681.95 8.88458e-13 8.88458e-13
3688.23 1.18036e-12 1.18036e-12
3694.51 8.37791e-13 8.37791e-13
3700.8 1.12047e-12 1.12047e-12
3707.08 7.89979e-13 7.89979e-13
3713.36 1.06372e-12 1.06372e-12
3719.65 7.44864e-13 7.44864e-13
3725.93 1.00993e-12 1.00993e-12
3732.21 7.02297e-13 7.02297e-13
3738.5 9.58947e-13 9.58947e-13
3744.78 6.62135e-13 6.62135e-13
3751.06 9.10624e-13 9.10624e-13
3757.34 6.24245e-13 6.24245e-13
3763.63 8.64819e-13 8.64819e-13
3769.91 5.88501e-13 5.88501e-13
3776.19 8.21399e-13 8.21399e-13
3782.48 5.54783e-13 5.54783e-13
3788.76 7.80239e-13 7.80239e-13
3795.04 5.22979e-13 5.22979e-13
3801.33 7.41218e-13 7.41218e-13
3807.61 4.9298e-13 4.9298e-13
3813.89 7.04223e-13 7.04223e-13
3820.18 4.64688e-13 4.64688e-13
3826.46 6.69149e-13 6.69149e-13
3832.74 4.38006e-13 4.38006e-13
3839.03 6.35893e-13 6.35893e-13
3845.31 4.12845e-13 4.12845e-13
3851.59 6.04359e-13 6.04359e-13
3857.88 3.89119e-13 3.89119e-13
3864.16 5.74457e-13 5.74457e-13
3870.44 3.66749e-13 3.66749e-13
3876.73 5.46101e-13 5.46101e-13
3883.01 3.45658e-13 3.45658e-13
3889.29 5.1921e-13 5.1921e-13
3895.57 3.25775e-13 3.25775e-13
3901.86 4.93706e-13 4.93706e-13
3908.14 3.07032e-13 3.07032e-13
3914.42 4.69516e-13 4.69516e-13
3920.71 2.89365e-13 2.89365e-13
3926.99 4.46572e-13 4.46572e-13
3933.27 2.72714e-13 2.72714e-13
3939.56 4.24808e-13 4.24808e-13
3945.84 2.57021e-13 2.57021e-13
3952.12 4.04163e-13 4.04163e-13
3958.41 2.42234e-13 2.42234e-13
3964.69 3.84577e-13 3.84577e-13
3970.97 2.28299e-13 2.28299e-13
3977.26 3.65995e-13 3.65995e-13
3983.54 2.15171e-13 2.15171e-13
3989.82 3.48365e-13 3.48365e-13
3996.11 2.02803e-13 2.02803e-13
4002.39 3.31636e-13 3.31636e-13
4008.67 1.91152e-13 1.91152e-13
4014.96 3.15763e-13 3.15763e-13
4021.24 1.80178e-13 1.80178e-13
4027.52 3.00699e-13 3.00699e-13
4033.8 1.69843e-13 1.69843e-13
4040.09 2.86403e-13 2.86403e-13
4046.37 1.6011e-13 1.6011e-13
4052.65 2.72835e-13 2.72835e-13
4058.94 1.50945e-13 1.50945e-13
4065.22 2.59956e-13 2.59956e-13
4071.5 1.42316e-13 1.42316e-13
4077.79 2.47732e-13 2.47732e-13
4084.07 1.34193e-13 1.34193e-13
4090.35 2.36128e-13 2.36128e-13
4096.64 1.26547e-13 1.26547e-13
4102.92 2.25111e-13 2.25111e-13
4109.2 1.1935e-13 1.1935e-13
4115.49 2.14651e-13 2.14651e-13
4121.77 1.12578e-13 1.12578e-13
4128.05 2.0472e-13 2.0472e-13
4134.34 1.06205e-13 1.06205e-13
4140.62 1.9529e-13 1.9529e-13
4146.9 1.00209e-13 1.00209e-13
4153.19 1.86334e-13 1.86334e-13
4159.47 9.45694e-14 9.45694e-14
4165.75 1.77829e-13 1.77829e-13
4172.04 8.92645e-14 8.92645e-14
4178.32 1.69751e-13 1.69751e-13
4184.6 8.42754e-14 8.42754e-14
4190.88 1.62079e-13 1.62079e-13
4197.17 7.95842e-14 7.95842e-14
4203.45 1.5479e-13 1.5479e-13
4209.73 7.51736e-14 7.51736e-14
4216.02 1.47866e-13 1.47866e-13
4222.3 7.10275e-14 7.10275e-14
4228.58 1.41287e-13 1.41287e-13
4234.87 6.71306e-14 6.71306e-14
4241.15 1.35037e-13 1.35037e-13
4247.43 6.34686e-14 6.34686e-14
4253.72 1.29097e-13 1.29097e-13
4260 6.00278e-14 6.00278e-14
4266.28 1.23452e-13 1.23452e-13
4272.57 5.67955e-14 5.67955e-14
4278.85 1.18088e-13 1.18088e-13
4285.13 5.37595e-14 5.37595e-14
4291.42 1.12989e-13 1.12989e-13
4297.7 5.09085e-14 5.09085e-14
4303.98 1.08142e-13 1.08142e-13
4310.27 4.82317e-14 4.82317e-14
4316.55 1.03534e-13 1.03534e-13
4322.83 4.57188e-14 4.57188e-14
4329.11 9.91528e-14 9.91528e-14
4335.4 4.33604e-14 4.33604e-14
4341.68 9.49873e-14 9.49873e-14
4347.96 4.11473e-14 4.11473e-14
4354.25 9.10261e-14 9.10261e-14
4360.53 3.90712e-14 3.90712e-14
4366.81 8.7259e-14 8.7259e-14
4373.1 3.71238e-14 3.71238e-14
4379.38 8.36761e-14 8.36761e-14
4385.66 3.52977e-14 3.52977e-14
4391.95 8.0268e-14 8.0268e-14
4398.23 3.35856e-14 3.35856e-14
4404.51 7.70259e-14 7.70259e-14
4410.8 3.19809e-14 3.19809e-14
4417.08 7.39414e-14 7.39414e-14
4423.36 3.04771e-14 3.04771e-14
4429.65 7.10065e-14 7.10065e-14
4435.93 2.90683e-14 2.90683e-14
4442.21 6.82137e-14 6.82137e-14
4448.5 2.77488e-14 2.77488e-14
4454.78 6.55558e-14 6.55558e-14
4461.06 2.65133e-14 2.65133e-14
4467.34 6.30261e-14 6.30261e-14
4473.63 2.53568e-14 2.53568e-14
4479.91 6.0618e-14 6.0618e-14
4486.19 2.42744e-14 2.42744e-14
4492.48 5.83256e-14 5.83256e-14
4498.76 2.32619e-14 2.32619e-14
4505.04 5.61429e-14 5.61429e-14
4511.33 2.23149e-14 2.23149e-14
4517.61 5.40646e-14 5.40646e-14
4523.89 2.14295e-14 2.14295e-14
4530.18 5.20854e-14 5.20854e-14
4536.46 2.06019e-14 2.06019e-14
4542.74 5.02004e-14 5.02004e-14
4549.03 1.98287e-14 1.98287e-14
4555.31 4.84049e-14 4.84049e-14
4561.59 1.91065e-14 1.91065e-14
4567.88 4.66943e-14 4.66943e-14
4574.16 1.84322e-14 1.84322e-14
4580.44 4.50646e-14 4.50646e-14
4586.73 1.78028e-14 1.78028e-14
4593.01 4.35118e-14 4.35118e-14
4599.29 1.72157e-14 1.72157e-14
4605.57 4.20319e-14 4.20319e-14
4611.86 1.66681e-14 1.66681e-14
4618.14 4.06214e-14 4.06214e-14
4624.42 1.61577e-14 1.61577e-14
4630.71 3.9277e-14 3.9277e-14
4636.99 1.56821e-14 1.56821e-14
4643.27 3.79952e-14 3.79952e-14
4649.56 1.52392e-14 1.52392e-14
4655.84 3.67732e-14 3.67732e-14
4662.12 1.48268e-14 1.48268e-14
4668.41 3.56078e-14 3.56078e-14
4674.69 1.44431e-14 1.44431e-14
4680.97 3.44964e-14 3.44964e-14
4687.26 1.40863e-14 1.40863e-14
4693.54 3.34364e-14 3.34364e-14
4699.82 1.37547e-14 1.37547e-14
4706.11 3.24252e-14 3.24252e-14
4712.39 1.34466e-14 1.34466e-14
4718.67 3.14604e-14 3.14604e-14
4724.96 1.31605e-14 1.31605e-14
4731.24 3.05398e-14 3.05398e-14
4737.52 1.28951e-14 1.28951e-14
4743.8 2.96612e-14 2.96612e-14
4750.09 1.2649e-14 1.2649e-14
4756.37 2.88227e-14 2.88227e-14
4762.65 1.24209e-14 1.24209e-14
4768.94 2.80223e-14 2.80223e-14
4775.22 1.22097e-14 1.22097e-14
4781.5 2.7258e-14 2.7258e-14
4787.79 1.20143e-14 1.20143e-14
4794.07 2.65283e-14 2.65283e-14
4800.35 1.18335e-14 1.18335e-14
4806.64 2.58315e-14 2.58315e-14
4812.92 1.16665e-14 1.16665e-14
4819.2 2.51659e-14 2.51659e-14
4825.49 1.15124e-14 1.15124e-14
4831.77 2.45301e-14 2.45301e-14
4838.05 1.13702e-14 1.13702e-14
4844.34 2.39227e-14 2.39227e-14
4850.62 1.12392e-14 1.12392e-14
4856.9 2.33423e-14 2.33423e-14
4863.19 1.11185e-14 1.11185e-14
4869.47 2.27876e-14 2.27876e-14
4875.75 1.10076e-14 1.10076e-14
4882.03 2.22574e-14 2.22574e-14
4888.32 1.09057e-14 1.09057e-14
4894.6 2.17506e-14 2.17506e-14
4900.88 1.08122e-14 1.08122e-14
4907.17 2.1266e-14 2.1266e-14
4913.45 1.07264e-14 1.07264e-14
4919.73 2.08026e-14 2.08026e-14
4926.02 1.0648e-14 1.0648e-14
4932.3 2.03594e-14 2.03594e-14
4938.58 1.05763e-14 1.05763e-14
4944.87 1.99356e-14 1.99356e-14
4951.15 1.05108e-14 1.05108e-14
4957.43 1.953e-14 1.953e-14
4963.72 1.04511e-14 1.04511e-14
4970 1.9142e-14 1.9142e-14
4976.28 1.03969e-14 1.03969e-14
4982.57 1.87707e-14 1.87707e-14
4988.85 1.03476e-14 1.03476e-14
4995.13 1.84153e-14 1.84153e-14
5001.42 1.03029e-14 1.03029e-14
5007.7 1.80751e-14 1.80751e-14
5013.98 1.02625e-14 1.02625e-14
5020.27 1.77494e-14 1.77494e-14
5026.55 1.02261e-14 1.02261e-14
5032.83 1.74374e-14 1.74374e-14
5039.11 1.01932e-14 1.01932e-14
5045.4 1.71387e-14 1.71387e-14
5051.68 1.01638e-14 1.01638e-14
5057.96 1.68526e-14 1.68526e-14
5064.25 1.01374e-14 1.01374e-14
5070.53 1.65785e-14 1.65785e-14
5076.81 1.01139e-14 1.01139e-14
5083.1 1.63158e-14 1.63158e-14
5089.38 1.0093e-14 1.0093e-14
5095.66 1.60641e-14 1.60641e-14
5101.95 1.00745e-14 1.00745e-14
5108.23 1.58229e-14 1.58229e-14
5114.51 1.00582e-14 1.00582e-14
5120.8 1.55916e-14 1.55916e-14
5127.08 1.00439e-14 1.00439e-14
5133.36 1.53698e-14 1.53698e-14
5139.65 1.00315e-14 1.00315e-14
5145.93 1.51572e-14 1.51572e-14
5152.21 1.00207e-14 1.00207e-14
5158.5 1.49532e-14 1.49532e-14
5164.78 1.00115e-14 1.00115e-14
5171.06 1.47576e-14 1.47576e-14
5177.34 1.00036e-14 1.00036e-14
5183.63 1.45699e-14 1.45699e-14
5189.91 9.99702e-15 9.99702e-15
5196.19 1.43898e-14 1.43898e-14
5202.48 9.99157e-15 9.99157e-15
5208.76 1.42169e-14 1.42169e-14
5215.04 9.98715e-15 9.98715e-15
5221.33 1.4051e-14 1.4051e-14
5227.61 9.98365e-15 9.98365e-15
5233.89 1.38917e-14 1.38917e-14
5240.18 9.98098e-15 9.98098e-15
5246.46 1.37388e-14 1.37388e-14
5252.74 9.97905e-15 9.97905e-15
5259.03 1.35919e-14 1.35919e-14
5265.31 9.97778e-15 9.97778e-15
5271.59 1.34508e-14 1.34508e-14
5277.88 9.97709e-15 9.97709e-15
5284.16 1.33152e-14 1.33152e-14
5290.44 9.97691e-15 9.97691e-15
5296.73 1.3185e-14 1.3185e-14
5303.01 9.97719e-15 9.97719e-15
5309.29 1.30599e-14 1.30599e-14
5315.57 9.97785e-15 9.97785e-15
5321.86 1.29396e-14 1.29396e-14
5328.14 9.97885e-15 9.97885e-15
5334.42 1.2824e-14 1.2824e-14
5340.71 9.98013e-15 9.98013e-15
5346.99 1.27129e-14 1.27129e-14
5353.27 9.98165e-15 9.98165e-15
5359.56 1.2606e-14 1.2606e-14
5365.84 9.98338e-15 9.98338e-15
5372.12 1.25032e-14 1.25032e-14
5378.41 9.98526e-15 9.98526e-15
5384.69 1.24043e-14 1.24043e-14
5390.97 9.98727e-15 9.98727e-15
5397.26 1.23092e-14 1.23092e-14
5403.54 9.98938e-15 9.98938e-15
5409.82 1.22177e-14 1.22177e-14
5416.11 9.99155e-15 9.99155e-15
5422.39 1.21297e-14 1.21297e-14
5428.67 9.99376e-15 9.99376e-15
5434.96 1.20449e-14 1.20449e-14
5441.24 9.99599e-15 9.99599e-15
5447.52 1.19634e-14 1.19634e-14
5453.8 9.99822e-15 9.99822e-15
5460.09 1.18848e-14 1.18848e-14
5466.37 1.00004e-14 1.00004e-14
5472.65 1.18092e-14 1.18092e-14
5478.94 1.00026e-14 1.00026e-14
5485.22 1.17364e-14 1.17364e-14
5491.5 1.00047e-14 1.00047e-14
5497.79 1.16663e-14 1.16663e-14
5504.07 1.00068e-14 1.00068e-14
5510.35 1.15988e-14 1.15988e-14
5516.64 1.00087e-14 1.00087e-14
5522.92 1.15337e-14 1.15337e-14
5529.2 1.00106e-14 1.00106e-14
5535.49 1.1471e-14 1.1471e-14
5541.77 1.00124e-14 1.00124e-14
5548.05 1.14106e-14 1.14106e-14
5554.34 1.00141e-14 1.00141e-14
5560.62 1.13524e-14 1.13524e-14
5566.9 1.00157e-14 1.00157e-14
5573.19 1.12964e-14 1.12964e-14
5579.47 1.00172e-14 1.00172e-14
5585.75 1.12423e-14 1.12423e-14
5592.03 1.00185e-14 1.00185e-14
5598.32 1.11902e-14 1.11902e-14
5604.6 1.00198e-14 1.00198e-14
5610.88 1.11399e-14 1.11399e-14
5617.17 1.00209e-14 1.00209e-14
5623.45 1.10915e-14 1.10915e-14
5629.73 1.00219e-14 1.00219e-14
5636.02 1.10448e-14 1.10448e-14
5642.3 1.00228e-14 1.00228e-14
5648.58 1.09998e-14 1.09998e-14
5654.87 1.00235e-14 1.00235e-14
5661.15 1.09564e-14 1.09564e-14
5667.43 1.00241e-14 1.00241e-14
5673.72 1.09145e-14 1.09145e-14
5680 1.00246e-14 1.00246e-14
5686.28 1.08741e-14 1.08741e-14
5692.57 1.0025e-14 1.0025e-14
5698.85 1.08351e-14 1.08351e-14
5705.13 1.00253e-14 1.00253e-14
5711.42 1.07976e-14 1.07976e-14
5717.7 1.00255e-14 1.00255e-14
5723.98 1.07613e-14 1.07613e-14
5730.27 1.00255e-14 1.00255e-14
5736.55 1.07264e-14 1.07264e-14
5742.83 1.00255e-14 1.00255e-14
5749.11 1.06926e-14 1.06926e-14
5755.4 1.00253e-14 1.00253e-14
5761.68 1.06601e-14 1.06601e-14
5767.96 1.00251e-14 1.00251e-14
5774.25 1.06288e-14 1.06288e-14
5780.53 1.00247e-14 1.00247e-14
5786.81 1.05985e-14 1.05985e-14
5793.1 1.00242e-14 1.00242e-14
5799.38 1.05693e-14 1.05693e-14
5805.66 1.00237e-14 1.00237e-14
5811.95 1.05412e-14 1.05412e-14
5818.23 1.00231e-14 1.00231e-14
5824.51 1.0514e-14 1.0514e-14
5830.8 1.00224e-14 1.00224e-14
5837.08 1.04879e-14 1.04879e-14
5843.36 1.00216e-14 1.00216e-14
5849.65 1.04626e-14 1.04626e-14
5855.93 1.00208e-14 1.00208e-14
5862.21 1.04383e-14 1.04383e-14
5868.5 1.00199e-14 1.00199e-14
5874.78 1.04149e-14 1.04149e-14
5881.06 1.00189e-14 1.00189e-14
5887.34 1.03923e-14 1.03923e-14
5893.63 1.00179e-14 1.00179e-14
5899.91 1.03705e-14 1.03705e-14
5906.19 1.00168e-14 1.00168e-14
5912.48 1.03495e-14 1.03495e-14
5918.76 1.00156e-14 1.00156e-14
5925.04 1.03293e-14 1.03293e-14
5931.33 1.00145e-14 1.00145e-14
5937.61 1.03099e-14 1.03099e-14
5943.89 1.00133e-14 1.00133e-14
5950.18 1.02912e-14 1.02912e-14
5956.46 1.0012e-14 1.0012e-14
5962.74 1.02732e-14 1.02732e-14
5969.03 1.00108e-14 1.00108e-14
5975.31 1.02558e-14 1.02558e-14
5981.59 1.00095e-14 1.00095e-14
5987.88 1.02392e-14 1.02392e-14
5994.16 1.00082e-14 1.00082e-14
6000.44 1.02232e-14 1.02232e-14
6006.73 1.00068e-14 1.00068e-14
6013.01 1.02078e-14 1.02078e-14
6019.29 1.00055e-14 1.00055e-14
6025.57 1.0193e-14 1.0193e-14
6031.86 1.00042e-14 1.00042e-14
6038.14 1.01788e-14 1.01788e-14
6044.42 1.00028e-14 1.00028e-14
6050.71 1.01653e-14 1.01653e-14
6056.99 1.00015e-14 1.00015e-14
6063.27 1.01522e-14 1.01522e-14
6069.56 1.00001e-14 1.00001e-14
6075.84 1.01398e-14 1.01398e-14
6082.12 9.99881e-15 9.99881e-15
6088.41 1.01278e-14 1.01278e-14
6094.69 9.9975e-15 9.9975e-15
6100.97 1.01164e-14 1.01164e-14
6107.26 9.9962e-15 9.9962e-15
6113.54 1.01056e-14 1.01056e-14
6119.82 9.99492e-15 9.99492e-15
6126.11 1.00952e-14 1.00952e-14
6132.39 9.99366e-15 9.99366e-15
6138.67 1.00853e-14 1.00853e-14
6144.96 9.99243e-15 9.99243e-15
6151.24 1.00759e-14 1.00759e-14
6157.52 9.99123e-15 9.99123e-15
6163.8 1.0067e-14 1.0067e-14
6170.09 9.99007e-15 9.99007e-15
6176.37 1.00585e-14 1.00585e-14
6182.65 9.98893e-15 9.98893e-15
6188.94 1.00505e-14 1.00505e-14
6195.22 9.98784e-15 9.98784e-15
6201.5 1.00429e-14 1.00429e-14
6207.79 9.98679e-15 9.98679e-15
6214.07 1.00358e-14 1.00358e-14
6220.35 9.98578e-15 9.98578e-15
6226.64 1.00291e-14 1.00291e-14
6232.92 9.98481e-15 9.98481e-15
6239.2 1.00229e-14 1.00229e-14
6245.49 9.98389e-15 9.98389e-15
6251.77 1.0017e-14 1.0017e-14
6258.05 9.98302e-15 9.98302e-15
6264.34 1.00116e-14 1.00116e-14
6270.62 9.98221e-15 9.98221e-15
6276.9 1.00066e-14 1.00066e-14
6283.19 9.98144e-15 9.98144e-15
6289.47 1.0002e-14 1.0002e-14
6295.75 9.98074e-15 9.98074e-15
6302.03 9.99779e-15 9.99779e-15
6308.32 9.98008e-15 9.98008e-15
6314.6 9.99397e-15 9.99397e-15
6320.88 9.97949e-15 9.97949e-15
6327.17 9.99055e-15 9.99055e-15
6333.45 9.97895e-15 9.97895e-15
6339.73 9.98751e-15 9.98751e-15
6346.02 9.97848e-15 9.97848e-15
6352.3 9.98487e-15 9.98487e-15
6358.58 9.97807e-15 9.97807e-15
6364.87 9.9826e-15 9.9826e-15
6371.15 9.97771e-15 9.97771e-15
6377.43 9.98072e-15 9.98072e-15
6383.72 9.97743e-15 9.97743e-15
6390 9.97921e-15 9.97921e-15
6396.28 9.9772e-15 9.9772e-15
6402.57 9.97808e-15 9.97808e-15
6408.85 9.97704e-15 9.97704e-15
6415.13 9.97733e-15 9.97733e-15
6421.42 9.97694e-15 9.97694e-15
6427.7 9.97696e-15 9.97696e-15
6433.98 9.97691e-15 9.97691e-15
