0 1.85724e-14 1.85724e-14
6.28319 0.0330936 0.0330936
12.5664 0.00818614 0.00818614
18.8496 0.00363081 0.00363081
25.1327 0.00203831 0.00203831
31.4159 0.00130507 0.00130507
37.6991 0.00090441 0.00090441
43.9823 0.000665165 0.000665165
50.2655 0.000508027 0.000508027
56.5487 0.00040189 0.00040189
62.8319 0.000324666 0.000324666
69.115 0.000268631 0.000268631
75.3982 0.000225089 0.000225089
81.6814 0.000191993 0.000191993
87.9646 0.000165056 0.000165056
94.2478 0.000143914 0.000143914
100.531 0.000126095 0.000126095
106.814 0.000111784 0.000111784
113.097 9.93853e-05 9.93853e-05
119.381 8.92563e-05 8.92563e-05
125.664 8.02813e-05 8.02813e-05
131.947 7.28542e-05 7.28542e-05
138.23 6.61475e-05 6.61475e-05
144.513 6.05427e-05 6.05427e-05
150.796 5.53984e-05 5.53984e-05
157.08 5.10668e-05 5.10668e-05
163.363 4.70339e-05 4.70339e-05
169.646 4.36183e-05 4.36183e-05
175.929 4.03978e-05 4.03978e-05
182.212 3.76579e-05 3.76579e-05
188.496 3.50448e-05 3.50448e-05
194.779 3.28142e-05 3.28142e-05
201.062 3.06645e-05 3.06645e-05
207.345 2.88249e-05 2.88249e-05
213.628 2.70349e-05 2.70349e-05
219.911 2.55004e-05 2.55004e-05
226.195 2.3994e-05 2.3994e-05
232.478 2.27011e-05 2.27011e-05
238.761 2.14213e-05 2.14213e-05
245.044 2.0322e-05 2.0322e-05
251.327 1.92254e-05 1.92254e-05
257.611 1.82833e-05 1.82833e-05
263.894 1.73364e-05 1.73364e-05
270.177 1.6523e-05 1.6523e-05
276.46 1.56998e-05 1.56998e-05
282.743 1.49929e-05 1.49929e-05
289.027 1.42727e-05 1.42727e-05
295.31 1.36546e-05 1.36546e-05
301.593 1.30209e-05 1.30209e-05
307.876 1.24775e-05 1.24775e-05
314.159 1.1917e-05 1.1917e-05
320.442 1.14369e-05 1.14369e-05
326.726 1.09387e-05 1.09387e-05
333.009 1.05125e-05 1.05125e-05
339.292 1.00677e-05 1.00677e-05
345.575 9.68777e-06 9.68777e-06
351.858 9.2891e-06 9.2891e-06
358.142 8.949e-06 8.949e-06
364.425 8.59028e-06 8.59028e-06
370.708 8.28474e-06 8.28474e-06
376.991 7.96082e-06 7.96082e-06
383.274 7.6854e-06 7.6854e-06
389.557 7.39194e-06 7.39194e-06
395.841 7.14287e-06 7.14287e-06
402.124 6.8762e-06 6.8762e-06
408.407 6.65029e-06 6.65029e-06
414.69 6.40727e-06 6.40727e-06
420.973 6.20179e-06 6.20179e-06
427.257 5.97974e-06 5.97974e-06
433.54 5.79235e-06 5.79235e-06
439.823 5.58894e-06 5.58894e-06
446.106 5.41765e-06 5.41765e-06
452.389 5.23088e-06 5.23088e-06
458.673 5.07392e-06 5.07392e-06
464.956 4.90205e-06 4.90205e-06
471.239 4.75793e-06 4.75793e-06
477.522 4.59944e-06 4.59944e-06
483.805 4.46683e-06 4.46683e-06
490.088 4.3204e-06 4.3204e-06
496.372 4.19815e-06 4.19815e-06
502.655 4.06261e-06 4.06261e-06
508.938 3.9497e-06 3.9497e-06
515.221 3.82402e-06 3.82402e-06
521.504 3.71956e-06 3.71956e-06
527.788 3.60283e-06 3.60283e-06
534.071 3.50604e-06 3.50604e-06
540.354 3.39745e-06 3.39745e-06
546.637 3.30762e-06 3.30762e-06
552.92 3.20646e-06 3.20646e-06
559.203 3.12297e-06 3.12297e-06
565.487 3.0286e-06 3.0286e-06
571.77 2.9509e-06 2.9509e-06
578.053 2.86274e-06 2.86274e-06
584.336 2.79033e-06 2.79033e-06
590.619 2.70788e-06 2.70788e-06
596.903 2.64031e-06 2.64031e-06
603.186 2.5631e-06 2.5631e-06
609.469 2.49998e-06 2.49998e-06
615.752 2.4276e-06 2.4276e-06
622.035 2.36857e-06 2.36857e-06
628.319 2.30064e-06 2.30064e-06
634.602 2.24538e-06 2.24538e-06
640.885 2.18156e-06 2.18156e-06
647.168 2.12977e-06 2.12977e-06
653.451 2.06975e-06 2.06975e-06
659.734 2.02118e-06 2.02118e-06
666.018 1.96469e-06 1.96469e-06
672.301 1.91908e-06 1.91908e-06
678.584 1.86586e-06 1.86586e-06
684.867 1.823e-06 1.823e-06
691.15 1.77282e-06 1.77282e-06
697.434 1.73251e-06 1.73251e-06
703.717 1.68516e-06 1.68516e-06
710 1.64722e-06 1.64722e-06
716.283 1.6025e-06 1.6025e-06
722.566 1.56677e-06 1.56677e-06
728.849 1.5245e-06 1.5245e-06
735.133 1.49082e-06 1.49082e-06
741.416 1.45085e-06 1.45085e-06
747.699 1.41908e-06 1.41908e-06
753.982 1.38126e-06 1.38126e-06
760.265 1.35127e-06 1.35127e-06
766.549 1.31545e-06 1.31545e-06
772.832 1.28713e-06 1.28713e-06
779.115 1.25319e-06 1.25319e-06
785.398 1.22642e-06 1.22642e-06
791.681 1.19424e-06 1.19424e-06
797.965 1.16894e-06 1.16894e-06
804.248 1.13841e-06 1.13841e-06
810.531 1.11447e-06 1.11447e-06
816.814 1.0855e-06 1.0855e-06
823.097 1.06284e-06 1.06284e-06
829.38 1.03532e-06 1.03532e-06
835.664 1.01386e-06 1.01386e-06
841.947 9.87724e-07 9.87724e-07
848.23 9.67392e-07 9.67392e-07
854.513 9.42546e-07 9.42546e-07
860.796 9.23274e-07 9.23274e-07
867.08 8.99646e-07 8.99646e-07
873.363 8.81371e-07 8.81371e-07
879.646 8.58893e-07 8.58893e-07
885.929 8.41557e-07 8.41557e-07
892.212 8.20162e-07 8.20162e-07
898.495 8.0371e-07 8.0371e-07
904.779 7.8334e-07 7.8334e-07
911.062 7.67721e-07 7.67721e-07
917.345 7.48318e-07 7.48318e-07
923.628 7.33485e-07 7.33485e-07
929.911 7.14997e-07 7.14997e-07
936.195 7.00905e-07 7.00905e-07
942.478 6.83283e-07 6.83283e-07
948.761 6.69892e-07 6.69892e-07
955.044 6.53089e-07 6.53089e-07
961.327 6.40359e-07 6.40359e-07
967.611 6.24332e-07 6.24332e-07
973.894 6.12227e-07 6.12227e-07
980.177 5.96936e-07 5.96936e-07
986.46 5.85422e-07 5.85422e-07
992.743 5.70829e-07 5.70829e-07
999.026 5.59875e-07 5.59875e-07
1005.31 5.45943e-07 5.45943e-07
1011.59 5.35519e-07 5.35519e-07
1017.88 5.22214e-07 5.22214e-07
1024.16 5.12292e-07 5.12292e-07
1030.44 4.99584e-07 4.99584e-07
1036.73 4.90138e-07 4.90138e-07
1043.01 4.77996e-07 4.77996e-07
1049.29 4.69e-07 4.69e-07
1055.58 4.57397e-07 4.57397e-07
1061.86 4.48829e-07 4.48829e-07
1068.14 4.37737e-07 4.37737e-07
1074.42 4.29574e-07 4.29574e-07
1080.71 4.1897e-07 4.1897e-07
1086.99 4.11192e-07 4.11192e-07
1093.27 4.0105e-07 4.0105e-07
1099.56 3.93638e-07 3.93638e-07
1105.84 3.83938e-07 3.83938e-07
1112.12 3.76872e-07 3.76872e-07
1118.41 3.67592e-07 3.67592e-07
1124.69 3.60856e-07 3.60856e-07
1130.97 3.51976e-07 3.51976e-07
1137.26 3.45554e-07 3.45554e-07
1143.54 3.37054e-07 3.37054e-07
1149.82 3.3093e-07 3.3093e-07
1156.11 3.22794e-07 3.22794e-07
1162.39 3.16953e-07 3.16953e-07
1168.67 3.09163e-07 3.09163e-07
1174.96 3.03592e-07 3.03592e-07
1181.24 2.96133e-07 2.96133e-07
1187.52 2.90818e-07 2.90818e-07
1193.81 2.83674e-07 2.83674e-07
1200.09 2.78603e-07 2.78603e-07
1206.37 2.71759e-07 2.71759e-07
1212.65 2.66921e-07 2.66921e-07
1218.94 2.60364e-07 2.60364e-07
1225.22 2.55747e-07 2.55747e-07
1231.5 2.49465e-07 2.49465e-07
1237.79 2.45058e-07 2.45058e-07
1244.07 2.39037e-07 2.39037e-07
1250.35 2.34832e-07 2.34832e-07
1256.64 2.29061e-07 2.29061e-07
1262.92 2.25046e-07 2.25046e-07
1269.2 2.19514e-07 2.19514e-07
1275.49 2.15682e-07 2.15682e-07
1281.77 2.10379e-07 2.10379e-07
1288.05 2.0672e-07 2.0672e-07
1294.34 2.01635e-07 2.01635e-07
1300.62 1.98142e-07 1.98142e-07
1306.9 1.93265e-07 1.93265e-07
1313.19 1.8993e-07 1.8993e-07
1319.47 1.85253e-07 1.85253e-07
1325.75 1.82068e-07 1.82068e-07
1332.04 1.77582e-07 1.77582e-07
1338.32 1.74541e-07 1.74541e-07
1344.6 1.70237e-07 1.70237e-07
1350.88 1.67333e-07 1.67333e-07
1357.17 1.63204e-07 1.63204e-07
1363.45 1.60431e-07 1.60431e-07
1369.73 1.56469e-07 1.56469e-07
1376.02 1.5382e-07 1.5382e-07
1382.3 1.50018e-07 1.50018e-07
1388.58 1.47489e-07 1.47489e-07
1394.87 1.4384e-07 1.4384e-07
1401.15 1.41424e-07 1.41424e-07
1407.43 1.37922e-07 1.37922e-07
1413.72 1.35615e-07 1.35615e-07
1420 1.32253e-07 1.32253e-07
1426.28 1.30049e-07 1.30049e-07
1432.57 1.26821e-07 1.26821e-07
1438.85 1.24716e-07 1.24716e-07
1445.13 1.21618e-07 1.21618e-07
1451.42 1.19607e-07 1.19607e-07
1457.7 1.16632e-07 1.16632e-07
1463.98 1.14712e-07 1.14712e-07
1470.27 1.11854e-07 1.11854e-07
1476.55 1.1002e-07 1.1002e-07
1482.83 1.07276e-07 1.07276e-07
1489.11 1.05524e-07 1.05524e-07
1495.4 1.02889e-07 1.02889e-07
1501.68 1.01215e-07 1.01215e-07
1507.96 9.86841e-08 9.86841e-08
1514.25 9.70856e-08 9.70856e-08
1520.53 9.46541e-08 9.46541e-08
1526.81 9.31272e-08 9.31272e-08
1533.1 9.07914e-08 9.07914e-08
1539.38 8.9333e-08 8.9333e-08
1545.66 8.70889e-08 8.70889e-08
1551.95 8.56958e-08 8.56958e-08
1558.23 8.35396e-08 8.35396e-08
1564.51 8.22091e-08 8.22091e-08
1570.8 8.01373e-08 8.01373e-08
1577.08 7.88665e-08 7.88665e-08
1583.36 7.68755e-08 7.68755e-08
1589.65 7.56617e-08 7.56617e-08
1595.93 7.37483e-08 7.37483e-08
1602.21 7.25891e-08 7.25891e-08
1608.5 7.07501e-08 7.07501e-08
1614.78 6.96431e-08 6.96431e-08
1621.06 6.78755e-08 6.78755e-08
1627.34 6.68182e-08 6.68182e-08
1633.63 6.51192e-08 6.51192e-08
1639.91 6.41095e-08 6.41095e-08
1646.19 6.24762e-08 6.24762e-08
1652.48 6.1512e-08 6.1512e-08
1658.76 5.99418e-08 5.99418e-08
1665.04 5.90211e-08 5.90211e-08
1671.33 5.75114e-08 5.75114e-08
1677.61 5.66323e-08 5.66323e-08
1683.89 5.51807e-08 5.51807e-08
1690.18 5.43414e-08 5.43414e-08
1696.46 5.29456e-08 5.29456e-08
1702.74 5.21442e-08 5.21442e-08
1709.03 5.0802e-08 5.0802e-08
1715.31 5.00369e-08 5.00369e-08
1721.59 4.87461e-08 4.87461e-08
1727.88 4.80157e-08 4.80157e-08
1734.16 4.67742e-08 4.67742e-08
1740.44 4.6077e-08 4.6077e-08
1746.73 4.4883e-08 4.4883e-08
1753.01 4.42174e-08 4.42174e-08
1759.29 4.30689e-08 4.30689e-08
1765.58 4.24337e-08 4.24337e-08
1771.86 4.13289e-08 4.13289e-08
1778.14 4.07227e-08 4.07227e-08
1784.42 3.96599e-08 3.96599e-08
1790.71 3.90813e-08 3.90813e-08
1796.99 3.80589e-08 3.80589e-08
1803.27 3.75068e-08 3.75068e-08
1809.56 3.65231e-08 3.65231e-08
1815.84 3.59962e-08 3.59962e-08
1822.12 3.50498e-08 3.50498e-08
1828.41 3.45471e-08 3.45471e-08
1834.69 3.36364e-08 3.36364e-08
1840.97 3.31569e-08 3.31569e-08
1847.26 3.22805e-08 3.22805e-08
1853.54 3.18231e-08 3.18231e-08
1859.82 3.09797e-08 3.09797e-08
1866.11 3.05434e-08 3.05434e-08
1872.39 2.97317e-08 2.97317e-08
1878.67 2.93156e-08 2.93156e-08
1884.96 2.85344e-08 2.85344e-08
1891.24 2.81376e-08 2.81376e-08
1897.52 2.73857e-08 2.73857e-08
1903.81 2.70073e-08 2.70073e-08
1910.09 2.62836e-08 2.62836e-08
1916.37 2.59228e-08 2.59228e-08
1922.65 2.52261e-08 2.52261e-08
1928.94 2.48822e-08 2.48822e-08
1935.22 2.42115e-08 2.42115e-08
1941.5 2.38837e-08 2.38837e-08
1947.79 2.3238e-08 2.3238e-08
1954.07 2.29255e-08 2.29255e-08
1960.35 2.23039e-08 2.23039e-08
1966.64 2.20061e-08 2.20061e-08
1972.92 2.14076e-08 2.14076e-08
1979.2 2.11238e-08 2.11238e-08
1985.49 2.05475e-08 2.05475e-08
1991.77 2.02772e-08 2.02772e-08
1998.05 1.97222e-08 1.97222e-08
2004.34 1.94647e-08 1.94647e-08
2010.62 1.89303e-08 1.89303e-08
2016.9 1.8685e-08 1.8685e-08
2023.19 1.81703e-08 1.81703e-08
2029.47 1.79368e-08 1.79368e-08
2035.75 1.74411e-08 1.74411e-08
2042.04 1.72187e-08 1.72187e-08
2048.32 1.67412e-08 1.67412e-08
2054.6 1.65295e-08 1.65295e-08
2060.88 1.60697e-08 1.60697e-08
2067.17 1.58682e-08 1.58682e-08
2073.45 1.54252e-08 1.54252e-08
2079.73 1.52334e-08 1.52334e-08
2086.02 1.48067e-08 1.48067e-08
2092.3 1.46242e-08 1.46242e-08
2098.58 1.42131e-08 1.42131e-08
2104.87 1.40396e-08 1.40396e-08
2111.15 1.36435e-08 1.36435e-08
2117.43 1.34784e-08 1.34784e-08
2123.72 1.30968e-08 1.30968e-08
2130 1.29398e-08 1.29398e-08
2136.28 1.25721e-08 1.25721e-08
2142.57 1.24229e-08 1.24229e-08
2148.85 1.20685e-08 1.20685e-08
2155.13 1.19267e-08 1.19267e-08
2161.42 1.15853e-08 1.15853e-08
2167.7 1.14505e-08 1.14505e-08
2173.98 1.11214e-08 1.11214e-08
2180.27 1.09934e-08 1.09934e-08
2186.55 1.06762e-08 1.06762e-08
2192.83 1.05546e-08 1.05546e-08
2199.11 1.0249e-08 1.0249e-08
2205.4 1.01335e-08 1.01335e-08
2211.68 9.83885e-09 9.83885e-09
2217.96 9.72922e-09 9.72922e-09
2224.25 9.44524e-09 9.44524e-09
2230.53 9.34119e-09 9.34119e-09
2236.81 9.06743e-09 9.06743e-09
2243.1 8.96871e-09 8.96871e-09
2249.38 8.70481e-09 8.70481e-09
2255.66 8.61117e-09 8.61117e-09
2261.95 8.35674e-09 8.35674e-09
2268.23 8.26796e-09 8.26796e-09
2274.51 8.02266e-09 8.02266e-09
2280.8 7.9385e-09 7.9385e-09
2287.08 7.70198e-09 7.70198e-09
2293.36 7.62224e-09 7.62224e-09
2299.65 7.39417e-09 7.39417e-09
2305.93 7.31864e-09 7.31864e-09
2312.21 7.09871e-09 7.09871e-09
2318.5 7.02719e-09 7.02719e-09
2324.78 6.8151e-09 6.8151e-09
2331.06 6.74741e-09 6.74741e-09
2337.34 6.54287e-09 6.54287e-09
2343.63 6.47882e-09 6.47882e-09
2349.91 6.28155e-09 6.28155e-09
2356.19 6.22098e-09 6.22098e-09
2362.48 6.03071e-09 6.03071e-09
2368.76 5.97345e-09 5.97345e-09
2375.04 5.78991e-09 5.78991e-09
2381.33 5.73581e-09 5.73581e-09
2387.61 5.55877e-09 5.55877e-09
2393.89 5.50768e-09 5.50768e-09
2400.18 5.33689e-09 5.33689e-09
2406.46 5.28866e-09 5.28866e-09
2412.74 5.12389e-09 5.12389e-09
2419.03 5.07839e-09 5.07839e-09
2425.31 4.91942e-09 4.91942e-09
2431.59 4.87652e-09 4.87652e-09
2437.88 4.72314e-09 4.72314e-09
2444.16 4.68272e-09 4.68272e-09
2450.44 4.53472e-09 4.53472e-09
2456.73 4.49665e-09 4.49665e-09
2463.01 4.35383e-09 4.35383e-09
2469.29 4.318e-09 4.318e-09
2475.58 4.18018e-09 4.18018e-09
2481.86 4.14649e-09 4.14649e-09
2488.14 4.01348e-09 4.01348e-09
2494.42 3.98182e-09 3.98182e-09
2500.71 3.85345e-09 3.85345e-09
2506.99 3.82372e-09 3.82372e-09
2513.27 3.69982e-09 3.69982e-09
2519.56 3.67192e-09 3.67192e-09
2525.84 3.55233e-09 3.55233e-09
2532.12 3.52618e-09 3.52618e-09
2538.41 3.41073e-09 3.41073e-09
2544.69 3.38624e-09 3.38624e-09
2550.97 3.2748e-09 3.2748e-09
2557.26 3.25189e-09 3.25189e-09
2563.54 3.1443e-09 3.1443e-09
2569.82 3.12288e-09 3.12288e-09
2576.11 3.01901e-09 3.01901e-09
2582.39 2.99902e-09 2.99902e-09
2588.67 2.89873e-09 2.89873e-09
2594.96 2.88009e-09 2.88009e-09
2601.24 2.78325e-09 2.78325e-09
2607.52 2.7659e-09 2.7659e-09
2613.81 2.67238e-09 2.67238e-09
2620.09 2.65625e-09 2.65625e-09
2626.37 2.56594e-09 2.56594e-09
2632.65 2.55096e-09 2.55096e-09
2638.94 2.46375e-09 2.46375e-09
2645.22 2.44987e-09 2.44987e-09
2651.5 2.36564e-09 2.36564e-09
2657.79 2.3528e-09 2.3528e-09
2664.07 2.27145e-09 2.27145e-09
2670.35 2.25959e-09 2.25959e-09
2676.64 2.18101e-09 2.18101e-09
2682.92 2.17009e-09 2.17009e-09
2689.2 2.09419e-09 2.09419e-09
2695.49 2.08415e-09 2.08415e-09
2701.77 2.01082e-09 2.01082e-09
2708.05 2.00163e-09 2.00163e-09
2714.34 1.93079e-09 1.93079e-09
2720.62 1.92238e-09 1.92238e-09
2726.9 1.85394e-09 1.85394e-09
2733.19 1.84629e-09 1.84629e-09
2739.47 1.78016e-09 1.78016e-09
2745.75 1.77322e-09 1.77322e-09
2752.04 1.70932e-09 1.70932e-09
2758.32 1.70305e-09 1.70305e-09
2764.6 1.64131e-09 1.64131e-09
2770.88 1.63567e-09 1.63567e-09
2777.17 1.57601e-09 1.57601e-09
2783.45 1.57097e-09 1.57097e-09
2789.73 1.51331e-09 1.51331e-09
2796.02 1.50883e-09 1.50883e-09
2802.3 1.4531e-09 1.4531e-09
2808.58 1.44916e-09 1.44916e-09
2814.87 1.3953e-09 1.3953e-09
2821.15 1.39186e-09 1.39186e-09
2827.43 1.3398e-09 1.3398e-09
2833.72 1.33684e-09 1.33684e-09
2840 1.28651e-09 1.28651e-09
2846.28 1.284e-09 1.284e-09
2852.57 1.23535e-09 1.23535e-09
2858.85 1.23325e-09 1.23325e-09
2865.13 1.18622e-09 1.18622e-09
2871.42 1.18452e-09 1.18452e-09
2877.7 1.13905e-09 1.13905e-09
2883.98 1.13772e-09 1.13772e-09
2890.27 1.09376e-09 1.09376e-09
2896.55 1.09278e-09 1.09278e-09
2902.83 1.05027e-09 1.05027e-09
2909.11 1.04962e-09 1.04962e-09
2915.4 1.00851e-09 1.00851e-09
2921.68 1.00817e-09 1.00817e-09
2927.96 9.68419e-10 9.68419e-10
2934.25 9.68359e-10 9.68359e-10
2940.53 9.2992e-10 9.2992e-10
2946.81 9.30129e-10 9.30129e-10
2953.1 8.92953e-10 8.92953e-10
2959.38 8.93414e-10 8.93414e-10
2965.66 8.57458e-10 8.57458e-10
2971.95 8.58153e-10 8.58153e-10
2978.23 8.23375e-10 8.23375e-10
2984.51 8.24289e-10 8.24289e-10
2990.8 7.90648e-10 7.90648e-10
2997.08 7.91766e-10 7.91766e-10
3003.36 7.59224e-10 7.59224e-10
3009.65 7.6053e-10 7.6053e-10
3015.93 7.2905e-10 7.2905e-10
3022.21 7.30532e-10 7.30532e-10
3028.5 7.00076e-10 7.00076e-10
3034.78 7.0172e-10 7.0172e-10
3041.06 6.72254e-10 6.72254e-10
3047.34 6.7405e-10 6.7405e-10
3053.63 6.45539e-10 6.45539e-10
3059.91 6.47474e-10 6.47474e-10
3066.19 6.19887e-10 6.19887e-10
3072.48 6.21949e-10 6.21949e-10
3078.76 5.95254e-10 5.95254e-10
3085.04 5.97435e-10 5.97435e-10
3091.33 5.71601e-10 5.71601e-10
3097.61 5.7389e-10 5.7389e-10
3103.89 5.48889e-10 5.48889e-10
3110.18 5.51276e-10 5.51276e-10
3116.46 5.2708e-10 5.2708e-10
3122.74 5.29556e-10 5.29556e-10
3129.03 5.06137e-10 5.06137e-10
3135.31 5.08695e-10 5.08695e-10
3141.59 4.86027e-10 4.86027e-10
3147.88 4.88658e-10 4.88658e-10
3154.16 4.66717e-10 4.66717e-10
3160.44 4.69414e-10 4.69414e-10
3166.73 4.48174e-10 4.48174e-10
3173.01 4.5093e-10 4.5093e-10
3179.29 4.30368e-10 4.30368e-10
3185.57 4.33176e-10 4.33176e-10
3191.86 4.1327e-10 4.1327e-10
3198.14 4.16124e-10 4.16124e-10
3204.42 3.96851e-10 3.96851e-10
3210.71 3.99745e-10 3.99745e-10
3216.99 3.81084e-10 3.81084e-10
3223.27 3.84013e-10 3.84013e-10
3229.56 3.65944e-10 3.65944e-10
3235.84 3.68902e-10 3.68902e-10
3242.12 3.51406e-10 3.51406e-10
3248.41 3.54388e-10 3.54388e-10
3254.69 3.37445e-10 3.37445e-10
3260.97 3.40447e-10 3.40447e-10
3267.26 3.24039e-10 3.24039e-10
3273.54 3.27056e-10 3.27056e-10
3279.82 3.11166e-10 3.11166e-10
3286.11 3.14194e-10 3.14194e-10
3292.39 2.98804e-10 2.98804e-10
3298.67 3.01839e-10 3.01839e-10
3304.96 2.86933e-10 2.86933e-10
3311.24 2.89972e-10 2.89972e-10
3317.52 2.75533e-10 2.75533e-10
3323.81 2.78573e-10 2.78573e-10
3330.09 2.64586e-10 2.64586e-10
3336.37 2.67623e-10 2.67623e-10
3342.65 2.54074e-10 2.54074e-10
3348.94 2.57105e-10 2.57105e-10
3355.22 2.4398e-10 2.4398e-10
3361.5 2.47002e-10 2.47002e-10
3367.79 2.34286e-10 2.34286e-10
3374.07 2.37298e-10 2.37298e-10
3380.35 2.24978e-10 2.24978e-10
3386.64 2.27975e-10 2.27975e-10
3392.92 2.16039e-10 2.16039e-10
3399.2 2.19021e-10 2.19021e-10
3405.49 2.07455e-10 2.07455e-10
3411.77 2.10419e-10 2.10419e-10
3418.05 1.99212e-10 1.99212e-10
3424.34 2.02156e-10 2.02156e-10
3430.62 1.91296e-10 1.91296e-10
3436.9 1.94219e-10 1.94219e-10
3443.19 1.83695e-10 1.83695e-10
3449.47 1.86594e-10 1.86594e-10
3455.75 1.76395e-10 1.76395e-10
3462.04 1.7927e-10 1.7927e-10
3468.32 1.69385e-10 1.69385e-10
3474.6 1.72234e-10 1.72234e-10
3480.88 1.62654e-10 1.62654e-10
3487.17 1.65475e-10 1.65475e-10
3493.45 1.5619e-10 1.5619e-10
3499.73 1.58982e-10 1.58982e-10
3506.02 1.49982e-10 1.49982e-10
3512.3 1.52745e-10 1.52745e-10
3518.58 1.44021e-10 1.44021e-10
3524.87 1.46754e-10 1.46754e-10
3531.15 1.38297e-10 1.38297e-10
3537.43 1.40998e-10 1.40998e-10
3543.72 1.328e-10 1.328e-10
3550 1.35468e-10 1.35468e-10
3556.28 1.27521e-10 1.27521e-10
3562.57 1.30157e-10 1.30157e-10
3568.85 1.22452e-10 1.22452e-10
3575.13 1.25054e-10 1.25054e-10
3581.42 1.17584e-10 1.17584e-10
3587.7 1.20152e-10 1.20152e-10
3593.98 1.12909e-10 1.12909e-10
3600.27 1.15442e-10 1.15442e-10
3606.55 1.0842e-10 1.0842e-10
3612.83 1.10918e-10 1.10918e-10
3619.11 1.04109e-10 1.04109e-10
3625.4 1.06572e-10 1.06572e-10
3631.68 9.99694e-11 9.99694e-11
3637.96 1.02397e-10 1.02397e-10
3644.25 9.5994e-11 9.5994e-11
3650.53 9.83855e-11 9.83855e-11
3656.81 9.21765e-11 9.21765e-11
3663.1 9.45319e-11 9.45319e-11
3669.38 8.85105e-11 8.85105e-11
3675.66 9.08297e-11 9.08297e-11
3681.95 8.49901e-11 8.49901e-11
3688.23 8.7273e-11 8.7273e-11
3694.51 8.16095e-11 8.16095e-11
3700.8 8.38561e-11 8.38561e-11
3707.08 7.83631e-11 7.83631e-11
3713.36 8.05733e-11 8.05733e-11
3719.65 7.52456e-11 7.52456e-11
3725.93 7.74195e-11 7.74195e-11
3732.21 7.22519e-11 7.22519e-11
3738.5 7.43896e-11 7.43896e-11
3744.78 6.93771e-11 6.93771e-11
3751.06 7.14786e-11 7.14786e-11
3757.34 6.66164e-11 6.66164e-11
3763.63 6.86819e-11 6.86819e-11
3769.91 6.39654e-11 6.39654e-11
3776.19 6.5995e-11 6.5995e-11
3782.48 6.14196e-11 6.14196e-11
3788.76 6.34136e-11 6.34136e-11
3795.04 5.89749e-11 5.89749e-11
3801.33 6.09334e-11 6.09334e-11
3807.61 5.66273e-11 5.66273e-11
3813.89 5.85506e-11 5.85506e-11
3820.18 5.4373e-11 5.4373e-11
3826.46 5.62613e-11 5.62613e-11
3832.74 5.22082e-11 5.22082e-11
3839.03 5.40618e-11 5.40618e-11
3845.31 5.01294e-11 5.01294e-11
3851.59 5.19486e-11 5.19486e-11
3857.88 4.81331e-11 4.81331e-11
3864.16 4.99182e-11 4.99182e-11
3870.44 4.62162e-11 4.62162e-11
3876.73 4.79674e-11 4.79674e-11
3883.01 4.43754e-11 4.43754e-11
3889.29 4.60932e-11 4.60932e-11
3895.57 4.26077e-11 4.26077e-11
3901.86 4.42924e-11 4.42924e-11
3908.14 4.09103e-11 4.09103e-11
3914.42 4.25622e-11 4.25622e-11
3920.71 3.92803e-11 3.92803e-11
3926.99 4.08998e-11 4.08998e-11
3933.27 3.7715e-11 3.7715e-11
3939.56 3.93026e-11 3.93026e-11
3945.84 3.6212e-11 3.6212e-11
3952.12 3.77679e-11 3.77679e-11
3958.41 3.47687e-11 3.47687e-11
3964.69 3.62934e-11 3.62934e-11
3970.97 3.33827e-11 3.33827e-11
3977.26 3.48766e-11 3.48766e-11
3983.54 3.20518e-11 3.20518e-11
3989.82 3.35153e-11 3.35153e-11
3996.11 3.07738e-11 3.07738e-11
4002.39 3.22074e-11 3.22074e-11
4008.67 2.95466e-11 2.95466e-11
4014.96 3.09506e-11 3.09506e-11
4021.24 2.83682e-11 2.83682e-11
4027.52 2.9743e-11 2.9743e-11
4033.8 2.72367e-11 2.72367e-11
4040.09 2.85827e-11 2.85827e-11
4046.37 2.61501e-11 2.61501e-11
4052.65 2.74679e-11 2.74679e-11
4058.94 2.51067e-11 2.51067e-11
4065.22 2.63966e-11 2.63966e-11
4071.5 2.41049e-11 2.41049e-11
4077.79 2.53673e-11 2.53673e-11
4084.07 2.31428e-11 2.31428e-11
4090.35 2.43782e-11 2.43782e-11
4096.64 2.2219e-11 2.2219e-11
4102.92 2.34278e-11 2.34278e-11
4109.2 2.1332e-11 2.1332e-11
4115.49 2.25146e-11 2.25146e-11
4121.77 2.04803e-11 2.04803e-11
4128.05 2.16372e-11 2.16372e-11
4134.34 1.96624e-11 1.96624e-11
4140.62 2.0794e-11 2.0794e-11
4146.9 1.88771e-11 1.88771e-11
4153.19 1.99838e-11 1.99838e-11
4159.47 1.8123e-11 1.8123e-11
4165.75 1.92052e-11 1.92052e-11
4172.04 1.73989e-11 1.73989e-11
4178.32 1.84571e-11 1.84571e-11
4184.6 1.67036e-11 1.67036e-11
4190.88 1.77382e-11 1.77382e-11
4197.17 1.6036e-11 1.6036e-11
4203.45 1.70474e-11 1.70474e-11
4209.73 1.5395e-11 1.5395e-11
4216.02 1.63836e-11 1.63836e-11
4222.3 1.47795e-11 1.47795e-11
4228.58 1.57458e-11 1.57458e-11
4234.87 1.41885e-11 1.41885e-11
4241.15 1.51328e-11 1.51328e-11
4247.43 1.36211e-11 1.36211e-11
4253.72 1.45438e-11 1.45438e-11
4260 1.30762e-11 1.30762e-11
4266.28 1.39778e-11 1.39778e-11
4272.57 1.25531e-11 1.25531e-11
4278.85 1.34338e-11 1.34338e-11
4285.13 1.20507e-11 1.20507e-11
4291.42 1.29112e-11 1.29112e-11
4297.7 1.15684e-11 1.15684e-11
4303.98 1.24089e-11 1.24089e-11
4310.27 1.11053e-11 1.11053e-11
4316.55 1.19262e-11 1.19262e-11
4322.83 1.06607e-11 1.06607e-11
4329.11 1.14623e-11 1.14623e-11
4335.4 1.02338e-11 1.02338e-11
4341.68 1.10165e-11 1.10165e-11
4347.96 9.82387e-12 9.82387e-12
4354.25 1.05882e-11 1.05882e-11
4360.53 9.43031e-12 9.43031e-12
4366.81 1.01765e-11 1.01765e-11
4373.1 9.05243e-12 9.05243e-12
4379.38 9.78088e-12 9.78088e-12
4385.66 8.68963e-12 8.68963e-12
4391.95 9.40069e-12 9.40069e-12
4398.23 8.34129e-12 8.34129e-12
4404.51 9.03532e-12 9.03532e-12
4410.8 8.00685e-12 8.00685e-12
4417.08 8.68418e-12 8.68418e-12
4423.36 7.68575e-12 7.68575e-12
4429.65 8.34673e-12 8.34673e-12
4435.93 7.37747e-12 7.37747e-12
4442.21 8.02243e-12 8.02243e-12
4448.5 7.08148e-12 7.08148e-12
4454.78 7.71077e-12 7.71077e-12
4461.06 6.79731e-12 6.79731e-12
4467.34 7.41124e-12 7.41124e-12
4473.63 6.52448e-12 6.52448e-12
4479.91 7.12338e-12 7.12338e-12
4486.19 6.26254e-12 6.26254e-12
4492.48 6.84673e-12 6.84673e-12
4498.76 6.01107e-12 6.01107e-12
4505.04 6.58084e-12 6.58084e-12
4511.33 5.76964e-12 5.76964e-12
4517.61 6.32531e-12 6.32531e-12
4523.89 5.53785e-12 5.53785e-12
4530.18 6.07972e-12 6.07972e-12
4536.46 5.31532e-12 5.31532e-12
4542.74 5.8437e-12 5.8437e-12
4549.03 5.10168e-12 5.10168e-12
4555.31 5.61685e-12 5.61685e-12
4561.59 4.89658e-12 4.89658e-12
4567.88 5.39883e-12 5.39883e-12
4574.16 4.69968e-12 4.69968e-12
4580.44 5.18929e-12 5.18929e-12
4586.73 4.51065e-12 4.51065e-12
4593.01 4.98789e-12 4.98789e-12
4599.29 4.32918e-12 4.32918e-12
4605.57 4.79433e-12 4.79433e-12
4611.86 4.15497e-12 4.15497e-12
4618.14 4.60829e-12 4.60829e-12
4624.42 3.98773e-12 3.98773e-12
4630.71 4.42949e-12 4.42949e-12
4636.99 3.82718e-12 3.82718e-12
4643.27 4.25763e-12 4.25763e-12
4649.56 3.67306e-12 3.67306e-12
4655.84 4.09245e-12 4.09245e-12
4662.12 3.5251e-12 3.5251e-12
4668.41 3.93369e-12 3.93369e-12
4674.69 3.38307e-12 3.38307e-12
4680.97 3.78109e-12 3.78109e-12
4687.26 3.24672e-12 3.24672e-12
4693.54 3.63442e-12 3.63442e-12
4699.82 3.11584e-12 3.11584e-12
4706.11 3.49345e-12 3.49345e-12
4712.39 2.99019e-12 2.99019e-12
4718.67 3.35795e-12 3.35795e-12
4724.96 2.86959e-12 2.86959e-12
4731.24 3.22771e-12 3.22771e-12
4737.52 2.75381e-12 2.75381e-12
4743.8 3.10252e-12 3.10252e-12
4750.09 2.64268e-12 2.64268e-12
4756.37 2.98219e-12 2.98219e-12
4762.65 2.536e-12 2.536e-12
4768.94 2.86653e-12 2.86653e-12
4775.22 2.43361e-12 2.43361e-12
4781.5 2.75536e-12 2.75536e-12
4787.79 2.33531e-12 2.33531e-12
4794.07 2.6485e-12 2.6485e-12
4800.35 2.24097e-12 2.24097e-12
4806.64 2.54578e-12 2.54578e-12
4812.92 2.15041e-12 2.15041e-12
4819.2 2.44704e-12 2.44704e-12
4825.49 2.06348e-12 2.06348e-12
4831.77 2.35213e-12 2.35213e-12
4838.05 1.98004e-12 1.98004e-12
4844.34 2.2609e-12 2.2609e-12
4850.62 1.89996e-12 1.89996e-12
4856.9 2.1732e-12 2.1732e-12
4863.19 1.82309e-12 1.82309e-12
4869.47 2.0889e-12 2.0889e-12
4875.75 1.74931e-12 1.74931e-12
4882.03 2.00787e-12 2.00787e-12
4888.32 1.6785e-12 1.6785e-12
4894.6 1.92998e-12 1.92998e-12
4900.88 1.61053e-12 1.61053e-12
4907.17 1.8551e-12 1.8551e-12
4913.45 1.5453e-12 1.5453e-12
4919.73 1.78312e-12 1.78312e-12
4926.02 1.48269e-12 1.48269e-12
4932.3 1.71392e-12 1.71392e-12
4938.58 1.4226e-12 1.4226e-12
4944.87 1.6474e-12 1.6474e-12
4951.15 1.36492e-12 1.36492e-12
4957.43 1.58346e-12 1.58346e-12
4963.72 1.30957e-12 1.30957e-12
4970 1.52199e-12 1.52199e-12
4976.28 1.25645e-12 1.25645e-12
4982.57 1.4629e-12 1.4629e-12
4988.85 1.20546e-12 1.20546e-12
4995.13 1.40609e-12 1.40609e-12
5001.42 1.15653e-12 1.15653e-12
5007.7 1.35148e-12 1.35148e-12
5013.98 1.10958e-12 1.10958e-12
5020.27 1.29898e-12 1.29898e-12
5026.55 1.06451e-12 1.06451e-12
5032.83 1.24851e-12 1.24851e-12
5039.11 1.02126e-12 1.02126e-12
5045.4 1.19999e-12 1.19999e-12
5051.68 9.7976e-13 9.7976e-13
5057.96 1.15335e-12 1.15335e-12
5064.25 9.39931e-13 9.39931e-13
5070.53 1.10851e-12 1.10851e-12
5076.81 9.01709e-13 9.01709e-13
5083.1 1.06539e-12 1.06539e-12
5089.38 8.6503e-13 8.6503e-13
5095.66 1.02395e-12 1.02395e-12
5101.95 8.29832e-13 8.29832e-13
5108.23 9.84101e-13 9.84101e-13
5114.51 7.96056e-13 7.96056e-13
5120.8 9.45793e-13 9.45793e-13
5127.08 7.63645e-13 7.63645e-13
5133.36 9.08963e-13 9.08963e-13
5139.65 7.32544e-13 7.32544e-13
5145.93 8.73555e-13 8.73555e-13
5152.21 7.027e-13 7.027e-13
5158.5 8.39513e-13 8.39513e-13
5164.78 6.74063e-13 6.74063e-13
5171.06 8.06784e-13 8.06784e-13
5177.34 6.46585e-13 6.46585e-13
5183.63 7.75318e-13 7.75318e-13
5189.91 6.20219e-13 6.20219e-13
5196.19 7.45065e-13 7.45065e-13
5202.48 5.94921e-13 5.94921e-13
5208.76 7.15979e-13 7.15979e-13
5215.04 5.70647e-13 5.70647e-13
5221.33 6.88014e-13 6.88014e-13
5227.61 5.47356e-13 5.47356e-13
5233.89 6.61127e-13 6.61127e-13
5240.18 5.25009e-13 5.25009e-13
5246.46 6.35277e-13 6.35277e-13
5252.74 5.03569e-13 5.03569e-13
5259.03 6.10423e-13 6.10423e-13
5265.31 4.82998e-13 4.82998e-13
5271.59 5.86527e-13 5.86527e-13
5277.88 4.63261e-13 4.63261e-13
5284.16 5.63551e-13 5.63551e-13
5290.44 4.44326e-13 4.44326e-13
5296.73 5.41461e-13 5.41461e-13
5303.01 4.26159e-13 4.26159e-13
5309.29 5.20222e-13 5.20222e-13
5315.57 4.08731e-13 4.08731e-13
5321.86 4.99801e-13 4.99801e-13
5328.14 3.9201e-13 3.9201e-13
5334.42 4.80166e-13 4.80166e-13
5340.71 3.7597e-13 3.7597e-13
5346.99 4.61288e-13 4.61288e-13
5353.27 3.60582e-13 3.60582e-13
5359.56 4.43137e-13 4.43137e-13
5365.84 3.45819e-13 3.45819e-13
5372.12 4.25685e-13 4.25685e-13
5378.41 3.31658e-13 3.31658e-13
5384.69 4.08905e-13 4.08905e-13
5390.97 3.18074e-13 3.18074e-13
5397.26 3.92771e-13 3.92771e-13
5403.54 3.05043e-13 3.05043e-13
5409.82 3.77259e-13 3.77259e-13
5416.11 2.92543e-13 2.92543e-13
5422.39 3.62344e-13 3.62344e-13
5428.67 2.80553e-13 2.80553e-13
5434.96 3.48004e-13 3.48004e-13
5441.24 2.69052e-13 2.69052e-13
5447.52 3.34216e-13 3.34216e-13
5453.8 2.58021e-13 2.58021e-13
5460.09 3.2096e-13 3.2096e-13
5466.37 2.4744e-13 2.4744e-13
5472.65 3.08214e-13 3.08214e-13
5478.94 2.37292e-13 2.37292e-13
5485.22 2.95959e-13 2.95959e-13
5491.5 2.27559e-13 2.27559e-13
5497.79 2.84177e-13 2.84177e-13
5504.07 2.18224e-13 2.18224e-13
5510.35 2.72849e-13 2.72849e-13
5516.64 2.09272e-13 2.09272e-13
5522.92 2.61958e-13 2.61958e-13
5529.2 2.00686e-13 2.00686e-13
5535.49 2.51487e-13 2.51487e-13
5541.77 1.92452e-13 1.92452e-13
5548.05 2.4142e-13 2.4142e-13
5554.34 1.84556e-13 1.84556e-13
5560.62 2.31742e-13 2.31742e-13
5566.9 1.76985e-13 1.76985e-13
5573.19 2.22437e-13 2.22437e-13
5579.47 1.69724e-13 1.69724e-13
5585.75 2.13492e-13 2.13492e-13
5592.03 1.62763e-13 1.62763e-13
5598.32 2.04893e-13 2.04893e-13
5604.6 1.56087e-13 1.56087e-13
5610.88 1.96627e-13 1.96627e-13
5617.17 1.49687e-13 1.49687e-13
5623.45 1.8868e-13 1.8868e-13
5629.73 1.43551e-13 1.43551e-13
5636.02 1.81042e-13 1.81042e-13
5642.3 1.37668e-13 1.37668e-13
5648.58 1.737e-13 1.737e-13
5654.87 1.32029e-13 1.32029e-13
5661.15 1.66642e-13 1.66642e-13
5667.43 1.26622e-13 1.26622e-13
5673.72 1.59859e-13 1.59859e-13
5680 1.2144e-13 1.2144e-13
5686.28 1.5334e-13 1.5334e-13
5692.57 1.16473e-13 1.16473e-13
5698.85 1.47075e-13 1.47075e-13
5705.13 1.11712e-13 1.11712e-13
5711.42 1.41054e-13 1.41054e-13
5717.7 1.07149e-13 1.07149e-13
5723.98 1.35268e-13 1.35268e-13
5730.27 1.02777e-13 1.02777e-13
5736.55 1.29709e-13 1.29709e-13
5742.83 9.85866e-14 9.85866e-14
5749.11 1.24367e-13 1.24367e-13
5755.4 9.45718e-14 9.45718e-14
5761.68 1.19236e-13 1.19236e-13
5767.96 9.07253e-14 9.07253e-14
5774.25 1.14306e-13 1.14306e-13
5780.53 8.70403e-14 8.70403e-14
5786.81 1.0957e-13 1.0957e-13
5793.1 8.35104e-14 8.35104e-14
5799.38 1.05022e-13 1.05022e-13
5805.66 8.01294e-14 8.01294e-14
5811.95 1.00655e-13 1.00655e-13
5818.23 7.68915e-14 7.68915e-14
5824.51 9.64606e-14 9.64606e-14
5830.8 7.37909e-14 7.37909e-14
5837.08 9.24339e-14 9.24339e-14
5843.36 7.08222e-14 7.08222e-14
5849.65 8.85685e-14 8.85685e-14
5855.93 6.79803e-14 6.79803e-14
5862.21 8.48584e-14 8.48584e-14
5868.5 6.52602e-14 6.52602e-14
5874.78 8.1298e-14 8.1298e-14
5881.06 6.2657e-14 6.2657e-14
5887.34 7.7882e-14 7.7882e-14
5893.63 6.01662e-14 6.01662e-14
5899.91 7.46051e-14 7.46051e-14
5906.19 5.77835e-14 5.77835e-14
5912.48 7.14624e-14 7.14624e-14
5918.76 5.55046e-14 5.55046e-14
5925.04 6.84492e-14 6.84492e-14
5931.33 5.33256e-14 5.33256e-14
5937.61 6.55609e-14 6.55609e-14
5943.89 5.12426e-14 5.12426e-14
5950.18 6.27931e-14 6.27931e-14
5956.46 4.92519e-14 4.92519e-14
5962.74 6.01416e-14 6.01416e-14
5969.03 4.73501e-14 4.73501e-14
5975.31 5.76024e-14 5.76024e-14
5981.59 4.55338e-14 4.55338e-14
5987.88 5.51717e-14 5.51717e-14
5994.16 4.37997e-14 4.37997e-14
6000.44 5.28459e-14 5.28459e-14
6006.73 4.21449e-14 4.21449e-14
6013.01 5.06213e-14 5.06213e-14
6019.29 4.05663e-14 4.05663e-14
6025.57 4.84947e-14 4.84947e-14
6031.86 3.90613e-14 3.90613e-14
6038.14 4.64628e-14 4.64628e-14
6044.42 3.76271e-14 3.76271e-14
6050.71 4.45226e-14 4.45226e-14
6056.99 3.62612e-14 3.62612e-14
6063.27 4.26711e-14 4.26711e-14
6069.56 3.49613e-14 3.49613e-14
6075.84 4.09056e-14 4.09056e-14
6082.12 3.37249e-14 3.37249e-14
6088.41 3.92234e-14 3.92234e-14
6094.69 3.25499e-14 3.25499e-14
6100.97 3.7622e-14 3.7622e-14
6107.26 3.14343e-14 3.14343e-14
6113.54 3.60989e-14 3.60989e-14
6119.82 3.03759e-14 3.03759e-14
6126.11 3.46519e-14 3.46519e-14
6132.39 2.93731e-14 2.93731e-14
6138.67 3.32788e-14 3.32788e-14
6144.96 2.84239e-14 2.84239e-14
6151.24 3.19775e-14 3.19775e-14
6157.52 2.75267e-14 2.75267e-14
6163.8 3.0746e-14 3.0746e-14
6170.09 2.668e-14 2.668e-14
6176.37 2.95826e-14 2.95826e-14
6182.65 2.58821e-14 2.58821e-14
6188.94 2.84854e-14 2.84854e-14
6195.22 2.51317e-14 2.51317e-14
6201.5 2.74529e-14 2.74529e-14
6207.79 2.44275e-14 2.44275e-14
6214.07 2.64834e-14 2.64834e-14
6220.35 2.37681e-14 2.37681e-14
6226.64 2.55755e-14 2.55755e-14
6232.92 2.31525e-14 2.31525e-14
6239.2 2.47278e-14 2.47278e-14
6245.49 2.25795e-14 2.25795e-14
6251.77 2.39392e-14 2.39392e-14
6258.05 2.20481e-14 2.20481e-14
6264.34 2.32083e-14 2.32083e-14
6270.62 2.15574e-14 2.15574e-14
6276.9 2.25341e-14 2.25341e-14
6283.19 2.11064e-14 2.11064e-14
6289.47 2.19155e-14 2.19155e-14
6295.75 2.06944e-14 2.06944e-14
6302.03 2.13518e-14 2.13518e-14
6308.32 2.03207e-14 2.03207e-14
6314.6 2.08419e-14 2.08419e-14
6320.88 1.99845e-14 1.99845e-14
6327.17 2.03852e-14 2.03852e-14
6333.45 1.96853e-14 1.96853e-14
6339.73 1.99809e-14 1.99809e-14
6346.02 1.94226e-14 1.94226e-14
6352.3 1.96285e-14 1.96285e-14
6358.58 1.91958e-14 1.91958e-14
6364.87 1.93274e-14 1.93274e-14
6371.15 1.90046e-14 1.90046e-14
6377.43 1.90772e-14 1.90772e-14
6383.72 1.88486e-14 1.88486e-14
6390 1.88774e-14 1.88774e-14
6396.28 1.87276e-14 1.87276e-14
6402.57 1.87279e-14 1.87279e-14
6408.85 1.86413e-14 1.86413e-14
6415.13 1.86283e-14 1.86283e-14
6421.42 1.85896e-14 1.85896e-14
6427.7 1.85786e-14 1.85786e-14
6433.98 1.85724e-14 1.85724e-14
