0 1.13878e-14 1.13878e-14
6.28319 0.0203448 0.0203448
12.5664 0.00505963 0.00505963
18.8496 0.00224749 0.00224749
25.1327 0.00126174 0.00126174
31.4159 0.000808186 0.000808186
37.6991 0.000559845 0.000559845
43.9823 0.00041175 0.00041175
50.2655 0.000314352 0.000314352
56.5487 0.000248609 0.000248609
62.8319 0.000200753 0.000200753
69.115 0.000166032 0.000166032
75.3982 0.000139051 0.000139051
81.6814 0.000118541 0.000118541
87.9646 0.00010185 0.00010185
94.2478 8.87469e-05 8.87469e-05
100.531 7.77061e-05 7.77061e-05
106.814 6.88365e-05 6.88365e-05
113.097 6.11546e-05 6.11546e-05
119.381 5.4877e-05 5.4877e-05
125.664 4.93167e-05 4.93167e-05
131.947 4.47137e-05 4.47137e-05
138.23 4.05591e-05 4.05591e-05
144.513 3.70857e-05 3.70857e-05
150.796 3.38994e-05 3.38994e-05
157.08 3.12152e-05 3.12152e-05
163.363 2.87178e-05 2.87178e-05
169.646 2.66014e-05 2.66014e-05
175.929 2.46074e-05 2.46074e-05
182.212 2.291e-05 2.291e-05
188.496 2.12926e-05 2.12926e-05
194.779 1.99109e-05 1.99109e-05
201.062 1.85807e-05 1.85807e-05
207.345 1.74415e-05 1.74415e-05
213.628 1.63343e-05 1.63343e-05
219.911 1.53843e-05 1.53843e-05
226.195 1.44529e-05 1.44529e-05
232.478 1.36527e-05 1.36527e-05
238.761 1.28618e-05 1.28618e-05
245.044 1.21817e-05 1.21817e-05
251.327 1.15044e-05 1.15044e-05
257.611 1.09217e-05 1.09217e-05
263.894 1.03373e-05 1.03373e-05
270.177 9.83456e-06 9.83456e-06
276.46 9.32682e-06 9.32682e-06
282.743 8.89015e-06 8.89015e-06
289.027 8.44631e-06 8.44631e-06
295.31 8.06478e-06 8.06478e-06
301.593 7.6746e-06 7.6746e-06
307.876 7.33943e-06 7.33943e-06
314.159 6.99466e-06 6.99466e-06
320.442 6.69876e-06 6.69876e-06
326.726 6.39267e-06 6.39267e-06
333.009 6.13026e-06 6.13026e-06
339.292 5.85733e-06 5.85733e-06
345.575 5.62363e-06 5.62363e-06
351.858 5.3793e-06 5.3793e-06
358.142 5.17037e-06 5.17037e-06
364.425 4.95084e-06 4.95084e-06
370.708 4.76339e-06 4.76339e-06
376.991 4.56547e-06 4.56547e-06
383.274 4.39673e-06 4.39673e-06
389.557 4.21772e-06 4.21772e-06
395.841 4.06536e-06 4.06536e-06
402.124 3.90299e-06 3.90299e-06
408.407 3.76503e-06 3.76503e-06
414.69 3.61734e-06 3.61734e-06
420.973 3.49208e-06 3.49208e-06
427.257 3.35741e-06 3.35741e-06
433.54 3.24341e-06 3.24341e-06
439.823 3.12032e-06 3.12032e-06
446.106 3.01632e-06 3.01632e-06
452.389 2.90356e-06 2.90356e-06
458.673 2.80848e-06 2.80848e-06
464.956 2.70498e-06 2.70498e-06
471.239 2.61787e-06 2.61787e-06
477.522 2.52268e-06 2.52268e-06
483.805 2.44274e-06 2.44274e-06
490.088 2.35503e-06 2.35503e-06
496.372 2.28153e-06 2.28153e-06
502.655 2.20058e-06 2.20058e-06
508.938 2.13289e-06 2.13289e-06
515.221 2.05805e-06 2.05805e-06
521.504 1.99561e-06 1.99561e-06
527.788 1.92633e-06 1.92633e-06
534.071 1.86866e-06 1.86866e-06
540.354 1.80442e-06 1.80442e-06
546.637 1.75107e-06 1.75107e-06
552.92 1.69144e-06 1.69144e-06
559.203 1.64203e-06 1.64203e-06
565.487 1.5866e-06 1.5866e-06
571.77 1.54078e-06 1.54078e-06
578.053 1.4892e-06 1.4892e-06
584.336 1.44666e-06 1.44666e-06
590.619 1.39861e-06 1.39861e-06
596.903 1.35907e-06 1.35907e-06
603.186 1.31425e-06 1.31425e-06
609.469 1.27747e-06 1.27747e-06
615.752 1.23564e-06 1.23564e-06
622.035 1.20139e-06 1.20139e-06
628.319 1.16229e-06 1.16229e-06
634.602 1.13037e-06 1.13037e-06
640.885 1.09381e-06 1.09381e-06
647.168 1.06403e-06 1.06403e-06
653.451 1.02981e-06 1.02981e-06
659.734 1.00201e-06 1.00201e-06
666.018 9.69954e-07 9.69954e-07
672.301 9.43984e-07 9.43984e-07
678.584 9.13931e-07 9.13931e-07
684.867 8.89651e-07 8.89651e-07
691.15 8.61458e-07 8.61458e-07
697.434 8.38743e-07 8.38743e-07
703.717 8.12277e-07 8.12277e-07
710 7.91013e-07 7.91013e-07
716.283 7.66152e-07 7.66152e-07
722.566 7.46235e-07 7.46235e-07
728.849 7.22869e-07 7.22869e-07
735.133 7.04202e-07 7.04202e-07
741.416 6.82228e-07 6.82228e-07
747.699 6.64725e-07 6.64725e-07
753.982 6.44048e-07 6.44048e-07
760.265 6.27628e-07 6.27628e-07
766.549 6.08162e-07 6.08162e-07
772.832 5.9275e-07 5.9275e-07
779.115 5.74415e-07 5.74415e-07
785.398 5.59944e-07 5.59944e-07
791.681 5.42667e-07 5.42667e-07
797.965 5.29073e-07 5.29073e-07
804.248 5.12785e-07 5.12785e-07
810.531 5.0001e-07 5.0001e-07
816.814 4.84649e-07 4.84649e-07
823.097 4.72639e-07 4.72639e-07
829.38 4.58146e-07 4.58146e-07
835.664 4.46852e-07 4.46852e-07
841.947 4.33172e-07 4.33172e-07
848.23 4.22548e-07 4.22548e-07
854.513 4.09632e-07 4.09632e-07
860.796 3.99635e-07 3.99635e-07
867.08 3.87435e-07 3.87435e-07
873.363 3.78025e-07 3.78025e-07
879.646 3.66498e-07 3.66498e-07
885.929 3.57639e-07 3.57639e-07
892.212 3.46745e-07 3.46745e-07
898.495 3.38402e-07 3.38402e-07
904.779 3.28102e-07 3.28102e-07
911.062 3.20243e-07 3.20243e-07
917.345 3.10503e-07 3.10503e-07
923.628 3.03099e-07 3.03099e-07
929.911 2.93885e-07 2.93885e-07
936.195 2.86908e-07 2.86908e-07
942.478 2.78191e-07 2.78191e-07
948.761 2.71614e-07 2.71614e-07
955.044 2.63364e-07 2.63364e-07
961.327 2.57165e-07 2.57165e-07
967.611 2.49355e-07 2.49355e-07
973.894 2.4351e-07 2.4351e-07
980.177 2.36115e-07 2.36115e-07
986.46 2.30603e-07 2.30603e-07
992.743 2.23599e-07 2.23599e-07
999.026 2.18401e-07 2.18401e-07
1005.31 2.11767e-07 2.11767e-07
1011.59 2.06864e-07 2.06864e-07
1017.88 2.00578e-07 2.00578e-07
1024.16 1.95953e-07 1.95953e-07
1030.44 1.89997e-07 1.89997e-07
1036.73 1.85633e-07 1.85633e-07
1043.01 1.79988e-07 1.79988e-07
1049.29 1.75871e-07 1.75871e-07
1055.58 1.70519e-07 1.70519e-07
1061.86 1.66634e-07 1.66634e-07
1068.14 1.6156e-07 1.6156e-07
1074.42 1.57893e-07 1.57893e-07
1080.71 1.53082e-07 1.53082e-07
1086.99 1.49621e-07 1.49621e-07
1093.27 1.45058e-07 1.45058e-07
1099.56 1.41792e-07 1.41792e-07
1105.84 1.37463e-07 1.37463e-07
1112.12 1.3438e-07 1.3438e-07
1118.41 1.30273e-07 1.30273e-07
1124.69 1.27364e-07 1.27364e-07
1130.97 1.23467e-07 1.23467e-07
1137.26 1.2072e-07 1.2072e-07
1143.54 1.17022e-07 1.17022e-07
1149.82 1.14429e-07 1.14429e-07
1156.11 1.10919e-07 1.10919e-07
1162.39 1.08472e-07 1.08472e-07
1168.67 1.0514e-07 1.0514e-07
1174.96 1.02829e-07 1.02829e-07
1181.24 9.96659e-08 9.96659e-08
1187.52 9.74847e-08 9.74847e-08
1193.81 9.44812e-08 9.44812e-08
1200.09 9.2422e-08 9.2422e-08
1206.37 8.957e-08 8.957e-08
1212.65 8.7626e-08 8.7626e-08
1218.94 8.49174e-08 8.49174e-08
1225.22 8.30822e-08 8.30822e-08
1231.5 8.05095e-08 8.05095e-08
1237.79 7.8777e-08 7.8777e-08
1244.07 7.63331e-08 7.63331e-08
1250.35 7.46976e-08 7.46976e-08
1256.64 7.23759e-08 7.23759e-08
1262.92 7.0832e-08 7.0832e-08
1269.2 6.86261e-08 6.86261e-08
1275.49 6.71687e-08 6.71687e-08
1281.77 6.50726e-08 6.50726e-08
1288.05 6.36969e-08 6.36969e-08
1294.34 6.17049e-08 6.17049e-08
1300.62 6.04064e-08 6.04064e-08
1306.9 5.85132e-08 5.85132e-08
1313.19 5.72876e-08 5.72876e-08
1319.47 5.54881e-08 5.54881e-08
1325.75 5.43314e-08 5.43314e-08
1332.04 5.26207e-08 5.26207e-08
1338.32 5.15291e-08 5.15291e-08
1344.6 4.99028e-08 4.99028e-08
1350.88 4.88726e-08 4.88726e-08
1357.17 4.73263e-08 4.73263e-08
1363.45 4.63543e-08 4.63543e-08
1369.73 4.48839e-08 4.48839e-08
1376.02 4.39667e-08 4.39667e-08
1382.3 4.25685e-08 4.25685e-08
1388.58 4.17032e-08 4.17032e-08
1394.87 4.03734e-08 4.03734e-08
1401.15 3.9557e-08 3.9557e-08
1407.43 3.82922e-08 3.82922e-08
1413.72 3.75221e-08 3.75221e-08
1420 3.6319e-08 3.6319e-08
1426.28 3.55926e-08 3.55926e-08
1432.57 3.44481e-08 3.44481e-08
1438.85 3.3763e-08 3.3763e-08
1445.13 3.26742e-08 3.26742e-08
1451.42 3.20281e-08 3.20281e-08
1457.7 3.09921e-08 3.09921e-08
1463.98 3.03829e-08 3.03829e-08
1470.27 2.93971e-08 2.93971e-08
1476.55 2.88227e-08 2.88227e-08
1482.83 2.78846e-08 2.78846e-08
1489.11 2.73431e-08 2.73431e-08
1495.4 2.64503e-08 2.64503e-08
1501.68 2.59399e-08 2.59399e-08
1507.96 2.50901e-08 2.50901e-08
1514.25 2.46091e-08 2.46091e-08
1520.53 2.38002e-08 2.38002e-08
1526.81 2.3347e-08 2.3347e-08
1533.1 2.2577e-08 2.2577e-08
1539.38 2.21499e-08 2.21499e-08
1545.66 2.14168e-08 2.14168e-08
1551.95 2.10145e-08 2.10145e-08
1558.23 2.03165e-08 2.03165e-08
1564.51 1.99376e-08 1.99376e-08
1570.8 1.9273e-08 1.9273e-08
1577.08 1.89162e-08 1.89162e-08
1583.36 1.82833e-08 1.82833e-08
1589.65 1.79473e-08 1.79473e-08
1595.93 1.73446e-08 1.73446e-08
1602.21 1.70283e-08 1.70283e-08
1608.5 1.64542e-08 1.64542e-08
1614.78 1.61565e-08 1.61565e-08
1621.06 1.56097e-08 1.56097e-08
1627.34 1.53296e-08 1.53296e-08
1633.63 1.48087e-08 1.48087e-08
1639.91 1.45452e-08 1.45452e-08
1646.19 1.40489e-08 1.40489e-08
1652.48 1.38011e-08 1.38011e-08
1658.76 1.33283e-08 1.33283e-08
1665.04 1.30952e-08 1.30952e-08
1671.33 1.26447e-08 1.26447e-08
1677.61 1.24255e-08 1.24255e-08
1683.89 1.19962e-08 1.19962e-08
1690.18 1.17902e-08 1.17902e-08
1696.46 1.13811e-08 1.13811e-08
1702.74 1.11876e-08 1.11876e-08
1709.03 1.07976e-08 1.07976e-08
1715.31 1.06158e-08 1.06158e-08
1721.59 1.02441e-08 1.02441e-08
1727.88 1.00734e-08 1.00734e-08
1734.16 9.71909e-09 9.71909e-09
1740.44 9.55878e-09 9.55878e-09
1746.73 9.22101e-09 9.22101e-09
1753.01 9.07055e-09 9.07055e-09
1759.29 8.74852e-09 8.74852e-09
1765.58 8.60734e-09 8.60734e-09
1771.86 8.30029e-09 8.30029e-09
1778.14 8.16787e-09 8.16787e-09
1784.42 7.87507e-09 7.87507e-09
1790.71 7.75091e-09 7.75091e-09
1796.99 7.47167e-09 7.47167e-09
1803.27 7.35531e-09 7.35531e-09
1809.56 7.08898e-09 7.08898e-09
1815.84 6.97997e-09 6.97997e-09
1822.12 6.72593e-09 6.72593e-09
1828.41 6.62384e-09 6.62384e-09
1834.69 6.3815e-09 6.3815e-09
1840.97 6.28593e-09 6.28593e-09
1847.26 6.05474e-09 6.05474e-09
1853.54 5.96532e-09 5.96532e-09
1859.82 5.74474e-09 5.74474e-09
1866.11 5.66111e-09 5.66111e-09
1872.39 5.45064e-09 5.45064e-09
1878.67 5.37247e-09 5.37247e-09
1884.96 5.17162e-09 5.17162e-09
1891.24 5.09858e-09 5.09858e-09
1897.52 4.9069e-09 4.9069e-09
1903.81 4.8387e-09 4.8387e-09
1910.09 4.65574e-09 4.65574e-09
1916.37 4.59211e-09 4.59211e-09
1922.65 4.41747e-09 4.41747e-09
1928.94 4.35812e-09 4.35812e-09
1935.22 4.1914e-09 4.1914e-09
1941.5 4.13608e-09 4.13608e-09
1947.79 3.97691e-09 3.97691e-09
1954.07 3.9254e-09 3.9254e-09
1960.35 3.77342e-09 3.77342e-09
1966.64 3.72547e-09 3.72547e-09
1972.92 3.58034e-09 3.58034e-09
1979.2 3.53576e-09 3.53576e-09
1985.49 3.39716e-09 3.39716e-09
1991.77 3.35573e-09 3.35573e-09
1998.05 3.22336e-09 3.22336e-09
2004.34 3.1849e-09 3.1849e-09
2010.62 3.05846e-09 3.05846e-09
2016.9 3.02279e-09 3.02279e-09
2023.19 2.902e-09 2.902e-09
2029.47 2.86896e-09 2.86896e-09
2035.75 2.75356e-09 2.75356e-09
2042.04 2.72297e-09 2.72297e-09
2048.32 2.61271e-09 2.61271e-09
2054.6 2.58443e-09 2.58443e-09
2060.88 2.47907e-09 2.47907e-09
2067.17 2.45297e-09 2.45297e-09
2073.45 2.35228e-09 2.35228e-09
2079.73 2.3282e-09 2.3282e-09
2086.02 2.23197e-09 2.23197e-09
2092.3 2.20981e-09 2.20981e-09
2098.58 2.11782e-09 2.11782e-09
2104.87 2.09745e-09 2.09745e-09
2111.15 2.00951e-09 2.00951e-09
2117.43 1.99081e-09 1.99081e-09
2123.72 1.90675e-09 1.90675e-09
2130 1.88962e-09 1.88962e-09
2136.28 1.80924e-09 1.80924e-09
2142.57 1.79358e-09 1.79358e-09
2148.85 1.71672e-09 1.71672e-09
2155.13 1.70244e-09 1.70244e-09
2161.42 1.62893e-09 1.62893e-09
2167.7 1.61594e-09 1.61594e-09
2173.98 1.54564e-09 1.54564e-09
2180.27 1.53385e-09 1.53385e-09
2186.55 1.4666e-09 1.4666e-09
2192.83 1.45594e-09 1.45594e-09
2199.11 1.39161e-09 1.39161e-09
2205.4 1.382e-09 1.382e-09
2211.68 1.32045e-09 1.32045e-09
2217.96 1.31183e-09 1.31183e-09
2224.25 1.25293e-09 1.25293e-09
2230.53 1.24523e-09 1.24523e-09
2236.81 1.18887e-09 1.18887e-09
2243.1 1.18202e-09 1.18202e-09
2249.38 1.12808e-09 1.12808e-09
2255.66 1.12202e-09 1.12202e-09
2261.95 1.0704e-09 1.0704e-09
2268.23 1.06508e-09 1.06508e-09
2274.51 1.01567e-09 1.01567e-09
2280.8 1.01104e-09 1.01104e-09
2287.08 9.63732e-10 9.63732e-10
2293.36 9.59751e-10 9.59751e-10
2299.65 9.14455e-10 9.14455e-10
2305.93 9.1107e-10 9.1107e-10
2312.21 8.67696e-10 8.67696e-10
2318.5 8.64865e-10 8.64865e-10
2324.78 8.23328e-10 8.23328e-10
2331.06 8.2101e-10 8.2101e-10
2337.34 7.81228e-10 7.81228e-10
2343.63 7.79385e-10 7.79385e-10
2349.91 7.4128e-10 7.4128e-10
2356.19 7.39877e-10 7.39877e-10
2362.48 7.03374e-10 7.03374e-10
2368.76 7.02378e-10 7.02378e-10
2375.04 6.67406e-10 6.67406e-10
2381.33 6.66785e-10 6.66785e-10
2387.61 6.33276e-10 6.33276e-10
2393.89 6.33001e-10 6.33001e-10
2400.18 6.00891e-10 6.00891e-10
2406.46 6.00934e-10 6.00934e-10
2412.74 5.70161e-10 5.70161e-10
2419.03 5.70497e-10 5.70497e-10
2425.31 5.41002e-10 5.41002e-10
2431.59 5.41606e-10 5.41606e-10
2437.88 5.13333e-10 5.13333e-10
2444.16 5.14183e-10 5.14183e-10
2450.44 4.87078e-10 4.87078e-10
2456.73 4.88152e-10 4.88152e-10
2463.01 4.62165e-10 4.62165e-10
2469.29 4.63444e-10 4.63444e-10
2475.58 4.38526e-10 4.38526e-10
2481.86 4.3999e-10 4.3999e-10
2488.14 4.16094e-10 4.16094e-10
2494.42 4.17728e-10 4.17728e-10
2500.71 3.94809e-10 3.94809e-10
2506.99 3.96595e-10 3.96595e-10
2513.27 3.74612e-10 3.74612e-10
2519.56 3.76535e-10 3.76535e-10
2525.84 3.55447e-10 3.55447e-10
2532.12 3.57493e-10 3.57493e-10
2538.41 3.37261e-10 3.37261e-10
2544.69 3.39417e-10 3.39417e-10
2550.97 3.20005e-10 3.20005e-10
2557.26 3.22258e-10 3.22258e-10
2563.54 3.0363e-10 3.0363e-10
2569.82 3.0597e-10 3.0597e-10
2576.11 2.88093e-10 2.88093e-10
2582.39 2.90508e-10 2.90508e-10
2588.67 2.7335e-10 2.7335e-10
2594.96 2.7583e-10 2.7583e-10
2601.24 2.5936e-10 2.5936e-10
2607.52 2.61896e-10 2.61896e-10
2613.81 2.46085e-10 2.46085e-10
2620.09 2.48668e-10 2.48668e-10
2626.37 2.33488e-10 2.33488e-10
2632.65 2.36112e-10 2.36112e-10
2638.94 2.21536e-10 2.21536e-10
2645.22 2.24191e-10 2.24191e-10
2651.5 2.10194e-10 2.10194e-10
2657.79 2.12875e-10 2.12875e-10
2664.07 1.99432e-10 1.99432e-10
2670.35 2.02132e-10 2.02132e-10
2676.64 1.8922e-10 1.8922e-10
2682.92 1.91933e-10 1.91933e-10
2689.2 1.7953e-10 1.7953e-10
2695.49 1.82251e-10 1.82251e-10
2701.77 1.70336e-10 1.70336e-10
2708.05 1.73059e-10 1.73059e-10
2714.34 1.61611e-10 1.61611e-10
2720.62 1.64332e-10 1.64332e-10
2726.9 1.53332e-10 1.53332e-10
2733.19 1.56048e-10 1.56048e-10
2739.47 1.45477e-10 1.45477e-10
2745.75 1.48182e-10 1.48182e-10
2752.04 1.38023e-10 1.38023e-10
2758.32 1.40715e-10 1.40715e-10
2764.6 1.30951e-10 1.30951e-10
2770.88 1.33626e-10 1.33626e-10
2777.17 1.24239e-10 1.24239e-10
2783.45 1.26895e-10 1.26895e-10
2789.73 1.17871e-10 1.17871e-10
2796.02 1.20505e-10 1.20505e-10
2802.3 1.11829e-10 1.11829e-10
2808.58 1.14438e-10 1.14438e-10
2814.87 1.06096e-10 1.06096e-10
2821.15 1.08678e-10 1.08678e-10
2827.43 1.00656e-10 1.00656e-10
2833.72 1.03209e-10 1.03209e-10
2840 9.54937e-11 9.54937e-11
2846.28 9.80164e-11 9.80164e-11
2852.57 9.05958e-11 9.05958e-11
2858.85 9.30863e-11 9.30863e-11
2865.13 8.59484e-11 8.59484e-11
2871.42 8.84054e-11 8.84054e-11
2877.7 8.15388e-11 8.15388e-11
2883.98 8.3961e-11 8.3961e-11
2890.27 7.73547e-11 7.73547e-11
2896.55 7.97411e-11 7.97411e-11
2902.83 7.33847e-11 7.33847e-11
2909.11 7.57343e-11 7.57343e-11
2915.4 6.96178e-11 6.96178e-11
2921.68 7.19299e-11 7.19299e-11
2927.96 6.60436e-11 6.60436e-11
2934.25 6.83175e-11 6.83175e-11
2940.53 6.26523e-11 6.26523e-11
2946.81 6.48875e-11 6.48875e-11
2953.1 5.94347e-11 5.94347e-11
2959.38 6.16306e-11 6.16306e-11
2965.66 5.63817e-11 5.63817e-11
2971.95 5.8538e-11 5.8538e-11
2978.23 5.34849e-11 5.34849e-11
2984.51 5.56015e-11 5.56015e-11
2990.8 5.07365e-11 5.07365e-11
2997.08 5.28131e-11 5.28131e-11
3003.36 4.81288e-11 4.81288e-11
3009.65 5.01652e-11 5.01652e-11
3015.93 4.56546e-11 4.56546e-11
3022.21 4.76509e-11 4.76509e-11
3028.5 4.33071e-11 4.33071e-11
3034.78 4.52633e-11 4.52633e-11
3041.06 4.10798e-11 4.10798e-11
3047.34 4.29961e-11 4.29961e-11
3053.63 3.89666e-11 3.89666e-11
3059.91 4.08431e-11 4.08431e-11
3066.19 3.69617e-11 3.69617e-11
3072.48 3.87986e-11 3.87986e-11
3078.76 3.50595e-11 3.50595e-11
3085.04 3.6857e-11 3.6857e-11
3091.33 3.32547e-11 3.32547e-11
3097.61 3.50132e-11 3.50132e-11
3103.89 3.15425e-11 3.15425e-11
3110.18 3.32622e-11 3.32622e-11
3116.46 2.9918e-11 2.9918e-11
3122.74 3.15994e-11 3.15994e-11
3129.03 2.83768e-11 2.83768e-11
3135.31 3.00202e-11 3.00202e-11
3141.59 2.69146e-11 2.69146e-11
3147.88 2.85205e-11 2.85205e-11
3154.16 2.55274e-11 2.55274e-11
3160.44 2.70962e-11 2.70962e-11
3166.73 2.42113e-11 2.42113e-11
3173.01 2.57435e-11 2.57435e-11
3179.29 2.29627e-11 2.29627e-11
3185.57 2.44589e-11 2.44589e-11
3191.86 2.17782e-11 2.17782e-11
3198.14 2.32388e-11 2.32388e-11
3204.42 2.06545e-11 2.06545e-11
3210.71 2.208e-11 2.208e-11
3216.99 1.95884e-11 1.95884e-11
3223.27 2.09794e-11 2.09794e-11
3229.56 1.85771e-11 1.85771e-11
3235.84 1.99342e-11 1.99342e-11
3242.12 1.76177e-11 1.76177e-11
3248.41 1.89413e-11 1.89413e-11
3254.69 1.67075e-11 1.67075e-11
3260.97 1.79984e-11 1.79984e-11
3267.26 1.58441e-11 1.58441e-11
3273.54 1.71027e-11 1.71027e-11
3279.82 1.50251e-11 1.50251e-11
3286.11 1.6252e-11 1.6252e-11
3292.39 1.42481e-11 1.42481e-11
3298.67 1.5444e-11 1.5444e-11
3304.96 1.35111e-11 1.35111e-11
3311.24 1.46765e-11 1.46765e-11
3317.52 1.28119e-11 1.28119e-11
3323.81 1.39474e-11 1.39474e-11
3330.09 1.21487e-11 1.21487e-11
3336.37 1.32549e-11 1.32549e-11
3342.65 1.15197e-11 1.15197e-11
3348.94 1.25971e-11 1.25971e-11
3355.22 1.09229e-11 1.09229e-11
3361.5 1.19722e-11 1.19722e-11
3367.79 1.03569e-11 1.03569e-11
3374.07 1.13786e-11 1.13786e-11
3380.35 9.81999e-12 9.81999e-12
3386.64 1.08148e-11 1.08148e-11
3392.92 9.31074e-12 9.31074e-12
3399.2 1.02791e-11 1.02791e-11
3405.49 8.8277e-12 8.8277e-12
3411.77 9.77026e-12 9.77026e-12
3418.05 8.36955e-12 8.36955e-12
3424.34 9.28685e-12 9.28685e-12
3430.62 7.935e-12 7.935e-12
3436.9 8.82761e-12 8.82761e-12
3443.19 7.52284e-12 7.52284e-12
3449.47 8.39132e-12 8.39132e-12
3455.75 7.13193e-12 7.13193e-12
3462.04 7.97682e-12 7.97682e-12
3468.32 6.76118e-12 6.76118e-12
3474.6 7.58303e-12 7.58303e-12
3480.88 6.40956e-12 6.40956e-12
3487.17 7.2089e-12 7.2089e-12
3493.45 6.07607e-12 6.07607e-12
3499.73 6.85344e-12 6.85344e-12
3506.02 5.7598e-12 5.7598e-12
3512.3 6.51572e-12 6.51572e-12
3518.58 5.45986e-12 5.45986e-12
3524.87 6.19484e-12 6.19484e-12
3531.15 5.17541e-12 5.17541e-12
3537.43 5.88995e-12 5.88995e-12
3543.72 4.90566e-12 4.90566e-12
3550 5.60026e-12 5.60026e-12
3556.28 4.64985e-12 4.64985e-12
3562.57 5.32501e-12 5.32501e-12
3568.85 4.40727e-12 4.40727e-12
3575.13 5.06346e-12 5.06346e-12
3581.42 4.17723e-12 4.17723e-12
3587.7 4.81492e-12 4.81492e-12
3593.98 3.9591e-12 3.9591e-12
3600.27 4.57876e-12 4.57876e-12
3606.55 3.75226e-12 3.75226e-12
3612.83 4.35434e-12 4.35434e-12
3619.11 3.55613e-12 3.55613e-12
3625.4 4.14108e-12 4.14108e-12
3631.68 3.37016e-12 3.37016e-12
3637.96 3.93842e-12 3.93842e-12
3644.25 3.19382e-12 3.19382e-12
3650.53 3.74583e-12 3.74583e-12
3656.81 3.02663e-12 3.02663e-12
3663.1 3.5628e-12 3.5628e-12
3669.38 2.86812e-12 2.86812e-12
3675.66 3.38885e-12 3.38885e-12
3681.95 2.71783e-12 2.71783e-12
3688.23 3.22353e-12 3.22353e-12
3694.51 2.57534e-12 2.57534e-12
3700.8 3.06641e-12 3.06641e-12
3707.08 2.44025e-12 2.44025e-12
3713.36 2.91708e-12 2.91708e-12
3719.65 2.31218e-12 2.31218e-12
3725.93 2.77515e-12 2.77515e-12
3732.21 2.19077e-12 2.19077e-12
3738.5 2.64025e-12 2.64025e-12
3744.78 2.07568e-12 2.07568e-12
3751.06 2.51202e-12 2.51202e-12
3757.34 1.96658e-12 1.96658e-12
3763.63 2.39014e-12 2.39014e-12
3769.91 1.86316e-12 1.86316e-12
3776.19 2.27428e-12 2.27428e-12
3782.48 1.76512e-12 1.76512e-12
3788.76 2.16415e-12 2.16415e-12
3795.04 1.6722e-12 1.6722e-12
3801.33 2.05946e-12 2.05946e-12
3807.61 1.58412e-12 1.58412e-12
3813.89 1.95993e-12 1.95993e-12
3820.18 1.50064e-12 1.50064e-12
3826.46 1.86532e-12 1.86532e-12
3832.74 1.42152e-12 1.42152e-12
3839.03 1.77538e-12 1.77538e-12
3845.31 1.34653e-12 1.34653e-12
3851.59 1.68987e-12 1.68987e-12
3857.88 1.27546e-12 1.27546e-12
3864.16 1.60857e-12 1.60857e-12
3870.44 1.20811e-12 1.20811e-12
3876.73 1.53127e-12 1.53127e-12
3883.01 1.14429e-12 1.14429e-12
3889.29 1.45778e-12 1.45778e-12
3895.57 1.08381e-12 1.08381e-12
3901.86 1.3879e-12 1.3879e-12
3908.14 1.0265e-12 1.0265e-12
3914.42 1.32145e-12 1.32145e-12
3920.71 9.72194e-13 9.72194e-13
3926.99 1.25827e-12 1.25827e-12
3933.27 9.20739e-13 9.20739e-13
3939.56 1.19819e-12 1.19819e-12
3945.84 8.71987e-13 8.71987e-13
3952.12 1.14106e-12 1.14106e-12
3958.41 8.25797e-13 8.25797e-13
3964.69 1.08673e-12 1.08673e-12
3970.97 7.82037e-13 7.82037e-13
3977.26 1.03506e-12 1.03506e-12
3983.54 7.40581e-13 7.40581e-13
3989.82 9.85916e-13 9.85916e-13
3996.11 7.01308e-13 7.01308e-13
4002.39 9.3918e-13 9.3918e-13
4008.67 6.64106e-13 6.64106e-13
4014.96 8.94729e-13 8.94729e-13
4021.24 6.28866e-13 6.28866e-13
4027.52 8.52451e-13 8.52451e-13
4033.8 5.95488e-13 5.95488e-13
4040.09 8.12236e-13 8.12236e-13
4046.37 5.63874e-13 5.63874e-13
4052.65 7.73984e-13 7.73984e-13
4058.94 5.33932e-13 5.33932e-13
4065.22 7.37596e-13 7.37596e-13
4071.5 5.05575e-13 5.05575e-13
4077.79 7.02982e-13 7.02982e-13
4084.07 4.78721e-13 4.78721e-13
4090.35 6.70052e-13 6.70052e-13
4096.64 4.53291e-13 4.53291e-13
4102.92 6.38725e-13 6.38725e-13
4109.2 4.29211e-13 4.29211e-13
4115.49 6.0892e-13 6.0892e-13
4121.77 4.06411e-13 4.06411e-13
4128.05 5.80563e-13 5.80563e-13
4134.34 3.84824e-13 3.84824e-13
4140.62 5.53582e-13 5.53582e-13
4146.9 3.64386e-13 3.64386e-13
4153.19 5.27909e-13 5.27909e-13
4159.47 3.45037e-13 3.45037e-13
4165.75 5.0348e-13 5.0348e-13
4172.04 3.2672e-13 3.2672e-13
4178.32 4.80234e-13 4.80234e-13
4184.6 3.09382e-13 3.09382e-13
4190.88 4.58112e-13 4.58112e-13
4197.17 2.92971e-13 2.92971e-13
4203.45 4.3706e-13 4.3706e-13
4209.73 2.77438e-13 2.77438e-13
4216.02 4.17023e-13 4.17023e-13
4222.3 2.62738e-13 2.62738e-13
4228.58 3.97954e-13 3.97954e-13
4234.87 2.48826e-13 2.48826e-13
4241.15 3.79803e-13 3.79803e-13
4247.43 2.35662e-13 2.35662e-13
4253.72 3.62527e-13 3.62527e-13
4260 2.23205e-13 2.23205e-13
4266.28 3.46081e-13 3.46081e-13
4272.57 2.11419e-13 2.11419e-13
4278.85 3.30426e-13 3.30426e-13
4285.13 2.00269e-13 2.00269e-13
4291.42 3.15523e-13 3.15523e-13
4297.7 1.8972e-13 1.8972e-13
4303.98 3.01335e-13 3.01335e-13
4310.27 1.79741e-13 1.79741e-13
4316.55 2.87826e-13 2.87826e-13
4322.83 1.70303e-13 1.70303e-13
4329.11 2.74965e-13 2.74965e-13
4335.4 1.61376e-13 1.61376e-13
4341.68 2.62718e-13 2.62718e-13
4347.96 1.52934e-13 1.52934e-13
4354.25 2.51056e-13 2.51056e-13
4360.53 1.4495e-13 1.4495e-13
4366.81 2.39951e-13 2.39951e-13
4373.1 1.37401e-13 1.37401e-13
4379.38 2.29376e-13 2.29376e-13
4385.66 1.30263e-13 1.30263e-13
4391.95 2.19304e-13 2.19304e-13
4398.23 1.23515e-13 1.23515e-13
4404.51 2.09711e-13 2.09711e-13
4410.8 1.17136e-13 1.17136e-13
4417.08 2.00573e-13 2.00573e-13
4423.36 1.11106e-13 1.11106e-13
4429.65 1.9187e-13 1.9187e-13
4435.93 1.05407e-13 1.05407e-13
4442.21 1.83579e-13 1.83579e-13
4448.5 1.00021e-13 1.00021e-13
4454.78 1.75681e-13 1.75681e-13
4461.06 9.49317e-14 9.49317e-14
4467.34 1.68156e-13 1.68156e-13
4473.63 9.01227e-14 9.01227e-14
4479.91 1.60987e-13 1.60987e-13
4486.19 8.55793e-14 8.55793e-14
4492.48 1.54155e-13 1.54155e-13
4498.76 8.12872e-14 8.12872e-14
4505.04 1.47646e-13 1.47646e-13
4511.33 7.7233e-14 7.7233e-14
4517.61 1.41443e-13 1.41443e-13
4523.89 7.34039e-14 7.34039e-14
4530.18 1.35532e-13 1.35532e-13
4536.46 6.97878e-14 6.97878e-14
4542.74 1.29898e-13 1.29898e-13
4549.03 6.63732e-14 6.63732e-14
4555.31 1.24528e-13 1.24528e-13
4561.59 6.31494e-14 6.31494e-14
4567.88 1.1941e-13 1.1941e-13
4574.16 6.0106e-14 6.0106e-14
4580.44 1.14531e-13 1.14531e-13
4586.73 5.72332e-14 5.72332e-14
4593.01 1.09879e-13 1.09879e-13
4599.29 5.45219e-14 5.45219e-14
4605.57 1.05445e-13 1.05445e-13
4611.86 5.19633e-14 5.19633e-14
4618.14 1.01217e-13 1.01217e-13
4624.42 4.95491e-14 4.95491e-14
4630.71 9.71856e-14 9.71856e-14
4636.99 4.72715e-14 4.72715e-14
4643.27 9.33414e-14 9.33414e-14
4649.56 4.5123e-14 4.5123e-14
4655.84 8.96753e-14 8.96753e-14
4662.12 4.30967e-14 4.30967e-14
4668.41 8.6179e-14 8.6179e-14
4674.69 4.11857e-14 4.11857e-14
4680.97 8.28443e-14 8.28443e-14
4687.26 3.93839e-14 3.93839e-14
4693.54 7.96634e-14 7.96634e-14
4699.82 3.76853e-14 3.76853e-14
4706.11 7.66292e-14 7.66292e-14
4712.39 3.60841e-14 3.60841e-14
4718.67 7.37345e-14 7.37345e-14
4724.96 3.45752e-14 3.45752e-14
4731.24 7.09728e-14 7.09728e-14
4737.52 3.31532e-14 3.31532e-14
4743.8 6.83378e-14 6.83378e-14
4750.09 3.18136e-14 3.18136e-14
4756.37 6.58234e-14 6.58234e-14
4762.65 3.05517e-14 3.05517e-14
4768.94 6.3424e-14 6.3424e-14
4775.22 2.93632e-14 2.93632e-14
4781.5 6.1134e-14 6.1134e-14
4787.79 2.8244e-14 2.8244e-14
4794.07 5.89484e-14 5.89484e-14
4800.35 2.71904e-14 2.71904e-14
4806.64 5.68622e-14 5.68622e-14
4812.92 2.61986e-14 2.61986e-14
4819.2 5.48707e-14 5.48707e-14
4825.49 2.52652e-14 2.52652e-14
4831.77 5.29695e-14 5.29695e-14
4838.05 2.4387e-14 2.4387e-14
4844.34 5.11543e-14 5.11543e-14
4850.62 2.35608e-14 2.35608e-14
4856.9 4.94212e-14 4.94212e-14
4863.19 2.27837e-14 2.27837e-14
4869.47 4.77661e-14 4.77661e-14
4875.75 2.2053e-14 2.2053e-14
4882.03 4.61855e-14 4.61855e-14
4888.32 2.1366e-14 2.1366e-14
4894.6 4.4676e-14 4.4676e-14
4900.88 2.07203e-14 2.07203e-14
4907.17 4.32341e-14 4.32341e-14
4913.45 2.01136e-14 2.01136e-14
4919.73 4.18568e-14 4.18568e-14
4926.02 1.95435e-14 1.95435e-14
4932.3 4.0541e-14 4.0541e-14
4938.58 1.90081e-14 1.90081e-14
4944.87 3.92838e-14 3.92838e-14
4951.15 1.85053e-14 1.85053e-14
4957.43 3.80826e-14 3.80826e-14
4963.72 1.80333e-14 1.80333e-14
4970 3.69348e-14 3.69348e-14
4976.28 1.75904e-14 1.75904e-14
4982.57 3.58378e-14 3.58378e-14
4988.85 1.71747e-14 1.71747e-14
4995.13 3.47894e-14 3.47894e-14
5001.42 1.67848e-14 1.67848e-14
5007.7 3.37872e-14 3.37872e-14
5013.98 1.64192e-14 1.64192e-14
5020.27 3.28292e-14 3.28292e-14
5026.55 1.60764e-14 1.60764e-14
5032.83 3.19134e-14 3.19134e-14
5039.11 1.57552e-14 1.57552e-14
5045.4 3.10377e-14 3.10377e-14
5051.68 1.54542e-14 1.54542e-14
5057.96 3.02003e-14 3.02003e-14
5064.25 1.51723e-14 1.51723e-14
5070.53 2.93996e-14 2.93996e-14
5076.81 1.49083e-14 1.49083e-14
5083.1 2.86338e-14 2.86338e-14
5089.38 1.46613e-14 1.46613e-14
5095.66 2.79013e-14 2.79013e-14
5101.95 1.44301e-14 1.44301e-14
5108.23 2.72006e-14 2.72006e-14
5114.51 1.42138e-14 1.42138e-14
5120.8 2.65302e-14 2.65302e-14
5127.08 1.40116e-14 1.40116e-14
5133.36 2.58889e-14 2.58889e-14
5139.65 1.38226e-14 1.38226e-14
5145.93 2.52752e-14 2.52752e-14
5152.21 1.36461e-14 1.36461e-14
5158.5 2.46879e-14 2.46879e-14
5164.78 1.34812e-14 1.34812e-14
5171.06 2.41259e-14 2.41259e-14
5177.34 1.33272e-14 1.33272e-14
5183.63 2.35879e-14 2.35879e-14
5189.91 1.31835e-14 1.31835e-14
5196.19 2.30729e-14 2.30729e-14
5202.48 1.30495e-14 1.30495e-14
5208.76 2.25799e-14 2.25799e-14
5215.04 1.29245e-14 1.29245e-14
5221.33 2.21079e-14 2.21079e-14
5227.61 1.28081e-14 1.28081e-14
5233.89 2.1656e-14 2.1656e-14
5240.18 1.26996e-14 1.26996e-14
5246.46 2.12231e-14 2.12231e-14
5252.74 1.25986e-14 1.25986e-14
5259.03 2.08086e-14 2.08086e-14
5265.31 1.25046e-14 1.25046e-14
5271.59 2.04116e-14 2.04116e-14
5277.88 1.24172e-14 1.24172e-14
5284.16 2.00313e-14 2.00313e-14
5290.44 1.23359e-14 1.23359e-14
5296.73 1.96669e-14 1.96669e-14
5303.01 1.22604e-14 1.22604e-14
5309.29 1.93178e-14 1.93178e-14
5315.57 1.21903e-14 1.21903e-14
5321.86 1.89833e-14 1.89833e-14
5328.14 1.21252e-14 1.21252e-14
5334.42 1.86628e-14 1.86628e-14
5340.71 1.20648e-14 1.20648e-14
5346.99 1.83555e-14 1.83555e-14
5353.27 1.20089e-14 1.20089e-14
5359.56 1.80611e-14 1.80611e-14
5365.84 1.19571e-14 1.19571e-14
5372.12 1.77788e-14 1.77788e-14
5378.41 1.19091e-14 1.19091e-14
5384.69 1.75082e-14 1.75082e-14
5390.97 1.18647e-14 1.18647e-14
5397.26 1.72487e-14 1.72487e-14
5403.54 1.18237e-14 1.18237e-14
5409.82 1.69999e-14 1.69999e-14
5416.11 1.17858e-14 1.17858e-14
5422.39 1.67614e-14 1.67614e-14
5428.67 1.17508e-14 1.17508e-14
5434.96 1.65326e-14 1.65326e-14
5441.24 1.17185e-14 1.17185e-14
5447.52 1.63131e-14 1.63131e-14
5453.8 1.16888e-14 1.16888e-14
5460.09 1.61026e-14 1.61026e-14
5466.37 1.16614e-14 1.16614e-14
5472.65 1.59006e-14 1.59006e-14
5478.94 1.16362e-14 1.16362e-14
5485.22 1.57069e-14 1.57069e-14
5491.5 1.1613e-14 1.1613e-14
5497.79 1.5521e-14 1.5521e-14
5504.07 1.15918e-14 1.15918e-14
5510.35 1.53426e-14 1.53426e-14
5516.64 1.15723e-14 1.15723e-14
5522.92 1.51714e-14 1.51714e-14
5529.2 1.15544e-14 1.15544e-14
5535.49 1.50071e-14 1.50071e-14
5541.77 1.1538e-14 1.1538e-14
5548.05 1.48494e-14 1.48494e-14
5554.34 1.15231e-14 1.15231e-14
5560.62 1.4698e-14 1.4698e-14
5566.9 1.15094e-14 1.15094e-14
5573.19 1.45527e-14 1.45527e-14
5579.47 1.14969e-14 1.14969e-14
5585.75 1.44132e-14 1.44132e-14
5592.03 1.14856e-14 1.14856e-14
5598.32 1.42793e-14 1.42793e-14
5604.6 1.14752e-14 1.14752e-14
5610.88 1.41507e-14 1.41507e-14
5617.17 1.14658e-14 1.14658e-14
5623.45 1.40272e-14 1.40272e-14
5629.73 1.14573e-14 1.14573e-14
5636.02 1.39086e-14 1.39086e-14
5642.3 1.14496e-14 1.14496e-14
5648.58 1.37948e-14 1.37948e-14
5654.87 1.14426e-14 1.14426e-14
5661.15 1.36854e-14 1.36854e-14
5667.43 1.14363e-14 1.14363e-14
5673.72 1.35804e-14 1.35804e-14
5680 1.14306e-14 1.14306e-14
5686.28 1.34795e-14 1.34795e-14
5692.57 1.14255e-14 1.14255e-14
5698.85 1.33826e-14 1.33826e-14
5705.13 1.14209e-14 1.14209e-14
5711.42 1.32896e-14 1.32896e-14
5717.7 1.14168e-14 1.14168e-14
5723.98 1.32002e-14 1.32002e-14
5730.27 1.14131e-14 1.14131e-14
5736.55 1.31143e-14 1.31143e-14
5742.83 1.14098e-14 1.14098e-14
5749.11 1.30318e-14 1.30318e-14
5755.4 1.14069e-14 1.14069e-14
5761.68 1.29526e-14 1.29526e-14
5767.96 1.14043e-14 1.14043e-14
5774.25 1.28765e-14 1.28765e-14
5780.53 1.1402e-14 1.1402e-14
5786.81 1.28035e-14 1.28035e-14
5793.1 1.14e-14 1.14e-14
5799.38 1.27333e-14 1.27333e-14
5805.66 1.13982e-14 1.13982e-14
5811.95 1.26659e-14 1.26659e-14
5818.23 1.13966e-14 1.13966e-14
5824.51 1.26011e-14 1.26011e-14
5830.8 1.13952e-14 1.13952e-14
5837.08 1.25389e-14 1.25389e-14
5843.36 1.1394e-14 1.1394e-14
5849.65 1.24792e-14 1.24792e-14
5855.93 1.1393e-14 1.1393e-14
5862.21 1.24219e-14 1.24219e-14
5868.5 1.13921e-14 1.13921e-14
5874.78 1.23669e-14 1.23669e-14
5881.06 1.13913e-14 1.13913e-14
5887.34 1.23141e-14 1.23141e-14
5893.63 1.13907e-14 1.13907e-14
5899.91 1.22634e-14 1.22634e-14
5906.19 1.13901e-14 1.13901e-14
5912.48 1.22148e-14 1.22148e-14
5918.76 1.13897e-14 1.13897e-14
5925.04 1.21681e-14 1.21681e-14
5931.33 1.13893e-14 1.13893e-14
5937.61 1.21233e-14 1.21233e-14
5943.89 1.1389e-14 1.1389e-14
5950.18 1.20804e-14 1.20804e-14
5956.46 1.13887e-14 1.13887e-14
5962.74 1.20393e-14 1.20393e-14
5969.03 1.13885e-14 1.13885e-14
5975.31 1.19999e-14 1.19999e-14
5981.59 1.13883e-14 1.13883e-14
5987.88 1.19621e-14 1.19621e-14
5994.16 1.13882e-14 1.13882e-14
6000.44 1.19259e-14 1.19259e-14
6006.73 1.13881e-14 1.13881e-14
6013.01 1.18913e-14 1.18913e-14
6019.29 1.1388e-14 1.1388e-14
6025.57 1.18582e-14 1.18582e-14
6031.86 1.13879e-14 1.13879e-14
6038.14 1.18265e-14 1.18265e-14
6044.42 1.13879e-14 1.13879e-14
6050.71 1.17962e-14 1.17962e-14
6056.99 1.13879e-14 1.13879e-14
6063.27 1.17673e-14 1.17673e-14
6069.56 1.13878e-14 1.13878e-14
6075.84 1.17397e-14 1.17397e-14
6082.12 1.13878e-14 1.13878e-14
6088.41 1.17134e-14 1.17134e-14
6094.69 1.13878e-14 1.13878e-14
6100.97 1.16883e-14 1.16883e-14
6107.26 1.13878e-14 1.13878e-14
6113.54 1.16644e-14 1.16644e-14
6119.82 1.13879e-14 1.13879e-14
6126.11 1.16417e-14 1.16417e-14
6132.39 1.13879e-14 1.13879e-14
6138.67 1.16202e-14 1.16202e-14
6144.96 1.13879e-14 1.13879e-14
6151.24 1.15997e-14 1.15997e-14
6157.52 1.13879e-14 1.13879e-14
6163.8 1.15804e-14 1.15804e-14
6170.09 1.13879e-14 1.13879e-14
6176.37 1.1562e-14 1.1562e-14
6182.65 1.13879e-14 1.13879e-14
6188.94 1.15448e-14 1.15448e-14
6195.22 1.13879e-14 1.13879e-14
6201.5 1.15285e-14 1.15285e-14
6207.79 1.13879e-14 1.13879e-14
6214.07 1.15132e-14 1.15132e-14
6220.35 1.13879e-14 1.13879e-14
6226.64 1.14988e-14 1.14988e-14
6232.92 1.13879e-14 1.13879e-14
6239.2 1.14854e-14 1.14854e-14
6245.49 1.13879e-14 1.13879e-14
6251.77 1.1473e-14 1.1473e-14
6258.05 1.13879e-14 1.13879e-14
6264.34 1.14614e-14 1.14614e-14
6270.62 1.13879e-14 1.13879e-14
6276.9 1.14507e-14 1.14507e-14
6283.19 1.13879e-14 1.13879e-14
6289.47 1.14409e-14 1.14409e-14
6295.75 1.13879e-14 1.13879e-14
6302.03 1.1432e-14 1.1432e-14
6308.32 1.13879e-14 1.13879e-14
6314.6 1.14239e-14 1.14239e-14
6320.88 1.13879e-14 1.13879e-14
6327.17 1.14166e-14 1.14166e-14
6333.45 1.13879e-14 1.13879e-14
6339.73 1.14102e-14 1.14102e-14
6346.02 1.13879e-14 1.13879e-14
6352.3 1.14046e-14 1.14046e-14
6358.58 1.13879e-14 1.13879e-14
6364.87 1.13998e-14 1.13998e-14
6371.15 1.13879e-14 1.13879e-14
6377.43 1.13959e-14 1.13959e-14
6383.72 1.13878e-14 1.13878e-14
6390 1.13927e-14 1.13927e-14
6396.28 1.13878e-14 1.13878e-14
6402.57 1.13903e-14 1.13903e-14
6408.85 1.13878e-14 1.13878e-14
6415.13 1.13887e-14 1.13887e-14
6421.42 1.13878e-14 1.13878e-14
6427.7 1.13879e-14 1.13879e-14
6433.98 1.13878e-14 1.13878e-14
