0 8.3057e-15 8.3057e-15
6.28319 0.0148467 0.0148467
12.5664 0.00369843 0.00369843
18.8496 0.00164368 0.00164368
25.1327 0.000922552 0.000922552
31.4159 0.000590964 0.000590964
37.6991 0.000409243 0.000409243
43.9823 0.000300928 0.000300928
50.2655 0.000229669 0.000229669
56.5487 0.000181573 0.000181573
62.8319 0.000146563 0.000146563
69.115 0.00012116 0.00012116
75.3982 0.000101422 0.000101422
81.6814 8.64163e-05 8.64163e-05
87.9646 7.42056e-05 7.42056e-05
94.2478 6.46194e-05 6.46194e-05
100.531 5.65428e-05 5.65428e-05
106.814 5.00539e-05 5.00539e-05
113.097 4.44349e-05 4.44349e-05
119.381 3.98424e-05 3.98424e-05
125.664 3.57756e-05 3.57756e-05
131.947 3.24086e-05 3.24086e-05
138.23 2.93703e-05 2.93703e-05
144.513 2.68298e-05 2.68298e-05
150.796 2.45001e-05 2.45001e-05
157.08 2.2537e-05 2.2537e-05
163.363 2.07114e-05 2.07114e-05
169.646 1.91639e-05 1.91639e-05
175.929 1.77068e-05 1.77068e-05
182.212 1.64659e-05 1.64659e-05
188.496 1.52842e-05 1.52842e-05
194.779 1.42744e-05 1.42744e-05
201.062 1.3303e-05 1.3303e-05
207.345 1.24707e-05 1.24707e-05
213.628 1.16626e-05 1.16626e-05
219.911 1.09688e-05 1.09688e-05
226.195 1.02893e-05 1.02893e-05
232.478 9.70519e-06 9.70519e-06
238.761 9.12855e-06 9.12855e-06
245.044 8.6324e-06 8.6324e-06
251.327 8.13894e-06 8.13894e-06
257.611 7.71416e-06 7.71416e-06
263.894 7.28872e-06 7.28872e-06
270.177 6.92245e-06 6.92245e-06
276.46 6.55317e-06 6.55317e-06
282.743 6.2353e-06 6.2353e-06
289.027 5.91282e-06 5.91282e-06
295.31 5.63535e-06 5.63535e-06
301.593 5.35218e-06 5.35218e-06
307.876 5.10869e-06 5.10869e-06
314.159 4.85877e-06 4.85877e-06
320.442 4.64406e-06 4.64406e-06
326.726 4.42249e-06 4.42249e-06
333.009 4.23232e-06 4.23232e-06
339.292 4.03505e-06 4.03505e-06
345.575 3.86593e-06 3.86593e-06
351.858 3.68961e-06 3.68961e-06
358.142 3.53865e-06 3.53865e-06
364.425 3.3805e-06 3.3805e-06
370.708 3.24529e-06 3.24529e-06
376.991 3.10297e-06 3.10297e-06
383.274 2.98148e-06 2.98148e-06
389.557 2.85302e-06 2.85302e-06
395.841 2.74354e-06 2.74354e-06
402.124 2.62727e-06 2.62727e-06
408.407 2.52834e-06 2.52834e-06
414.69 2.42283e-06 2.42283e-06
420.973 2.33321e-06 2.33321e-06
427.257 2.23724e-06 2.23724e-06
433.54 2.15587e-06 2.15587e-06
439.823 2.06837e-06 2.06837e-06
446.106 1.99433e-06 1.99433e-06
452.389 1.91439e-06 1.91439e-06
458.673 1.84689e-06 1.84689e-06
464.956 1.77372e-06 1.77372e-06
471.239 1.71206e-06 1.71206e-06
477.522 1.64497e-06 1.64497e-06
483.805 1.58855e-06 1.58855e-06
490.088 1.52692e-06 1.52692e-06
496.372 1.47521e-06 1.47521e-06
502.655 1.41853e-06 1.41853e-06
508.938 1.37106e-06 1.37106e-06
515.221 1.31884e-06 1.31884e-06
521.504 1.27521e-06 1.27521e-06
527.788 1.22704e-06 1.22704e-06
534.071 1.18689e-06 1.18689e-06
540.354 1.14239e-06 1.14239e-06
546.637 1.10539e-06 1.10539e-06
552.92 1.06423e-06 1.06423e-06
559.203 1.0301e-06 1.0301e-06
565.487 9.92002e-07 9.92002e-07
571.77 9.60483e-07 9.60483e-07
578.053 9.25172e-07 9.25172e-07
584.336 8.96036e-07 8.96036e-07
590.619 8.63278e-07 8.63278e-07
596.903 8.3632e-07 8.3632e-07
603.186 8.05904e-07 8.05904e-07
609.469 7.8094e-07 7.8094e-07
615.752 7.52672e-07 7.52672e-07
622.035 7.29536e-07 7.29536e-07
628.319 7.03245e-07 7.03245e-07
634.602 6.81787e-07 6.81787e-07
640.885 6.57315e-07 6.57315e-07
647.168 6.374e-07 6.374e-07
653.451 6.14605e-07 6.14605e-07
659.734 5.96109e-07 5.96109e-07
666.018 5.74863e-07 5.74863e-07
672.301 5.57675e-07 5.57675e-07
678.584 5.3786e-07 5.3786e-07
684.867 5.21878e-07 5.21878e-07
691.15 5.03386e-07 5.03386e-07
697.434 4.88518e-07 4.88518e-07
703.717 4.71251e-07 4.71251e-07
710 4.57413e-07 4.57413e-07
716.283 4.41281e-07 4.41281e-07
722.566 4.28395e-07 4.28395e-07
728.849 4.13317e-07 4.13317e-07
735.133 4.01313e-07 4.01313e-07
741.416 3.87213e-07 3.87213e-07
747.699 3.76026e-07 3.76026e-07
753.982 3.62834e-07 3.62834e-07
760.265 3.52404e-07 3.52404e-07
766.549 3.40058e-07 3.40058e-07
772.832 3.30331e-07 3.30331e-07
779.115 3.18771e-07 3.18771e-07
785.398 3.09697e-07 3.09697e-07
791.681 2.98869e-07 2.98869e-07
797.965 2.90401e-07 2.90401e-07
804.248 2.80255e-07 2.80255e-07
810.531 2.72352e-07 2.72352e-07
816.814 2.62842e-07 2.62842e-07
823.097 2.55463e-07 2.55463e-07
829.38 2.46546e-07 2.46546e-07
835.664 2.39655e-07 2.39655e-07
841.947 2.31292e-07 2.31292e-07
848.23 2.24855e-07 2.24855e-07
854.513 2.17009e-07 2.17009e-07
860.796 2.10996e-07 2.10996e-07
867.08 2.03633e-07 2.03633e-07
873.363 1.98014e-07 1.98014e-07
879.646 1.91103e-07 1.91103e-07
885.929 1.85852e-07 1.85852e-07
892.212 1.79363e-07 1.79363e-07
898.495 1.74455e-07 1.74455e-07
904.779 1.68361e-07 1.68361e-07
911.062 1.63773e-07 1.63773e-07
917.345 1.58049e-07 1.58049e-07
923.628 1.53759e-07 1.53759e-07
929.911 1.48381e-07 1.48381e-07
936.195 1.44371e-07 1.44371e-07
942.478 1.39316e-07 1.39316e-07
948.761 1.35566e-07 1.35566e-07
955.044 1.30816e-07 1.30816e-07
961.327 1.27309e-07 1.27309e-07
967.611 1.22843e-07 1.22843e-07
973.894 1.19563e-07 1.19563e-07
980.177 1.15364e-07 1.15364e-07
986.46 1.12296e-07 1.12296e-07
992.743 1.08347e-07 1.08347e-07
999.026 1.05478e-07 1.05478e-07
1005.31 1.01763e-07 1.01763e-07
1011.59 9.90799e-08 9.90799e-08
1017.88 9.55853e-08 9.55853e-08
1024.16 9.30752e-08 9.30752e-08
1030.44 8.97872e-08 8.97872e-08
1036.73 8.74393e-08 8.74393e-08
1043.01 8.43451e-08 8.43451e-08
1049.29 8.21489e-08 8.21489e-08
1055.58 7.92367e-08 7.92367e-08
1061.86 7.71824e-08 7.71824e-08
1068.14 7.44411e-08 7.44411e-08
1074.42 7.25196e-08 7.25196e-08
1080.71 6.99387e-08 6.99387e-08
1086.99 6.81414e-08 6.81414e-08
1093.27 6.57113e-08 6.57113e-08
1099.56 6.40302e-08 6.40302e-08
1105.84 6.17418e-08 6.17418e-08
1112.12 6.01694e-08 6.01694e-08
1118.41 5.80141e-08 5.80141e-08
1124.69 5.65436e-08 5.65436e-08
1130.97 5.45134e-08 5.45134e-08
1137.26 5.31381e-08 5.31381e-08
1143.54 5.12255e-08 5.12255e-08
1149.82 4.99394e-08 4.99394e-08
1156.11 4.81374e-08 4.81374e-08
1162.39 4.69348e-08 4.69348e-08
1168.67 4.52368e-08 4.52368e-08
1174.96 4.41123e-08 4.41123e-08
1181.24 4.2512e-08 4.2512e-08
1187.52 4.14607e-08 4.14607e-08
1193.81 3.99525e-08 3.99525e-08
1200.09 3.89696e-08 3.89696e-08
1206.37 3.75479e-08 3.75479e-08
1212.65 3.66291e-08 3.66291e-08
1218.94 3.52888e-08 3.52888e-08
1225.22 3.44301e-08 3.44301e-08
1231.5 3.31664e-08 3.31664e-08
1237.79 3.23638e-08 3.23638e-08
1244.07 3.11722e-08 3.11722e-08
1250.35 3.04223e-08 3.04223e-08
1256.64 2.92985e-08 2.92985e-08
1262.92 2.85978e-08 2.85978e-08
1269.2 2.7538e-08 2.7538e-08
1275.49 2.68833e-08 2.68833e-08
1281.77 2.58836e-08 2.58836e-08
1288.05 2.52721e-08 2.52721e-08
1294.34 2.43291e-08 2.43291e-08
1300.62 2.3758e-08 2.3758e-08
1306.9 2.28682e-08 2.28682e-08
1313.19 2.23349e-08 2.23349e-08
1319.47 2.14954e-08 2.14954e-08
1325.75 2.09975e-08 2.09975e-08
1332.04 2.02053e-08 2.02053e-08
1338.32 1.97405e-08 1.97405e-08
1344.6 1.89928e-08 1.89928e-08
1350.88 1.8559e-08 1.8559e-08
1357.17 1.78533e-08 1.78533e-08
1363.45 1.74486e-08 1.74486e-08
1369.73 1.67824e-08 1.67824e-08
1376.02 1.64048e-08 1.64048e-08
1382.3 1.57759e-08 1.57759e-08
1388.58 1.54237e-08 1.54237e-08
1394.87 1.48299e-08 1.48299e-08
1401.15 1.45014e-08 1.45014e-08
1407.43 1.39407e-08 1.39407e-08
1413.72 1.36345e-08 1.36345e-08
1420 1.3105e-08 1.3105e-08
1426.28 1.28196e-08 1.28196e-08
1432.57 1.23195e-08 1.23195e-08
1438.85 1.20536e-08 1.20536e-08
1445.13 1.15812e-08 1.15812e-08
1451.42 1.13335e-08 1.13335e-08
1457.7 1.08872e-08 1.08872e-08
1463.98 1.06565e-08 1.06565e-08
1470.27 1.02349e-08 1.02349e-08
1476.55 1.00201e-08 1.00201e-08
1482.83 9.62167e-09 9.62167e-09
1489.11 9.42179e-09 9.42179e-09
1495.4 9.04527e-09 9.04527e-09
1501.68 8.85931e-09 8.85931e-09
1507.96 8.50346e-09 8.50346e-09
1514.25 8.33051e-09 8.33051e-09
1520.53 7.99415e-09 7.99415e-09
1526.81 7.83336e-09 7.83336e-09
1533.1 7.51538e-09 7.51538e-09
1539.38 7.36595e-09 7.36595e-09
1545.66 7.06532e-09 7.06532e-09
1551.95 6.92651e-09 6.92651e-09
1558.23 6.64224e-09 6.64224e-09
1564.51 6.51335e-09 6.51335e-09
1570.8 6.24453e-09 6.24453e-09
1577.08 6.12489e-09 6.12489e-09
1583.36 5.87065e-09 5.87065e-09
1589.65 5.75967e-09 5.75967e-09
1595.93 5.51917e-09 5.51917e-09
1602.21 5.41627e-09 5.41627e-09
1608.5 5.18876e-09 5.18876e-09
1614.78 5.0934e-09 5.0934e-09
1621.06 4.87814e-09 4.87814e-09
1627.34 4.78981e-09 4.78981e-09
1633.63 4.58613e-09 4.58613e-09
1639.91 4.50437e-09 4.50437e-09
1646.19 4.31161e-09 4.31161e-09
1652.48 4.23598e-09 4.23598e-09
1658.76 4.05353e-09 4.05353e-09
1665.04 3.98362e-09 3.98362e-09
1671.33 3.81091e-09 3.81091e-09
1677.61 3.74632e-09 3.74632e-09
1683.89 3.58282e-09 3.58282e-09
1690.18 3.5232e-09 3.5232e-09
1696.46 3.36838e-09 3.36838e-09
1702.74 3.31339e-09 3.31339e-09
1709.03 3.16678e-09 3.16678e-09
1715.31 3.11611e-09 3.11611e-09
1721.59 2.97725e-09 2.97725e-09
1727.88 2.9306e-09 2.9306e-09
1734.16 2.79907e-09 2.79907e-09
1740.44 2.75615e-09 2.75615e-09
1746.73 2.63155e-09 2.63155e-09
1753.01 2.59212e-09 2.59212e-09
1759.29 2.47406e-09 2.47406e-09
1765.58 2.43787e-09 2.43787e-09
1771.86 2.326e-09 2.326e-09
1778.14 2.29282e-09 2.29282e-09
1784.42 2.1868e-09 2.1868e-09
1790.71 2.15642e-09 2.15642e-09
1796.99 2.05593e-09 2.05593e-09
1803.27 2.02816e-09 2.02816e-09
1809.56 1.93289e-09 1.93289e-09
1815.84 1.90754e-09 1.90754e-09
1822.12 1.81721e-09 1.81721e-09
1828.41 1.79411e-09 1.79411e-09
1834.69 1.70845e-09 1.70845e-09
1840.97 1.68744e-09 1.68744e-09
1847.26 1.6062e-09 1.6062e-09
1853.54 1.58713e-09 1.58713e-09
1859.82 1.51007e-09 1.51007e-09
1866.11 1.49279e-09 1.49279e-09
1872.39 1.41969e-09 1.41969e-09
1878.67 1.40408e-09 1.40408e-09
1884.96 1.33472e-09 1.33472e-09
1891.24 1.32065e-09 1.32065e-09
1897.52 1.25483e-09 1.25483e-09
1903.81 1.24219e-09 1.24219e-09
1910.09 1.17972e-09 1.17972e-09
1916.37 1.1684e-09 1.1684e-09
1922.65 1.10911e-09 1.10911e-09
1928.94 1.09901e-09 1.09901e-09
1935.22 1.04272e-09 1.04272e-09
1941.5 1.03374e-09 1.03374e-09
1947.79 9.80296e-10 9.80296e-10
1954.07 9.72368e-10 9.72368e-10
1960.35 9.2161e-10 9.2161e-10
1966.64 9.14644e-10 9.14644e-10
1972.92 8.66435e-10 8.66435e-10
1979.2 8.60356e-10 8.60356e-10
1985.49 8.14561e-10 8.14561e-10
1991.77 8.09299e-10 8.09299e-10
1998.05 7.6579e-10 7.6579e-10
2004.34 7.61279e-10 7.61279e-10
2010.62 7.19936e-10 7.19936e-10
2016.9 7.16116e-10 7.16116e-10
2023.19 6.76825e-10 6.76825e-10
2029.47 6.7364e-10 6.7364e-10
2035.75 6.36294e-10 6.36294e-10
2042.04 6.3369e-10 6.3369e-10
2048.32 5.98186e-10 5.98186e-10
2054.6 5.96116e-10 5.96116e-10
2060.88 5.62359e-10 5.62359e-10
2067.17 5.60776e-10 5.60776e-10
2073.45 5.28675e-10 5.28675e-10
2079.73 5.27537e-10 5.27537e-10
2086.02 4.97006e-10 4.97006e-10
2092.3 4.96274e-10 4.96274e-10
2098.58 4.67231e-10 4.67231e-10
2104.87 4.66869e-10 4.66869e-10
2111.15 4.39238e-10 4.39238e-10
2117.43 4.39211e-10 4.39211e-10
2123.72 4.1292e-10 4.1292e-10
2130 4.13197e-10 4.13197e-10
2136.28 3.88176e-10 3.88176e-10
2142.57 3.88729e-10 3.88729e-10
2148.85 3.64913e-10 3.64913e-10
2155.13 3.65714e-10 3.65714e-10
2161.42 3.43041e-10 3.43041e-10
2167.7 3.44066e-10 3.44066e-10
2173.98 3.22479e-10 3.22479e-10
2180.27 3.23703e-10 3.23703e-10
2186.55 3.03146e-10 3.03146e-10
2192.83 3.0455e-10 3.0455e-10
2199.11 2.84971e-10 2.84971e-10
2205.4 2.86533e-10 2.86533e-10
2211.68 2.67883e-10 2.67883e-10
2217.96 2.69586e-10 2.69586e-10
2224.25 2.51818e-10 2.51818e-10
2230.53 2.53645e-10 2.53645e-10
2236.81 2.36714e-10 2.36714e-10
2243.1 2.3865e-10 2.3865e-10
2249.38 2.22515e-10 2.22515e-10
2255.66 2.24544e-10 2.24544e-10
2261.95 2.09165e-10 2.09165e-10
2268.23 2.11276e-10 2.11276e-10
2274.51 1.96614e-10 1.96614e-10
2280.8 1.98794e-10 1.98794e-10
2287.08 1.84815e-10 1.84815e-10
2293.36 1.87052e-10 1.87052e-10
2299.65 1.73722e-10 1.73722e-10
2305.93 1.76007e-10 1.76007e-10
2312.21 1.63293e-10 1.63293e-10
2318.5 1.65616e-10 1.65616e-10
2324.78 1.53489e-10 1.53489e-10
2331.06 1.55842e-10 1.55842e-10
2337.34 1.44272e-10 1.44272e-10
2343.63 1.46646e-10 1.46646e-10
2349.91 1.35606e-10 1.35606e-10
2356.19 1.37996e-10 1.37996e-10
2362.48 1.2746e-10 1.2746e-10
2368.76 1.29858e-10 1.29858e-10
2375.04 1.19802e-10 1.19802e-10
2381.33 1.22201e-10 1.22201e-10
2387.61 1.12602e-10 1.12602e-10
2393.89 1.14999e-10 1.14999e-10
2400.18 1.05834e-10 1.05834e-10
2406.46 1.08223e-10 1.08223e-10
2412.74 9.94709e-11 9.94709e-11
2419.03 1.01847e-10 1.01847e-10
2425.31 9.34894e-11 9.34894e-11
2431.59 9.58497e-11 9.58497e-11
2437.88 8.78663e-11 8.78663e-11
2444.16 9.02068e-11 9.02068e-11
2450.44 8.25802e-11 8.25802e-11
2456.73 8.48978e-11 8.48978e-11
2463.01 7.76109e-11 7.76109e-11
2469.29 7.99028e-11 7.99028e-11
2475.58 7.29396e-11 7.29396e-11
2481.86 7.52032e-11 7.52032e-11
2488.14 6.85483e-11 6.85483e-11
2494.42 7.07815e-11 7.07815e-11
2500.71 6.44204e-11 6.44204e-11
2506.99 6.66212e-11 6.66212e-11
2513.27 6.054e-11 6.054e-11
2519.56 6.27067e-11 6.27067e-11
2525.84 5.68924e-11 5.68924e-11
2532.12 5.90235e-11 5.90235e-11
2538.41 5.34636e-11 5.34636e-11
2544.69 5.55579e-11 5.55579e-11
2550.97 5.02405e-11 5.02405e-11
2557.26 5.2297e-11 5.2297e-11
2563.54 4.72108e-11 4.72108e-11
2569.82 4.92286e-11 4.92286e-11
2576.11 4.4363e-11 4.4363e-11
2582.39 4.63414e-11 4.63414e-11
2588.67 4.16861e-11 4.16861e-11
2594.96 4.36245e-11 4.36245e-11
2601.24 3.91699e-11 3.91699e-11
2607.52 4.1068e-11 4.1068e-11
2613.81 3.68048e-11 3.68048e-11
2620.09 3.86623e-11 3.86623e-11
2626.37 3.45818e-11 3.45818e-11
2632.65 3.63984e-11 3.63984e-11
2638.94 3.24923e-11 3.24923e-11
2645.22 3.4268e-11 3.4268e-11
2651.5 3.05284e-11 3.05284e-11
2657.79 3.22632e-11 3.22632e-11
2664.07 2.86825e-11 2.86825e-11
2670.35 3.03765e-11 3.03765e-11
2676.64 2.69476e-11 2.69476e-11
2682.92 2.8601e-11 2.8601e-11
2689.2 2.53169e-11 2.53169e-11
2695.49 2.693e-11 2.693e-11
2701.77 2.37843e-11 2.37843e-11
2708.05 2.53574e-11 2.53574e-11
2714.34 2.2344e-11 2.2344e-11
2720.62 2.38773e-11 2.38773e-11
2726.9 2.09902e-11 2.09902e-11
2733.19 2.24844e-11 2.24844e-11
2739.47 1.9718e-11 1.9718e-11
2745.75 2.11734e-11 2.11734e-11
2752.04 1.85223e-11 1.85223e-11
2758.32 1.99394e-11 1.99394e-11
2764.6 1.73987e-11 1.73987e-11
2770.88 1.87781e-11 1.87781e-11
2777.17 1.63427e-11 1.63427e-11
2783.45 1.76849e-11 1.76849e-11
2789.73 1.53503e-11 1.53503e-11
2796.02 1.6656e-11 1.6656e-11
2802.3 1.44177e-11 1.44177e-11
2808.58 1.56875e-11 1.56875e-11
2814.87 1.35414e-11 1.35414e-11
2821.15 1.47758e-11 1.47758e-11
2827.43 1.27179e-11 1.27179e-11
2833.72 1.39177e-11 1.39177e-11
2840 1.1944e-11 1.1944e-11
2846.28 1.31099e-11 1.31099e-11
2852.57 1.12169e-11 1.12169e-11
2858.85 1.23495e-11 1.23495e-11
2865.13 1.05336e-11 1.05336e-11
2871.42 1.16336e-11 1.16336e-11
2877.7 9.89165e-12 9.89165e-12
2883.98 1.09597e-11 1.09597e-11
2890.27 9.28844e-12 9.28844e-12
2896.55 1.03253e-11 1.03253e-11
2902.83 8.72168e-12 8.72168e-12
2909.11 9.72797e-12 9.72797e-12
2915.4 8.18917e-12 8.18917e-12
2921.68 9.16564e-12 9.16564e-12
2927.96 7.68887e-12 7.68887e-12
2934.25 8.6362e-12 8.6362e-12
2940.53 7.21883e-12 7.21883e-12
2946.81 8.13772e-12 8.13772e-12
2953.1 6.77724e-12 6.77724e-12
2959.38 7.66838e-12 7.66838e-12
2965.66 6.36239e-12 6.36239e-12
2971.95 7.22645e-12 7.22645e-12
2978.23 5.97266e-12 5.97266e-12
2984.51 6.81034e-12 6.81034e-12
2990.8 5.60655e-12 5.60655e-12
2997.08 6.41851e-12 6.41851e-12
3003.36 5.26264e-12 5.26264e-12
3009.65 6.04954e-12 6.04954e-12
3015.93 4.93959e-12 4.93959e-12
3022.21 5.70209e-12 5.70209e-12
3028.5 4.63615e-12 4.63615e-12
3034.78 5.37489e-12 5.37489e-12
3041.06 4.35113e-12 4.35113e-12
3047.34 5.06675e-12 5.06675e-12
3053.63 4.08343e-12 4.08343e-12
3059.91 4.77655e-12 4.77655e-12
3066.19 3.83199e-12 3.83199e-12
3072.48 4.50324e-12 4.50324e-12
3078.76 3.59585e-12 3.59585e-12
3085.04 4.24582e-12 4.24582e-12
3091.33 3.37408e-12 3.37408e-12
3097.61 4.00337e-12 4.00337e-12
3103.89 3.16581e-12 3.16581e-12
3110.18 3.775e-12 3.775e-12
3116.46 2.97022e-12 2.97022e-12
3122.74 3.55989e-12 3.55989e-12
3129.03 2.78656e-12 2.78656e-12
3135.31 3.35727e-12 3.35727e-12
3141.59 2.61411e-12 2.61411e-12
3147.88 3.16639e-12 3.16639e-12
3154.16 2.45218e-12 2.45218e-12
3160.44 2.98658e-12 2.98658e-12
3166.73 2.30013e-12 2.30013e-12
3173.01 2.81718e-12 2.81718e-12
3179.29 2.15739e-12 2.15739e-12
3185.57 2.65759e-12 2.65759e-12
3191.86 2.02337e-12 2.02337e-12
3198.14 2.50722e-12 2.50722e-12
3204.42 1.89755e-12 1.89755e-12
3210.71 2.36555e-12 2.36555e-12
3216.99 1.77945e-12 1.77945e-12
3223.27 2.23207e-12 2.23207e-12
3229.56 1.66858e-12 1.66858e-12
3235.84 2.10629e-12 2.10629e-12
3242.12 1.56451e-12 1.56451e-12
3248.41 1.98776e-12 1.98776e-12
3254.69 1.46684e-12 1.46684e-12
3260.97 1.87606e-12 1.87606e-12
3267.26 1.37516e-12 1.37516e-12
3273.54 1.7708e-12 1.7708e-12
3279.82 1.28912e-12 1.28912e-12
3286.11 1.6716e-12 1.6716e-12
3292.39 1.20838e-12 1.20838e-12
3298.67 1.5781e-12 1.5781e-12
3304.96 1.13262e-12 1.13262e-12
3311.24 1.48997e-12 1.48997e-12
3317.52 1.06152e-12 1.06152e-12
3323.81 1.40691e-12 1.40691e-12
3330.09 9.94817e-13 9.94817e-13
3336.37 1.3286e-12 1.3286e-12
3342.65 9.32233e-13 9.32233e-13
3348.94 1.25479e-12 1.25479e-12
3355.22 8.73521e-13 8.73521e-13
3361.5 1.1852e-12 1.1852e-12
3367.79 8.18443e-13 8.18443e-13
3374.07 1.1196e-12 1.1196e-12
3380.35 7.6678e-13 7.6678e-13
3386.64 1.05774e-12 1.05774e-12
3392.92 7.18322e-13 7.18322e-13
3399.2 9.99418e-13 9.99418e-13
3405.49 6.72874e-13 6.72874e-13
3411.77 9.44422e-13 9.44422e-13
3418.05 6.30253e-13 6.30253e-13
3424.34 8.92561e-13 8.92561e-13
3430.62 5.90286e-13 5.90286e-13
3436.9 8.43653e-13 8.43653e-13
3443.19 5.5281e-13 5.5281e-13
3449.47 7.97526e-13 7.97526e-13
3455.75 5.17674e-13 5.17674e-13
3462.04 7.54021e-13 7.54021e-13
3468.32 4.84734e-13 4.84734e-13
3474.6 7.12985e-13 7.12985e-13
3480.88 4.53856e-13 4.53856e-13
3487.17 6.74277e-13 6.74277e-13
3493.45 4.24913e-13 4.24913e-13
3499.73 6.3776e-13 6.3776e-13
3506.02 3.97787e-13 3.97787e-13
3512.3 6.03309e-13 6.03309e-13
3518.58 3.72366e-13 3.72366e-13
3524.87 5.70806e-13 5.70806e-13
3531.15 3.48545e-13 3.48545e-13
3537.43 5.40136e-13 5.40136e-13
3543.72 3.26226e-13 3.26226e-13
3550 5.11196e-13 5.11196e-13
3556.28 3.05316e-13 3.05316e-13
3562.57 4.83885e-13 4.83885e-13
3568.85 2.85729e-13 2.85729e-13
3575.13 4.5811e-13 4.5811e-13
3581.42 2.67383e-13 2.67383e-13
3587.7 4.33783e-13 4.33783e-13
3593.98 2.50201e-13 2.50201e-13
3600.27 4.1082e-13 4.1082e-13
3606.55 2.34112e-13 2.34112e-13
3612.83 3.89143e-13 3.89143e-13
3619.11 2.19048e-13 2.19048e-13
3625.4 3.68679e-13 3.68679e-13
3631.68 2.04945e-13 2.04945e-13
3637.96 3.49358e-13 3.49358e-13
3644.25 1.91744e-13 1.91744e-13
3650.53 3.31115e-13 3.31115e-13
3656.81 1.79389e-13 1.79389e-13
3663.1 3.13888e-13 3.13888e-13
3669.38 1.67827e-13 1.67827e-13
3675.66 2.97619e-13 2.97619e-13
3681.95 1.57009e-13 1.57009e-13
3688.23 2.82253e-13 2.82253e-13
3694.51 1.46888e-13 1.46888e-13
3700.8 2.6774e-13 2.6774e-13
3707.08 1.37422e-13 1.37422e-13
3713.36 2.5403e-13 2.5403e-13
3719.65 1.28569e-13 1.28569e-13
3725.93 2.41078e-13 2.41078e-13
3732.21 1.20291e-13 1.20291e-13
3738.5 2.2884e-13 2.2884e-13
3744.78 1.12552e-13 1.12552e-13
3751.06 2.17277e-13 2.17277e-13
3757.34 1.05317e-13 1.05317e-13
3763.63 2.0635e-13 2.0635e-13
3769.91 9.85565e-14 9.85565e-14
3776.19 1.96022e-13 1.96022e-13
3782.48 9.22392e-14 9.22392e-14
3788.76 1.86261e-13 1.86261e-13
3795.04 8.63377e-14 8.63377e-14
3801.33 1.77033e-13 1.77033e-13
3807.61 8.08255e-14 8.08255e-14
3813.89 1.6831e-13 1.6831e-13
3820.18 7.56782e-14 7.56782e-14
3826.46 1.60062e-13 1.60062e-13
3832.74 7.08726e-14 7.08726e-14
3839.03 1.52263e-13 1.52263e-13
3845.31 6.6387e-14 6.6387e-14
3851.59 1.44887e-13 1.44887e-13
3857.88 6.22011e-14 6.22011e-14
3864.16 1.37911e-13 1.37911e-13
3870.44 5.82959e-14 5.82959e-14
3876.73 1.31312e-13 1.31312e-13
3883.01 5.46534e-14 5.46534e-14
3889.29 1.25069e-13 1.25069e-13
3895.57 5.12568e-14 5.12568e-14
3901.86 1.19162e-13 1.19162e-13
3908.14 4.80904e-14 4.80904e-14
3914.42 1.13573e-13 1.13573e-13
3920.71 4.51395e-14 4.51395e-14
3926.99 1.08284e-13 1.08284e-13
3933.27 4.23901e-14 4.23901e-14
3939.56 1.03277e-13 1.03277e-13
3945.84 3.98292e-14 3.98292e-14
3952.12 9.85382e-14 9.85382e-14
3958.41 3.74448e-14 3.74448e-14
3964.69 9.40515e-14 9.40515e-14
3970.97 3.52253e-14 3.52253e-14
3977.26 8.98031e-14 8.98031e-14
3983.54 3.316e-14 3.316e-14
3989.82 8.578e-14 8.578e-14
3996.11 3.12389e-14 3.12389e-14
4002.39 8.19697e-14 8.19697e-14
4008.67 2.94527e-14 2.94527e-14
4014.96 7.83603e-14 7.83603e-14
4021.24 2.77924e-14 2.77924e-14
4027.52 7.49409e-14 7.49409e-14
4033.8 2.62498e-14 2.62498e-14
4040.09 7.1701e-14 7.1701e-14
4046.37 2.48172e-14 2.48172e-14
4052.65 6.86307e-14 6.86307e-14
4058.94 2.34872e-14 2.34872e-14
4065.22 6.57207e-14 6.57207e-14
4071.5 2.22532e-14 2.22532e-14
4077.79 6.29623e-14 6.29623e-14
4084.07 2.11086e-14 2.11086e-14
4090.35 6.0347e-14 6.0347e-14
4096.64 2.00477e-14 2.00477e-14
4102.92 5.78673e-14 5.78673e-14
4109.2 1.90646e-14 1.90646e-14
4115.49 5.55156e-14 5.55156e-14
4121.77 1.81543e-14 1.81543e-14
4128.05 5.3285e-14 5.3285e-14
4134.34 1.73118e-14 1.73118e-14
4140.62 5.11689e-14 5.11689e-14
4146.9 1.65326e-14 1.65326e-14
4153.19 4.91611e-14 4.91611e-14
4159.47 1.58123e-14 1.58123e-14
4165.75 4.72559e-14 4.72559e-14
4172.04 1.51469e-14 1.51469e-14
4178.32 4.54475e-14 4.54475e-14
4184.6 1.45326e-14 1.45326e-14
4190.88 4.37309e-14 4.37309e-14
4197.17 1.3966e-14 1.3966e-14
4203.45 4.21011e-14 4.21011e-14
4209.73 1.34438e-14 1.34438e-14
4216.02 4.05534e-14 4.05534e-14
4222.3 1.29628e-14 1.29628e-14
4228.58 3.90835e-14 3.90835e-14
4234.87 1.25201e-14 1.25201e-14
4241.15 3.76872e-14 3.76872e-14
4247.43 1.21132e-14 1.21132e-14
4253.72 3.63606e-14 3.63606e-14
4260 1.17394e-14 1.17394e-14
4266.28 3.50999e-14 3.50999e-14
4272.57 1.13965e-14 1.13965e-14
4278.85 3.39018e-14 3.39018e-14
4285.13 1.10822e-14 1.10822e-14
4291.42 3.27628e-14 3.27628e-14
4297.7 1.07944e-14 1.07944e-14
4303.98 3.16798e-14 3.16798e-14
4310.27 1.05313e-14 1.05313e-14
4316.55 3.065e-14 3.065e-14
4322.83 1.0291e-14 1.0291e-14
4329.11 2.96704e-14 2.96704e-14
4335.4 1.00719e-14 1.00719e-14
4341.68 2.87385e-14 2.87385e-14
4347.96 9.87241e-15 9.87241e-15
4354.25 2.78519e-14 2.78519e-14
4360.53 9.69108e-15 9.69108e-15
4366.81 2.7008e-14 2.7008e-14
4373.1 9.52655e-15 9.52655e-15
4379.38 2.62047e-14 2.62047e-14
4385.66 9.37755e-15 9.37755e-15
4391.95 2.544e-14 2.544e-14
4398.23 9.2429e-15 9.2429e-15
4404.51 2.47117e-14 2.47117e-14
4410.8 9.12149e-15 9.12149e-15
4417.08 2.40181e-14 2.40181e-14
4423.36 9.0123e-15 9.0123e-15
4429.65 2.33572e-14 2.33572e-14
4435.93 8.91436e-15 8.91436e-15
4442.21 2.27276e-14 2.27276e-14
4448.5 8.82679e-15 8.82679e-15
4454.78 2.21275e-14 2.21275e-14
4461.06 8.74876e-15 8.74876e-15
4467.34 2.15554e-14 2.15554e-14
4473.63 8.6795e-15 8.6795e-15
4479.91 2.101e-14 2.101e-14
4486.19 8.61828e-15 8.61828e-15
4492.48 2.04899e-14 2.04899e-14
4498.76 8.56444e-15 8.56444e-15
4505.04 1.99937e-14 1.99937e-14
4511.33 8.51735e-15 8.51735e-15
4517.61 1.95203e-14 1.95203e-14
4523.89 8.47645e-15 8.47645e-15
4530.18 1.90686e-14 1.90686e-14
4536.46 8.44119e-15 8.44119e-15
4542.74 1.86374e-14 1.86374e-14
4549.03 8.41108e-15 8.41108e-15
4555.31 1.82258e-14 1.82258e-14
4561.59 8.38566e-15 8.38566e-15
4567.88 1.78327e-14 1.78327e-14
4574.16 8.36449e-15 8.36449e-15
4580.44 1.74572e-14 1.74572e-14
4586.73 8.34719e-15 8.34719e-15
4593.01 1.70985e-14 1.70985e-14
4599.29 8.33338e-15 8.33338e-15
4605.57 1.67557e-14 1.67557e-14
4611.86 8.32272e-15 8.32272e-15
4618.14 1.64281e-14 1.64281e-14
4624.42 8.3149e-15 8.3149e-15
4630.71 1.61149e-14 1.61149e-14
4636.99 8.30964e-15 8.30964e-15
4643.27 1.58154e-14 1.58154e-14
4649.56 8.30665e-15 8.30665e-15
4655.84 1.55289e-14 1.55289e-14
4662.12 8.3057e-15 8.3057e-15
4668.41 1.52548e-14 1.52548e-14
4674.69 8.30656e-15 8.30656e-15
4680.97 1.49926e-14 1.49926e-14
4687.26 8.309e-15 8.309e-15
4693.54 1.47415e-14 1.47415e-14
4699.82 8.31285e-15 8.31285e-15
4706.11 1.45012e-14 1.45012e-14
4712.39 8.31792e-15 8.31792e-15
4718.67 1.42711e-14 1.42711e-14
4724.96 8.32406e-15 8.32406e-15
4731.24 1.40506e-14 1.40506e-14
4737.52 8.3311e-15 8.3311e-15
4743.8 1.38394e-14 1.38394e-14
4750.09 8.33891e-15 8.33891e-15
4756.37 1.3637e-14 1.3637e-14
4762.65 8.34737e-15 8.34737e-15
4768.94 1.3443e-14 1.3443e-14
4775.22 8.35635e-15 8.35635e-15
4781.5 1.3257e-14 1.3257e-14
4787.79 8.36577e-15 8.36577e-15
4794.07 1.30786e-14 1.30786e-14
4800.35 8.37551e-15 8.37551e-15
4806.64 1.29075e-14 1.29075e-14
4812.92 8.3855e-15 8.3855e-15
4819.2 1.27433e-14 1.27433e-14
4825.49 8.39566e-15 8.39566e-15
4831.77 1.25857e-14 1.25857e-14
4838.05 8.4059e-15 8.4059e-15
4844.34 1.24344e-14 1.24344e-14
4850.62 8.41618e-15 8.41618e-15
4856.9 1.22891e-14 1.22891e-14
4863.19 8.42643e-15 8.42643e-15
4869.47 1.21496e-14 1.21496e-14
4875.75 8.4366e-15 8.4366e-15
4882.03 1.20156e-14 1.20156e-14
4888.32 8.44664e-15 8.44664e-15
4894.6 1.18867e-14 1.18867e-14
4900.88 8.45651e-15 8.45651e-15
4907.17 1.17629e-14 1.17629e-14
4913.45 8.46618e-15 8.46618e-15
4919.73 1.16439e-14 1.16439e-14
4926.02 8.47561e-15 8.47561e-15
4932.3 1.15294e-14 1.15294e-14
4938.58 8.48478e-15 8.48478e-15
4944.87 1.14193e-14 1.14193e-14
4951.15 8.49365e-15 8.49365e-15
4957.43 1.13134e-14 1.13134e-14
4963.72 8.50222e-15 8.50222e-15
4970 1.12114e-14 1.12114e-14
4976.28 8.51045e-15 8.51045e-15
4982.57 1.11133e-14 1.11133e-14
4988.85 8.51834e-15 8.51834e-15
4995.13 1.10187e-14 1.10187e-14
5001.42 8.52587e-15 8.52587e-15
5007.7 1.09277e-14 1.09277e-14
5013.98 8.53304e-15 8.53304e-15
5020.27 1.084e-14 1.084e-14
5026.55 8.53983e-15 8.53983e-15
5032.83 1.07555e-14 1.07555e-14
5039.11 8.54623e-15 8.54623e-15
5045.4 1.06741e-14 1.06741e-14
5051.68 8.55225e-15 8.55225e-15
5057.96 1.05955e-14 1.05955e-14
5064.25 8.55788e-15 8.55788e-15
5070.53 1.05198e-14 1.05198e-14
5076.81 8.56313e-15 8.56313e-15
5083.1 1.04468e-14 1.04468e-14
5089.38 8.56798e-15 8.56798e-15
5095.66 1.03763e-14 1.03763e-14
5101.95 8.57244e-15 8.57244e-15
5108.23 1.03083e-14 1.03083e-14
5114.51 8.57652e-15 8.57652e-15
5120.8 1.02426e-14 1.02426e-14
5127.08 8.58022e-15 8.58022e-15
5133.36 1.01792e-14 1.01792e-14
5139.65 8.58354e-15 8.58354e-15
5145.93 1.0118e-14 1.0118e-14
5152.21 8.58648e-15 8.58648e-15
5158.5 1.00589e-14 1.00589e-14
5164.78 8.58907e-15 8.58907e-15
5171.06 1.00018e-14 1.00018e-14
5177.34 8.59129e-15 8.59129e-15
5183.63 9.94655e-15 9.94655e-15
5189.91 8.59316e-15 8.59316e-15
5196.19 9.89318e-15 9.89318e-15
5202.48 8.59469e-15 8.59469e-15
5208.76 9.84158e-15 9.84158e-15
5215.04 8.59588e-15 8.59588e-15
5221.33 9.79167e-15 9.79167e-15
5227.61 8.59675e-15 8.59675e-15
5233.89 9.7434e-15 9.7434e-15
5240.18 8.59729e-15 8.59729e-15
5246.46 9.69669e-15 9.69669e-15
5252.74 8.59753e-15 8.59753e-15
5259.03 9.6515e-15 9.6515e-15
5265.31 8.59747e-15 8.59747e-15
5271.59 9.60775e-15 9.60775e-15
5277.88 8.59712e-15 8.59712e-15
5284.16 9.56539e-15 9.56539e-15
5290.44 8.59648e-15 8.59648e-15
5296.73 9.52438e-15 9.52438e-15
5303.01 8.59558e-15 8.59558e-15
5309.29 9.48465e-15 9.48465e-15
5315.57 8.59441e-15 8.59441e-15
5321.86 9.44617e-15 9.44617e-15
5328.14 8.593e-15 8.593e-15
5334.42 9.40889e-15 9.40889e-15
5340.71 8.59134e-15 8.59134e-15
5346.99 9.37275e-15 9.37275e-15
5353.27 8.58945e-15 8.58945e-15
5359.56 9.33773e-15 9.33773e-15
5365.84 8.58734e-15 8.58734e-15
5372.12 9.30377e-15 9.30377e-15
5378.41 8.58501e-15 8.58501e-15
5384.69 9.27084e-15 9.27084e-15
5390.97 8.58249e-15 8.58249e-15
5397.26 9.23891e-15 9.23891e-15
5403.54 8.57977e-15 8.57977e-15
5409.82 9.20794e-15 9.20794e-15
5416.11 8.57687e-15 8.57687e-15
5422.39 9.17789e-15 9.17789e-15
5428.67 8.57379e-15 8.57379e-15
5434.96 9.14873e-15 9.14873e-15
5441.24 8.57055e-15 8.57055e-15
5447.52 9.12044e-15 9.12044e-15
5453.8 8.56716e-15 8.56716e-15
5460.09 9.09298e-15 9.09298e-15
5466.37 8.56361e-15 8.56361e-15
5472.65 9.06632e-15 9.06632e-15
5478.94 8.55993e-15 8.55993e-15
5485.22 9.04044e-15 9.04044e-15
5491.5 8.55612e-15 8.55612e-15
5497.79 9.01531e-15 9.01531e-15
5504.07 8.55219e-15 8.55219e-15
5510.35 8.99091e-15 8.99091e-15
5516.64 8.54815e-15 8.54815e-15
5522.92 8.9672e-15 8.9672e-15
5529.2 8.544e-15 8.544e-15
5535.49 8.94418e-15 8.94418e-15
5541.77 8.53976e-15 8.53976e-15
5548.05 8.92182e-15 8.92182e-15
5554.34 8.53543e-15 8.53543e-15
5560.62 8.90009e-15 8.90009e-15
5566.9 8.53102e-15 8.53102e-15
5573.19 8.87899e-15 8.87899e-15
5579.47 8.52653e-15 8.52653e-15
5585.75 8.85848e-15 8.85848e-15
5592.03 8.52198e-15 8.52198e-15
5598.32 8.83854e-15 8.83854e-15
5604.6 8.51737e-15 8.51737e-15
5610.88 8.81918e-15 8.81918e-15
5617.17 8.51271e-15 8.51271e-15
5623.45 8.80035e-15 8.80035e-15
5629.73 8.508e-15 8.508e-15
5636.02 8.78206e-15 8.78206e-15
5642.3 8.50326e-15 8.50326e-15
5648.58 8.76428e-15 8.76428e-15
5654.87 8.49848e-15 8.49848e-15
5661.15 8.747e-15 8.747e-15
5667.43 8.49367e-15 8.49367e-15
5673.72 8.73021e-15 8.73021e-15
5680 8.48885e-15 8.48885e-15
5686.28 8.71389e-15 8.71389e-15
5692.57 8.48401e-15 8.48401e-15
5698.85 8.69802e-15 8.69802e-15
5705.13 8.47916e-15 8.47916e-15
5711.42 8.6826e-15 8.6826e-15
5717.7 8.4743e-15 8.4743e-15
5723.98 8.66762e-15 8.66762e-15
5730.27 8.46945e-15 8.46945e-15
5736.55 8.65306e-15 8.65306e-15
5742.83 8.46461e-15 8.46461e-15
5749.11 8.63891e-15 8.63891e-15
5755.4 8.45978e-15 8.45978e-15
5761.68 8.62516e-15 8.62516e-15
5767.96 8.45497e-15 8.45497e-15
5774.25 8.61181e-15 8.61181e-15
5780.53 8.45017e-15 8.45017e-15
5786.81 8.59883e-15 8.59883e-15
5793.1 8.44541e-15 8.44541e-15
5799.38 8.58623e-15 8.58623e-15
5805.66 8.44067e-15 8.44067e-15
5811.95 8.57399e-15 8.57399e-15
5818.23 8.43597e-15 8.43597e-15
5824.51 8.5621e-15 8.5621e-15
5830.8 8.43131e-15 8.43131e-15
5837.08 8.55056e-15 8.55056e-15
5843.36 8.42669e-15 8.42669e-15
5849.65 8.53936e-15 8.53936e-15
5855.93 8.42212e-15 8.42212e-15
5862.21 8.52849e-15 8.52849e-15
5868.5 8.4176e-15 8.4176e-15
5874.78 8.51795e-15 8.51795e-15
5881.06 8.41313e-15 8.41313e-15
5887.34 8.50772e-15 8.50772e-15
5893.63 8.40872e-15 8.40872e-15
5899.91 8.4978e-15 8.4978e-15
5906.19 8.40437e-15 8.40437e-15
5912.48 8.48819e-15 8.48819e-15
5918.76 8.40008e-15 8.40008e-15
5925.04 8.47887e-15 8.47887e-15
5931.33 8.39587e-15 8.39587e-15
5937.61 8.46985e-15 8.46985e-15
5943.89 8.39172e-15 8.39172e-15
5950.18 8.46111e-15 8.46111e-15
5956.46 8.38764e-15 8.38764e-15
5962.74 8.45266e-15 8.45266e-15
5969.03 8.38364e-15 8.38364e-15
5975.31 8.44448e-15 8.44448e-15
5981.59 8.37972e-15 8.37972e-15
5987.88 8.43658e-15 8.43658e-15
5994.16 8.37588e-15 8.37588e-15
6000.44 8.42894e-15 8.42894e-15
6006.73 8.37212e-15 8.37212e-15
6013.01 8.42156e-15 8.42156e-15
6019.29 8.36845e-15 8.36845e-15
6025.57 8.41444e-15 8.41444e-15
6031.86 8.36487e-15 8.36487e-15
6038.14 8.40757e-15 8.40757e-15
6044.42 8.36137e-15 8.36137e-15
6050.71 8.40096e-15 8.40096e-15
6056.99 8.35797e-15 8.35797e-15
6063.27 8.39459e-15 8.39459e-15
6069.56 8.35466e-15 8.35466e-15
6075.84 8.38846e-15 8.38846e-15
6082.12 8.35145e-15 8.35145e-15
6088.41 8.38258e-15 8.38258e-15
6094.69 8.34834e-15 8.34834e-15
6100.97 8.37693e-15 8.37693e-15
6107.26 8.34532e-15 8.34532e-15
6113.54 8.37151e-15 8.37151e-15
6119.82 8.34241e-15 8.34241e-15
6126.11 8.36633e-15 8.36633e-15
6132.39 8.33959e-15 8.33959e-15
6138.67 8.36137e-15 8.36137e-15
6144.96 8.33689e-15 8.33689e-15
6151.24 8.35663e-15 8.35663e-15
6157.52 8.33428e-15 8.33428e-15
6163.8 8.35212e-15 8.35212e-15
6170.09 8.33179e-15 8.33179e-15
6176.37 8.34783e-15 8.34783e-15
6182.65 8.3294e-15 8.3294e-15
6188.94 8.34376e-15 8.34376e-15
6195.22 8.32712e-15 8.32712e-15
6201.5 8.3399e-15 8.3399e-15
6207.79 8.32495e-15 8.32495e-15
6214.07 8.33626e-15 8.33626e-15
6220.35 8.3229e-15 8.3229e-15
6226.64 8.33283e-15 8.33283e-15
6232.92 8.32095e-15 8.32095e-15
6239.2 8.32961e-15 8.32961e-15
6245.49 8.31912e-15 8.31912e-15
6251.77 8.3266e-15 8.3266e-15
6258.05 8.3174e-15 8.3174e-15
6264.34 8.3238e-15 8.3238e-15
6270.62 8.3158e-15 8.3158e-15
6276.9 8.3212e-15 8.3212e-15
6283.19 8.31432e-15 8.31432e-15
6289.47 8.31881e-15 8.31881e-15
6295.75 8.31295e-15 8.31295e-15
6302.03 8.31662e-15 8.31662e-15
6308.32 8.31169e-15 8.31169e-15
6314.6 8.31463e-15 8.31463e-15
6320.88 8.31056e-15 8.31056e-15
6327.17 8.31284e-15 8.31284e-15
6333.45 8.30954e-15 8.30954e-15
6339.73 8.31126e-15 8.31126e-15
6346.02 8.30864e-15 8.30864e-15
6352.3 8.30987e-15 8.30987e-15
6358.58 8.30786e-15 8.30786e-15
6364.87 8.30869e-15 8.30869e-15
6371.15 8.3072e-15 8.3072e-15
6377.43 8.3077e-15 8.3077e-15
6383.72 8.30666e-15 8.30666e-15
6390 8.30691e-15 8.30691e-15
6396.28 8.30624e-15 8.30624e-15
6402.57 8.30632e-15 8.30632e-15
6408.85 8.30594e-15 8.30594e-15
6415.13 8.30592e-15 8.30592e-15
6421.42 8.30576e-15 8.30576e-15
6427.7 8.30573e-15 8.30573e-15
6433.98 8.3057e-15 8.3057e-15
